1 0 0 0 0 1 0 0 -0 0 1 0
1 0.000472428 -0.000290702 -0.00175895 -0.000472396 1 0.000108919 -0.00843939 0.000290753 -0.000108782 1 0.00650106
1 0.000587519 -0.000228964 0.00265552 -0.000587495 1 0.000103156 0.00217415 0.000229025 -0.000103021 1 0.00585115
1 0.000344105 -0.000190257 -0.00550943 -0.000344074 1 0.000158407 -0.00963251 0.000190311 -0.000158341 1 0.0107482
1 0.000536988 -0.000181954 -0.000810006 -0.000536957 1 0.000169617 -0.015744 0.000182045 -0.000169519 1 0.00762425
1 0.000567833 -0.000198792 0.000449688 -0.000567803 1 0.000154923 0.000555205 0.00019888 -0.00015481 1 0.00392613
1 0.000635394 -0.000218237 -0.00675044 -0.000635363 1 0.00014085 0.000246901 0.000218327 -0.000140712 1 0.00562262
1 0.000597113 -0.000151299 -5.00713e-05 -0.000597103 1 6.26441e-05 -0.00574377 0.000151337 -6.25538e-05 1 0.00870839
1 0.000387041 -0.000168751 -0.00486828 -0.000387028 1 7.5745e-05 -0.00811004 0.00016878 -7.56797e-05 1 0.00709876
1 0.000699064 -0.000174788 -0.00150469 -0.000699067 1 -2.06361e-05 -0.000335779 0.000174774 2.07583e-05 1 0.0077693
1 0.000430823 -0.000194668 -0.00456051 -0.000430786 1 0.000186894 -0.00945123 0.000194749 -0.00018681 1 0.00498857
1 0.00063839 -0.000189082 -0.00164956 -0.000638386 1 2.44074e-05 0.00498687 0.000189098 -2.42866e-05 1 0.00510017
1 0.000490036 -0.000253286 0.000126923 -0.000490011 1 9.62974e-05 -0.00839913 0.000253334 -9.61733e-05 1 0.00387052
1 0.000472119 2.37109e-05 -0.0209609 -0.000472114 1 -0.000185165 0.00146425 -2.37984e-05 0.000185153 1 0.010051
0.999999 0.000586732 -0.00108018 -0.0508195 -0.000587592 1 -0.000795812 0.0108177 0.00107971 0.000796446 0.999999 0.0111404
0.999998 0.000383741 -0.00197206 -0.070144 -0.00038462 1 -0.000445229 0.0154412 0.00197188 0.000445986 0.999998 0.0228436
0.999995 0.000466821 -0.00303521 -0.0800633 -0.000467862 1 -0.000342113 0.0211497 0.00303505 0.000343531 0.999995 0.0108756
0.999995 0.000701372 -0.0029189 -0.0448975 -0.000701705 1 -0.000112963 0.0244693 0.00291882 0.00011501 0.999996 0.0129465
0.999996 0.00105275 -0.00261607 -0.00837366 -0.00105246 0.999999 0.00011179 0.0431048 0.00261619 -0.000109036 0.999997 0.0121642
0.999997 0.000577684 -0.00230971 0.0209987 -0.000577326 1 0.000155734 0.0254173 0.0023098 -0.0001544 0.999997 0.0137545
0.999997 0.000686324 -0.00247272 0.00908335 -0.000686323 1 1.30915e-06 0.0355988 0.00247272 3.87941e-07 0.999997 0.0125269
0.999996 0.000611079 -0.00277228 0.0239051 -0.000611635 1 -0.000199443 0.045702 0.00277216 0.000201138 0.999996 0.013118
0.999995 0.000535436 -0.00299824 0.0314692 -0.000535822 1 -0.000127969 0.0431104 0.00299818 0.000129575 0.999995 0.0127911
0.999993 0.000585012 -0.00370214 0.0706003 -0.0005865 1 -0.000401077 0.0530569 0.0037019 0.000403246 0.999993 0.00839138
0.999989 0.000166337 -0.00460998 0.155587 -0.000168031 1 -0.000367224 0.0227694 0.00460992 0.000367994 0.999989 0.000941224
0.999982 -0.000271178 -0.00604256 0.260093 0.000268863 1 -0.000383861 0.000915274 0.00604267 0.000382229 0.999982 -0.0148147
0.999975 5.70931e-05 -0.007032 0.313918 -5.9965e-05 1 -0.00040819 0.0345274 0.00703198 0.000408601 0.999975 -0.0163322
0.999972 -0.000332071 -0.00749712 0.36922 0.000330054 1 -0.000270248 0.0304881 0.00749721 0.000267766 0.999972 -0.0142347
0.999971 -0.000727918 -0.0075602 0.436694 0.000726076 1 -0.00024649 0.0281529 0.00756037 0.000240993 0.999971 -0.015181
0.999972 -0.00114713 -0.00737012 0.509415 0.0011472 0.999999 4.56867e-06 0.0289119 0.00737011 -1.30235e-05 0.999973 -0.0124126
0.99997 -0.0013258 -0.00758384 0.614101 0.00132519 0.999999 -8.5639e-05 0.0466515 0.00758394 7.55864e-05 0.999971 -0.0149177
0.999969 -0.00181508 -0.00767102 0.729338 0.00181241 0.999998 -0.000355424 0.0390767 0.00767165 0.00034151 0.999971 -0.0180616
0.999968 -0.00194544 -0.00781668 0.862528 0.00194389 0.999998 -0.000206362 0.0397759 0.00781707 0.000191161 0.999969 -0.0256625
0.999966 -0.00271852 -0.00773535 0.992666 0.00272112 0.999996 0.000325536 0.0280945 0.00773444 -0.000346574 0.99997 -0.0325392
0.99997 -0.00297773 -0.00716541 1.12549 0.0029811 0.999995 0.000459655 0.0429631 0.00716401 -0.000481002 0.999974 -0.0315177
0.99997 -0.00283374 -0.00715036 1.26507 0.00283401 0.999996 2.81737e-05 0.0729295 0.00715025 -4.84371e-05 0.999974 -0.0347545
0.999969 -0.00323964 -0.00716168 1.42864 0.00324239 0.999995 0.000372662 0.0756223 0.00716043 -0.000395871 0.999974 -0.0452066
0.999971 -0.00379358 -0.00666622 1.6099 0.00379719 0.999993 0.00052773 0.0851967 0.00666417 -0.000553028 0.999978 -0.054258
0.999969 -0.00449757 -0.00639007 1.76815 0.00450494 0.999989 0.00113976 0.0932995 0.00638487 -0.00116851 0.999979 -0.0599624
0.999966 -0.00504221 -0.00656635 1.9614 0.00505602 0.999985 0.0020883 0.106399 0.00655573 -0.00212143 0.999976 -0.0602889
0.999967 -0.00538726 -0.00615753 2.14602 0.00541197 0.999977 0.00400237 0.139416 0.00613583 -0.00403556 0.999973 -0.0724023
0.999967 -0.00583439 -0.00560339 2.35523 0.00586063 0.999972 0.00467872 0.156453 0.00557594 -0.00471141 0.999973 -0.0643937
0.999963 -0.00646697 -0.00569609 2.58968 0.00649944 0.999963 0.00570124 0.163038 0.00565901 -0.00573805 0.999968 -0.0821276
0.999961 -0.00737602 -0.00487497 2.81042 0.00740674 0.999953 0.00631293 0.159208 0.00482817 -0.00634879 0.999968 -0.0784267
0.999958 -0.00790011 -0.00472503 3.08544 0.00793291 0.999944 0.006964 0.167535 0.00466975 -0.00700118 0.999965 -0.0866351
0.999957 -0.00841579 -0.00401991 3.313 0.00844147 0.999944 0.00641468 0.19009 0.0039657 -0.00644833 0.999971 -0.101625
0.999941 -0.0093719 -0.00554739 3.58664 0.00939874 0.999944 0.00483212 0.193009 0.00550179 -0.00488397 0.999973 -0.106984
0.999916 -0.00993339 -0.00830583 3.85932 0.00997491 0.999938 0.00497226 0.199014 0.00825593 -0.00505469 0.999953 -0.112161
0.999873 -0.0106543 -0.0118296 4.14374 0.0106769 0.999941 0.0018515 0.204175 0.0118091 -0.00197756 0.999928 -0.103526
0.999828 -0.0105508 -0.0152814 4.4292 0.0105199 0.999942 -0.00210136 0.258518 0.0153027 0.00194024 0.999881 -0.10273
0.999788 -0.0112179 -0.0172827 4.73514 0.0111384 0.999927 -0.00468573 0.238907 0.017334 0.00449224 0.99984 -0.106522
0.999759 -0.0117479 -0.0185465 5.03444 0.0116044 0.999902 -0.00782436 0.255764 0.0186366 0.00760725 0.999797 -0.112777
0.999752 -0.0116959 -0.0189674 5.35724 0.0115051 0.999882 -0.0101403 0.272089 0.0190838 0.00991953 0.999769 -0.117163
0.999741 -0.0117701 -0.0194687 5.66491 0.0115328 0.999858 -0.0122559 0.301353 0.0196102 0.0120282 0.999735 -0.128337
0.999714 -0.0125618 -0.0203362 6.01788 0.0123389 0.999863 -0.0110514 0.316933 0.0204722 0.0107973 0.999732 -0.145963
0.999766 -0.0130387 -0.0172713 6.32356 0.0129199 0.999892 -0.00697569 0.34131 0.0173604 0.00675091 0.999827 -0.155235
0.999867 -0.0137882 -0.0086976 6.68968 0.0137609 0.9999 -0.00319278 0.378732 0.00874075 0.00307267 0.999957 -0.1661
0.999877 -0.0153587 0.00315226 7.04723 0.0153598 0.999882 -0.000328235 0.397189 -0.00314684 0.000376613 0.999995 -0.182867
0.999744 -0.0162911 0.0157021 7.41662 0.0163057 0.999867 -0.000808238 0.439437 -0.0156868 0.00106406 0.999876 -0.207552
0.999588 -0.0180245 0.0223374 7.76721 0.0181325 0.999825 -0.00464086 0.436901 -0.0222498 0.00504398 0.99974 -0.221166
0.999576 -0.0194248 0.0216954 8.15282 0.0196086 0.999773 -0.00828963 0.430092 -0.0215295 0.00871153 0.99973 -0.228551
0.99962 -0.0202661 0.0186744 8.52851 0.0204268 0.999756 -0.00845772 0.469322 -0.0184984 0.00883596 0.99979 -0.253128
0.999601 -0.0218963 0.0178597 8.9139 0.0219989 0.999742 -0.00557102 0.505805 -0.0177331 0.00596169 0.999825 -0.277204
0.999587 -0.0235117 0.0165097 9.30019 0.0235497 0.99972 -0.00211248 0.534762 -0.0164554 0.00250041 0.999861 -0.298182
0.999618 -0.0252432 0.0112927 9.69321 0.0252422 0.999681 0.000229786 0.535451 -0.0112949 5.53555e-05 0.999936 -0.312896
0.999645 -0.026304 0.00427685 10.146 0.0262932 0.999651 0.00256077 0.58537 -0.00434271 -0.00244741 0.999988 -0.323995
0.999633 -0.0271035 0.000171096 10.5664 0.027103 0.999629 0.00263179 0.639118 -0.000242363 -0.00262619 0.999997 -0.351241
0.999602 -0.0282177 -0.000385672 11.0168 0.0282185 0.999599 0.00249439 0.66328 0.000315132 -0.00250428 0.999997 -0.372659
0.999584 -0.0288414 -0.000457016 11.4661 0.028843 0.999576 0.00397149 0.696469 0.000342279 -0.00398302 0.999992 -0.398675
0.999553 -0.0298904 0.000669345 11.9414 0.0298861 0.999537 0.00570824 0.738668 -0.000839657 -0.00568568 0.999983 -0.40837
0.99951 -0.0312984 0.000239019 12.4069 0.0312963 0.999491 0.00622516 0.762644 -0.000433735 -0.00621463 0.999981 -0.42252
0.999482 -0.0321751 -0.00117235 12.9044 0.0321805 0.99947 0.00495968 0.809592 0.00101215 -0.00499484 0.999987 -0.435622
0.999456 -0.032855 -0.00299229 13.3924 0.0328663 0.999453 0.00380496 0.855078 0.00286564 -0.00390123 0.999988 -0.454777
0.999435 -0.0333584 -0.00406204 13.8972 0.0333735 0.999436 0.00372373 0.91523 0.00393553 -0.00385719 0.999985 -0.474337
0.999374 -0.0350766 -0.00451035 14.4538 0.0351002 0.99937 0.00525703 0.930638 0.00432311 -0.00541206 0.999976 -0.496251
0.999319 -0.036653 -0.00433163 14.9937 0.0366814 0.999305 0.00666036 0.946618 0.0040845 -0.00681471 0.999968 -0.509877
0.9993 -0.0373856 -0.00166587 15.547 0.0373957 0.999279 0.00649826 1.03949 0.00142172 -0.006556 0.999977 -0.523073
0.999248 -0.0387663 0.00107082 16.0968 0.038762 0.999241 0.00378 1.05432 -0.00121654 -0.00373565 0.999992 -0.543076
0.999238 -0.0389859 0.00203762 16.6652 0.0389811 0.999237 0.00234626 1.11761 -0.00212753 -0.00226504 0.999995 -0.573783
0.999198 -0.0399811 0.00211467 17.249 0.0399766 0.999198 0.00212411 1.15912 -0.0021979 -0.00203787 0.999996 -0.602748
0.999136 -0.0414916 0.00219233 17.8159 0.041482 0.99913 0.00424735 1.18843 -0.00236665 -0.00415274 0.999989 -0.614686
0.999077 -0.0429196 0.00195762 18.379 0.0429081 0.999064 0.0055685 1.23785 -0.00219479 -0.00547937 0.999983 -0.630168
0.999009 -0.0443654 0.00345249 18.9727 0.0443462 0.999001 0.00544974 1.30163 -0.00369082 -0.00529123 0.999979 -0.649698
0.998947 -0.045737 0.00352432 19.5676 0.0457289 0.998951 0.00233122 1.3574 -0.00362725 -0.0021676 0.999991 -0.671885
0.998896 -0.0468968 0.00287206 20.1498 0.0468949 0.9989 0.000697055 1.39174 -0.00290159 -0.000561601 0.999996 -0.696053
0.99887 -0.0474805 0.00182781 20.7716 0.0474823 0.998872 -0.000923071 1.46075 -0.00178192 0.00100882 0.999998 -0.714342
0.998845 -0.0480544 0.000460413 21.3765 0.0480548 0.998844 -0.000796239 1.52141 -0.000421618 0.000817444 1 -0.733137
0.998815 -0.0486677 -0.000849298 21.9727 0.0486674 0.998815 -0.000385411 1.58885 0.000867049 0.000343622 1 -0.755712
0.998775 -0.049441 -0.00192944 22.6126 0.049441 0.998777 -3.81241e-05 1.63806 0.00192897 -5.73163e-05 0.999998 -0.77731
0.99873 -0.0503139 -0.00254319 23.1967 0.0503156 0.998733 0.000617619 1.67728 0.00250889 -0.000744797 0.999997 -0.798159
0.998721 -0.0504685 -0.00291002 23.8459 0.0504705 0.998725 0.000605008 1.73246 0.00287578 -0.000751105 0.999996 -0.805142
0.998733 -0.0502592 -0.00239886 24.463 0.0502601 0.998736 0.000289776 1.79679 0.00238127 -0.000409976 0.999997 -0.838385
0.998748 -0.0500119 -0.00121338 25.1212 0.0500125 0.998748 0.000490046 1.85807 0.00118735 -0.000550117 0.999999 -0.861649
0.998766 -0.049635 0.00148572 25.7552 0.0496327 0.998766 0.00155171 1.90265 -0.0015609 -0.00147605 0.999998 -0.889167
0.998785 -0.0491199 0.00399474 26.4047 0.0491122 0.998791 0.001998 1.96798 -0.00408805 -0.00179939 0.99999 -0.916928
0.9988 -0.0487629 0.00464804 27.0841 0.0487553 0.998809 0.00174397 2.02362 -0.00472754 -0.00151526 0.999988 -0.950994
0.9988 -0.0488027 0.0042088 27.7683 0.0487985 0.998808 0.00109837 2.05637 -0.00425739 -0.000891668 0.999991 -0.972479
0.998856 -0.0477765 0.00178284 28.4805 0.0477746 0.998858 0.00109895 2.11165 -0.0018333 -0.00101252 0.999998 -1.00457
0.998911 -0.0466484 -0.000420853 29.1635 0.0466492 0.998909 0.00202732 2.18555 0.000325822 -0.00204475 0.999998 -1.02825
0.998958 -0.0455536 -0.00295773 29.9026 0.0455602 0.998959 0.00220356 2.23928 0.00285427 -0.00233602 0.999993 -1.04509
0.999017 -0.0441362 -0.00423404 30.5817 0.0441449 0.999023 0.00199631 2.29874 0.00414179 -0.00218126 0.999989 -1.05564
0.999111 -0.0418118 -0.00532301 31.3166 0.0418222 0.999123 0.00187181 2.35259 0.00524008 -0.00209277 0.999984 -1.08587
0.999249 -0.0386398 -0.00281129 32.0501 0.0386514 0.999244 0.00421119 2.41972 0.00264645 -0.00431669 0.999987 -1.1246
0.999351 -0.0359873 0.00134752 32.7865 0.0359781 0.999333 0.00629611 2.46318 -0.0015732 -0.00624354 0.999979 -1.14176
0.999421 -0.0336288 0.0052139 33.5154 0.0336038 0.999424 0.00481932 2.5282 -0.00537296 -0.00464132 0.999975 -1.14875
0.99951 -0.0309109 0.00501511 34.2411 0.0309034 0.999521 0.00155602 2.55243 -0.0050608 -0.00140028 0.999986 -1.18853
0.999627 -0.0271011 0.00348421 34.973 0.0270982 0.999632 0.000866837 2.61577 -0.00350642 -0.000772097 0.999994 -1.23222
0.999702 -0.0243054 0.00215936 35.7154 0.0243009 0.999703 0.00205859 2.63039 -0.00220875 -0.00200551 0.999996 -1.25583
0.99978 -0.0209922 0.00022917 36.4361 0.0209913 0.999774 0.0033996 2.68938 -0.000300483 -0.00339404 0.999994 -1.27637
0.999835 -0.0180661 -0.0017113 37.1931 0.018075 0.999822 0.00537841 2.71256 0.00161383 -0.00540845 0.999984 -1.30319
0.999896 -0.0143225 -0.00183883 37.8941 0.0143343 0.999875 0.00660222 2.77403 0.00174404 -0.00662789 0.999977 -1.31073
0.999934 -0.0109773 -0.00333921 38.627 0.0109956 0.999924 0.00552207 2.77428 0.00327834 -0.00555842 0.999979 -1.33085
0.999952 -0.00697512 -0.00683637 39.339 0.00700653 0.999965 0.00458205 2.80075 0.00680417 -0.00462973 0.999966 -1.35491
0.999958 -0.00226491 -0.00888633 40.0378 0.00232372 0.999975 0.00661329 2.80308 0.00887113 -0.00663366 0.999939 -1.374
0.99996 0.00320888 -0.00829353 40.7639 -0.00313325 0.999954 0.00911587 2.87302 0.0083224 -0.00908952 0.999924 -1.38988
0.999946 0.00784496 -0.00683684 41.475 -0.00777284 0.999915 0.0105119 2.87913 0.00691872 -0.0104582 0.999921 -1.40687
0.999895 0.0129556 -0.00645659 42.1808 -0.0128859 0.99986 0.0107128 2.88431 0.00659447 -0.0106285 0.999922 -1.42347
0.999817 0.0183827 -0.00523515 42.8869 -0.0183159 0.999754 0.0125317 2.87778 0.00546422 -0.0124335 0.999908 -1.4329
0.999698 0.0244419 -0.00259146 43.5677 -0.0244066 0.999619 0.0128747 2.89937 0.00290515 -0.0128076 0.999914 -1.45148
0.999519 0.0309752 0.00123642 44.2463 -0.0309879 0.999447 0.0120987 2.90992 -0.000860979 -0.0121312 0.999926 -1.47636
0.999294 0.0372452 0.00495056 44.9579 -0.0373003 0.999238 0.0115343 2.90885 -0.00451718 -0.0117108 0.999921 -1.50018
0.999028 0.0435172 0.0069678 45.6715 -0.0435871 0.998997 0.010225 2.90999 -0.00651586 -0.0105187 0.999923 -1.53415
0.998749 0.0495555 0.00673042 46.3443 -0.0496188 0.998722 0.00958993 2.88843 -0.00624659 -0.00991189 0.999931 -1.55138
0.998445 0.055457 0.00565848 47.0377 -0.0555103 0.998411 0.00973779 2.89055 -0.00510946 -0.0100368 0.999937 -1.57153
0.998184 0.0601467 0.00346945 47.7232 -0.0601778 0.99814 0.00970679 2.85768 -0.00287916 -0.00989794 0.999947 -1.60932
0.997893 0.064858 0.00195406 48.3926 -0.0648748 0.997839 0.0103907 2.80123 -0.00127592 -0.0104955 0.999944 -1.62196
0.997559 0.0697964 0.00201941 49.0837 -0.0698144 0.9975 0.0109357 2.76264 -0.00125109 -0.0110499 0.999938 -1.64945
0.99716 0.0751634 0.00476189 49.7819 -0.0752108 0.99711 0.0107086 2.74873 -0.00394323 -0.0110363 0.999931 -1.66112
0.996746 0.0804482 0.00500043 50.4881 -0.0804884 0.99672 0.00844439 2.73088 -0.00430469 -0.00881939 0.999952 -1.69596
0.996308 0.0857436 0.0041793 51.2059 -0.0857655 0.996301 0.00536524 2.70124 -0.0037038 -0.00570387 0.999977 -1.71711
0.995961 0.0897747 0.00143755 51.8872 -0.0897784 0.995958 0.00270103 2.66066 -0.00118925 -0.00281919 0.999995 -1.74133
0.995754 0.0920549 0.000144178 52.5688 -0.0920549 0.995749 0.00328835 2.60916 0.000159144 -0.00328766 0.999995 -1.76359
0.99559 0.0938122 -0.000670404 53.2853 -0.093809 0.995583 0.00375165 2.56151 0.00101939 -0.00367222 0.999993 -1.7951
0.995465 0.0951276 -0.00101238 53.9322 -0.0951235 0.995459 0.00353477 2.51115 0.00134403 -0.00342243 0.999993 -1.80232
0.995325 0.096587 -0.000183018 54.6409 -0.0965856 0.995317 0.00380486 2.44966 0.000549661 -0.00376939 0.999993 -1.83495
0.995135 0.09847 0.00326691 55.2947 -0.0984858 0.995125 0.00510518 2.42909 -0.00274828 -0.00540208 0.999982 -1.8621
0.994985 0.0997633 0.00727523 56.0107 -0.0998026 0.994993 0.00524486 2.40037 -0.00671556 -0.00594464 0.99996 -1.87816
0.994845 0.101087 0.00800155 56.7307 -0.101127 0.994862 0.00477231 2.34735 -0.00747802 -0.00555688 0.999957 -1.91091
0.994666 0.102905 0.00706125 57.4069 -0.102939 0.994677 0.00463803 2.299 -0.00654639 -0.00534017 0.999964 -1.92774
0.994526 0.104287 0.00644496 58.1214 -0.104326 0.994526 0.00589571 2.25347 -0.00579483 -0.00653581 0.999962 -1.94912
0.994413 0.105341 0.00678571 58.7947 -0.10538 0.994416 0.00569859 2.1936 -0.00614753 -0.00638183 0.999961 -1.98889
0.99421 0.10721 0.00717898 59.5342 -0.107251 0.994217 0.00551879 2.13612 -0.00654579 -0.00625679 0.999959 -2.02165
0.994028 0.108932 0.00651833 60.2746 -0.108968 0.99403 0.00544063 2.08856 -0.00588676 -0.00611843 0.999964 -2.03662
0.993894 0.110217 0.00509275 60.9501 -0.110245 0.99389 0.00540757 2.04889 -0.00446563 -0.00593601 0.999972 -2.07297
0.993742 0.111637 0.00376897 61.6816 -0.111658 0.99373 0.0057893 1.96911 -0.00309903 -0.00617391 0.999976 -2.09347
0.993532 0.113479 0.00412383 62.394 -0.113505 0.993514 0.00681327 1.9303 -0.00332392 -0.00723728 0.999968 -2.11305
0.993406 0.114593 0.0034884 63.1323 -0.114615 0.993385 0.00705281 1.86822 -0.00265712 -0.00740613 0.999969 -2.14628
0.993236 0.1161 0.0019761 63.843 -0.116111 0.99321 0.00717048 1.80683 -0.0011302 -0.00735142 0.999972 -2.16599
0.993056 0.117636 0.00114865 64.5378 -0.117642 0.993023 0.00807951 1.74094 -0.000190189 -0.00815854 0.999967 -2.18183
0.99287 0.119186 0.00179758 65.2512 -0.119197 0.992838 0.00802404 1.69847 -0.000828354 -0.0081811 0.999966 -2.2119
0.992679 0.120745 0.00294607 65.9641 -0.120764 0.992654 0.0073101 1.63147 -0.00204177 -0.00761237 0.999969 -2.24065
0.992531 0.121925 0.0041376 66.7189 -0.121953 0.992508 0.00742763 1.54402 -0.00320098 -0.00787674 0.999964 -2.26826
0.992395 0.12296 0.00567028 67.4039 -0.123002 0.992377 0.00768601 1.51504 -0.00468198 -0.00832501 0.999954 -2.29813
0.992345 0.123337 0.00623628 68.1171 -0.123382 0.992331 0.00741717 1.43883 -0.00527364 -0.00812984 0.999953 -2.31663
0.992288 0.123875 0.00432145 68.8507 -0.123899 0.992277 0.005971 1.38667 -0.00354841 -0.00646038 0.999973 -2.33677
0.992373 0.123255 0.00209247 69.547 -0.123264 0.992364 0.00452475 1.28826 -0.0015188 -0.00474816 0.999988 -2.35339
0.992342 0.123521 0.000107996 70.2631 -0.12352 0.992332 0.00446777 1.24744 0.000444695 -0.0044469 0.99999 -2.38305
0.992427 0.122827 -0.00117143 70.9557 -0.122822 0.992422 0.0037086 1.20214 0.00161807 -0.00353664 0.999992 -2.40032
0.992639 0.121097 -0.00203373 71.6651 -0.12109 0.992637 0.00312356 1.14296 0.00239701 -0.0028543 0.999993 -2.40946
0.992826 0.119547 -0.0021057 72.3616 -0.11954 0.992825 0.00303569 1.07557 0.00245349 -0.0027622 0.999993 -2.43109
0.992965 0.118393 -0.00193808 73.0528 -0.118388 0.992963 0.00283826 1.02497 0.00226047 -0.00258885 0.999994 -2.46445
0.993199 0.116426 -0.00127829 73.76 -0.116422 0.993196 0.00284635 0.946222 0.00160098 -0.00267817 0.999995 -2.48838
0.993284 0.115704 -0.00012877 74.4323 -0.115703 0.993279 0.00323756 0.930497 0.000502503 -0.00320092 0.999995 -2.51579
0.993452 0.114246 0.00138877 75.1396 -0.114249 0.993447 0.00314482 0.856632 -0.00102039 -0.00328289 0.999994 -2.5339
0.993574 0.113158 0.00258693 75.8103 -0.113165 0.993572 0.00272684 0.80604 -0.00226173 -0.00300207 0.999993 -2.55283
0.993624 0.112711 0.0028798 76.4927 -0.112718 0.993624 0.0023217 0.786289 -0.00259975 -0.0026315 0.999993 -2.56843
0.993748 0.111629 0.00202169 77.1642 -0.111634 0.993746 0.00250543 0.723997 -0.00172937 -0.00271545 0.999995 -2.59408
0.993819 0.111001 0.00137839 77.8782 -0.111005 0.993815 0.00296608 0.657516 -0.00104063 -0.00310076 0.999995 -2.62796
0.993919 0.110105 0.00133093 78.5565 -0.110109 0.993913 0.0036669 0.6016 -0.000919081 -0.00379115 0.999992 -2.63369
0.993893 0.110339 0.00126384 79.2534 -0.110343 0.993886 0.00377351 0.60682 -0.000839747 -0.00388992 0.999992 -2.66664
0.994011 0.10928 0.000723218 79.9088 -0.109281 0.994006 0.00317025 0.516024 -0.00037244 -0.00323029 0.999995 -2.68945
0.993993 0.109443 0.000176916 80.6335 -0.109443 0.993987 0.00351691 0.475399 0.00020905 -0.00351515 0.999994 -2.71666
0.993995 0.109417 0.00148596 81.3042 -0.109423 0.993984 0.00480317 0.437289 -0.000951467 -0.00493692 0.999987 -2.73831
0.99398 0.109525 0.00287128 82.0054 -0.109538 0.99397 0.00496201 0.397082 -0.0023105 -0.00524665 0.999984 -2.76363
0.994021 0.109117 0.00396284 82.6917 -0.10913 0.994022 0.00331852 0.313216 -0.00357705 -0.00373114 0.999987 -2.78596
0.993939 0.109837 0.00465 83.3584 -0.109851 0.993944 0.00292524 0.288681 -0.00430053 -0.00341832 0.999985 -2.80225
0.993994 0.109269 0.00592905 84.0885 -0.10929 0.994004 0.00334564 0.196925 -0.00552792 -0.00397353 0.999977 -2.82902
0.994015 0.108978 0.00757241 84.7573 -0.109002 0.994037 0.00291603 0.163326 -0.00720948 -0.00372399 0.999967 -2.85722
0.993908 0.109939 0.00781543 85.4438 -0.109954 0.993936 0.00143077 0.15635 -0.00761074 -0.00228139 0.999968 -2.87067
0.993923 0.10991 0.00613375 86.1268 -0.109917 0.99394 0.0008292 0.0927746 -0.00600544 -0.00149837 0.999981 -2.89329
0.993909 0.110112 0.00447635 86.7925 -0.110119 0.993918 0.00125839 0.0465778 -0.00431056 -0.00174365 0.999989 -2.91727
0.993929 0.109964 0.00356076 87.4687 -0.109969 0.993934 0.00120841 -0.0307349 -0.00340628 -0.00159265 0.999993 -2.94028
0.993916 0.11013 0.0017851 88.1693 -0.110131 0.993917 0.000421984 -0.0698383 -0.00172777 -0.000616012 0.999998 -2.97307
0.993894 0.11034 0.000755943 88.8288 -0.11034 0.993893 0.00101638 -0.106208 -0.00063918 -0.00109359 0.999999 -2.98804
0.993903 0.110253 0.00138522 89.512 -0.110255 0.993901 0.00199991 -0.153724 -0.00115627 -0.00214044 0.999997 -3.01014
0.993975 0.109594 0.0015549 90.2225 -0.109597 0.993974 0.00204054 -0.241536 -0.0013219 -0.00219866 0.999997 -3.03244
0.994009 0.109301 0.000366054 90.8685 -0.109301 0.994008 0.000749217 -0.298161 -0.000281971 -0.000784738 1 -3.0444
0.993957 0.109767 -0.000541649 91.5125 -0.109767 0.993957 -0.000148064 -0.317954 0.000522124 0.000206625 1 -3.07111
0.993908 0.110203 -0.00112055 92.1996 -0.110202 0.993909 0.000784695 -0.357044 0.0012002 -0.000656428 0.999999 -3.10471
0.99393 0.110016 0.000705429 92.8448 -0.110018 0.993924 0.00318591 -0.414242 -0.000350641 -0.00324418 0.999995 -3.13848
0.993936 0.109859 0.00464883 93.4994 -0.109881 0.993933 0.00480368 -0.443094 -0.0040929 -0.00528537 0.999978 -3.14617
0.994027 0.10886 0.0077075 94.1688 -0.108902 0.994039 0.00522069 -0.524042 -0.00709323 -0.00602887 0.999957 -3.1754
0.994005 0.108946 0.00923411 94.8242 -0.108993 0.994032 0.00468601 -0.564359 -0.00866848 -0.00566436 0.999946 -3.19204
0.994006 0.108946 0.00914587 95.4848 -0.108981 0.994038 0.00343531 -0.617245 -0.00871707 -0.00441145 0.999952 -3.21922
0.993922 0.109809 0.00777603 96.1211 -0.109836 0.993945 0.00315088 -0.635818 -0.00738294 -0.00398582 0.999965 -3.23969
0.993967 0.109591 0.00438051 96.8156 -0.109607 0.993968 0.00364386 -0.701481 -0.00395475 -0.00410201 0.999984 -3.26236
0.993974 0.109563 0.00330146 97.4509 -0.109579 0.993963 0.0054283 -0.739291 -0.00268679 -0.00575736 0.99998 -3.28694
0.993968 0.109629 0.00289193 98.0771 -0.109642 0.993959 0.00490983 -0.777606 -0.00233621 -0.0051973 0.999984 -3.29995
0.993896 0.110303 0.00180923 98.7171 -0.11031 0.993886 0.00469101 -0.81376 -0.00128074 -0.00486196 0.999987 -3.32961
0.993955 0.109767 0.00202486 99.3489 -0.109775 0.993947 0.00434097 -0.864884 -0.00153611 -0.00453701 0.999989 -3.34776
0.99393 0.109959 0.00353799 99.9729 -0.109979 0.993916 0.00589461 -0.909031 -0.0028683 -0.00624793 0.999976 -3.3679
0.994034 0.108976 0.00459634 100.613 -0.109002 0.994023 0.00600969 -0.993677 -0.00391396 -0.00647485 0.999971 -3.39414
0.994012 0.10911 0.00592267 101.237 -0.109149 0.994004 0.00653418 -1.02521 -0.00517421 -0.0071415 0.999961 -3.40893
0.99399 0.109277 0.00649232 101.801 -0.109315 0.993989 0.00594072 -1.06757 -0.00580411 -0.00661473 0.999961 -3.4276
0.993951 0.10968 0.00556835 102.454 -0.109701 0.993958 0.00359369 -1.08228 -0.00514055 -0.00418281 0.999978 -3.46175
0.994124 0.108159 -0.00448244 103.044 -0.10813 0.994117 0.00619836 -1.18078 0.00512648 -0.00567725 0.999971 -3.46384
0.993937 0.108821 -0.0157446 103.604 -0.108629 0.994003 0.0125625 -1.17368 0.0170172 -0.010776 0.999797 -3.45901
0.993913 0.108555 -0.0187799 104.165 -0.108252 0.993987 0.016469 -1.21227 0.0204548 -0.0143358 0.999688 -3.46232
0.994018 0.107504 -0.0192669 104.729 -0.107178 0.994091 0.0171968 -1.25549 0.0210017 -0.0150289 0.999666 -3.48373
0.994113 0.107622 -0.0125192 105.297 -0.10739 0.994056 0.0178798 -1.31029 0.014369 -0.0164301 0.999762 -3.48855
0.994099 0.108477 6.5429e-05 105.796 -0.108464 0.993968 0.0161947 -1.31475 0.00169172 -0.0161062 0.999869 -3.52338
0.993949 0.108547 0.0168281 106.323 -0.108843 0.9939 0.0177834 -1.36203 -0.0147951 -0.0195074 0.9997 -3.53861
0.993486 0.109105 0.0328773 106.837 -0.109693 0.993826 0.016633 -1.38412 -0.0308596 -0.0201311 0.999321 -3.57848
0.993292 0.10914 0.0382078 107.39 -0.109642 0.993907 0.0112891 -1.43737 -0.0367429 -0.0154026 0.999206 -3.59741
0.993498 0.109763 0.030227 107.866 -0.109986 0.993916 0.00580179 -1.47879 -0.0294063 -0.00908862 0.999526 -3.60542
0.993754 0.110323 0.016763 108.393 -0.110361 0.993891 0.00134616 -1.49804 -0.016512 -0.00318773 0.999859 -3.62117
0.993891 0.110218 0.00571308 108.893 -0.110228 0.993905 0.00146395 -1.56084 -0.00551691 -0.00208474 0.999983 -3.63807
0.993857 0.110586 -0.00435255 109.348 -0.110558 0.993851 0.00610728 -1.5806 0.00500116 -0.00558855 0.999972 -3.66862
0.993772 0.111079 -0.00887296 109.817 -0.110988 0.993769 0.0102216 -1.56877 0.00995308 -0.00917318 0.999908 -3.68595
0.993891 0.110063 -0.00818704 110.263 -0.109982 0.993886 0.00969821 -1.65623 0.0092044 -0.00873854 0.999919 -3.69277
0.993838 0.110749 -0.00446071 110.746 -0.110712 0.993823 0.00770353 -1.66349 0.00528631 -0.00716221 0.99996 -3.71047
0.993873 0.110521 -0.00126038 111.194 -0.110512 0.99386 0.00547334 -1.71876 0.00185756 -0.00530051 0.999984 -3.71698
0.993893 0.110343 0.000912125 111.664 -0.110347 0.993873 0.00635835 -1.77529 -0.000204937 -0.00642017 0.999979 -3.72445
0.993966 0.10966 0.00260709 112.097 -0.109676 0.993941 0.00725134 -1.82706 -0.00179611 -0.00749352 0.99997 -3.74446
0.993959 0.109707 0.00314909 112.568 -0.109724 0.993944 0.00591807 -1.84665 -0.00248077 -0.00622785 0.999978 -3.7599
0.993841 0.110742 0.00394463 113.022 -0.110763 0.993832 0.00541211 -1.87982 -0.00332095 -0.0058157 0.999978 -3.78269
0.993876 0.11037 0.00546263 113.479 -0.110404 0.993867 0.00622608 -1.93912 -0.00474196 -0.00679104 0.999966 -3.80593
0.993795 0.111027 0.00671108 113.93 -0.111079 0.993781 0.00782339 -1.93007 -0.00580074 -0.0085203 0.999947 -3.82483
0.993776 0.111052 0.00880261 114.365 -0.11114 0.993752 0.0102513 -1.95494 -0.00760918 -0.0111658 0.999909 -3.82732
0.993721 0.111432 0.010072 114.812 -0.111527 0.993717 0.00942949 -1.96791 -0.008958 -0.0104936 0.999905 -3.83328
0.993878 0.11015 0.00862194 115.243 -0.110208 0.993888 0.00645559 -2.04862 -0.00785815 -0.00736627 0.999942 -3.84711
0.993828 0.110799 0.00538676 115.654 -0.110818 0.993835 0.00327155 -2.04325 -0.00499107 -0.00384831 0.99998 -3.8613
0.993928 0.110015 0.00173486 116.043 -0.110018 0.993928 0.00189704 -2.09746 -0.00151562 -0.00207638 0.999997 -3.87639
0.994009 0.109293 -0.000483116 116.432 -0.109292 0.994007 0.00229431 -2.14479 0.000730973 -0.00222777 0.999997 -3.89956
0.993995 0.109413 -0.00146471 116.791 -0.10941 0.993994 0.00227946 -2.16724 0.00170532 -0.00210552 0.999996 -3.89977
0.994048 0.108909 -0.00273897 117.16 -0.108903 0.99405 0.0023336 -2.20477 0.00297682 -0.00202143 0.999994 -3.90926
0.994041 0.108963 -0.00323389 117.536 -0.108957 0.994044 0.00211182 -2.23281 0.00344474 -0.00174688 0.999993 -3.92335
0.99407 0.108699 -0.00300989 117.884 -0.108697 0.994075 0.000955543 -2.24201 0.00309592 -0.000622712 0.999995 -3.93967
0.994054 0.108857 -0.00254579 118.276 -0.108855 0.994057 0.000772215 -2.25546 0.00261473 -0.000490501 0.999996 -3.94761
0.994106 0.1084 -0.00188336 118.638 -0.108399 0.994107 0.000495258 -2.28426 0.00192595 -0.000288184 0.999998 -3.95429
0.994229 0.107274 -0.000971964 118.981 -0.107273 0.994229 0.000488213 -2.32319 0.00101873 -0.00038113 0.999999 -3.95962
0.994216 0.107394 0.00036766 119.367 -0.107394 0.994216 0.000346432 -2.31672 -0.000328329 -0.000383913 1 -3.97751
0.994384 0.105825 0.00111517 119.711 -0.105825 0.994385 -0.000444133 -2.38918 -0.00115591 0.000323626 0.999999 -3.9795
0.994408 0.105601 0.00104924 120.072 -0.105599 0.994408 -0.00145395 -2.39674 -0.00119691 0.00133502 0.999998 -3.99308
0.994485 0.104877 0.000315227 120.434 -0.104876 0.994482 -0.00246373 -2.44016 -0.000571876 0.00241708 0.999997 -4.00352
0.994476 0.104965 2.42924e-05 120.798 -0.104965 0.994474 -0.00199188 -2.44574 -0.000233236 0.00197833 0.999998 -4.0223
0.994554 0.104215 0.00142217 121.145 -0.104214 0.994555 -0.00074949 -2.47766 -0.00149253 0.000597199 0.999999 -4.0407
0.994516 0.104567 0.00202775 121.52 -0.104566 0.994518 -0.000533057 -2.45632 -0.00207237 0.0003181 0.999998 -4.04647
0.994554 0.104207 0.00173807 121.886 -0.104208 0.994555 0.000541361 -2.47993 -0.00167219 -0.000719533 0.999998 -4.05114
0.994606 0.103709 0.00205558 122.244 -0.10371 0.994608 9.36579e-05 -2.5182 -0.00203479 -0.000306337 0.999998 -4.06412
0.994579 0.103975 0.00093523 122.62 -0.103973 0.994579 -0.00169337 -2.53341 -0.00110623 0.00158695 0.999998 -4.07389
0.994541 0.104349 0.000642395 122.962 -0.104348 0.994539 -0.00169316 -2.5513 -0.000815567 0.00161688 0.999998 -4.07891
0.994553 0.104231 0.000104773 123.334 -0.104231 0.994553 -0.000954652 -2.56783 -0.000203707 0.000938531 1 -4.1005
0.994542 0.104338 0.000923934 123.713 -0.104338 0.994542 0.000611679 -2.60945 -0.00085507 -0.000704742 0.999999 -4.11969
0.994577 0.103987 0.00189071 124.106 -0.103989 0.994578 0.00102508 -2.63719 -0.00177387 -0.00121613 0.999998 -4.13467
0.994497 0.104729 0.00263655 124.486 -0.104731 0.9945 0.000617565 -2.63835 -0.00255737 -0.000890295 0.999996 -4.15197
0.994481 0.104875 0.00286015 124.881 -0.104875 0.994485 -0.000136149 -2.6593 -0.00285865 -0.000164559 0.999996 -4.16097
0.994551 0.104148 0.00461793 125.236 -0.104149 0.994562 -3.39431e-05 -2.71385 -0.00459635 -0.000447196 0.999989 -4.16717
0.994534 0.104233 0.0061776 125.652 -0.104236 0.994553 0.00011898 -2.76096 -0.00613155 -0.000762256 0.999981 -4.19014
0.994551 0.10402 0.0069383 126.042 -0.104025 0.994575 0.000271444 -2.80193 -0.00687242 -0.00099172 0.999976 -4.19175
0.994403 0.105485 0.00593665 126.457 -0.105483 0.994421 -0.000644755 -2.77763 -0.00597155 1.49301e-05 0.999982 -4.20927
0.994396 0.105658 0.00359457 126.901 -0.105653 0.994402 -0.001517 -2.78848 -0.00373473 0.00112872 0.999992 -4.24009
0.994462 0.105067 0.00262538 127.325 -0.105064 0.994465 -0.00117788 -2.86969 -0.0027346 0.000895524 0.999996 -4.23926
0.994356 0.106075 0.00184844 127.769 -0.106074 0.994358 -0.000536307 -2.86741 -0.0018949 0.000337209 0.999998 -4.26876
0.994326 0.106343 0.00277102 128.205 -0.106346 0.994328 0.00118034 -2.87887 -0.00262979 -0.00146833 0.999995 -4.28851
0.994377 0.105859 0.00304327 128.631 -0.105866 0.994378 0.00237629 -2.92626 -0.00277461 -0.00268511 0.999993 -4.30774
0.994352 0.106096 0.00291058 129.089 -0.106103 0.994352 0.00249028 -2.93557 -0.00262994 -0.00278504 0.999993 -4.32736
0.994406 0.105603 0.00210234 129.547 -0.10561 0.994401 0.00364077 -3.00369 -0.00170609 -0.00384243 0.999991 -4.34307
0.994371 0.105929 0.0022133 129.997 -0.105938 0.994364 0.00414965 -3.02168 -0.00176126 -0.00436076 0.999989 -4.35085
0.99434 0.106216 0.0022735 130.469 -0.106225 0.994332 0.00441644 -3.04416 -0.00179152 -0.00463295 0.999988 -4.36335
0.994328 0.106345 0.00127058 130.972 -0.10635 0.994318 0.00471726 -3.06673 -0.000761708 -0.00482563 0.999988 -4.38076
0.994324 0.106392 5.56538e-05 131.473 -0.10639 0.994309 0.00546738 -3.1172 0.000526347 -0.00544227 0.999985 -4.39485
0.994314 0.106487 0.000705999 131.931 -0.106489 0.994289 0.00699016 -3.16613 4.23908e-05 -0.0070256 0.999975 -4.41541
0.994234 0.10722 0.00132066 132.438 -0.107227 0.994213 0.00661327 -3.1968 -0.000603937 -0.00671675 0.999977 -4.43304
0.994145 0.108052 0.000765724 132.951 -0.108054 0.994123 0.00661813 -3.22312 -4.61239e-05 -0.00666212 0.999978 -4.44726
0.994174 0.107791 0.000143026 133.471 -0.10779 0.994151 0.00670208 -3.27405 0.000580236 -0.00667844 0.999978 -4.47274
0.994137 0.108122 0.000534888 133.952 -0.108123 0.994112 0.00704983 -3.30708 0.000230506 -0.00706633 0.999975 -4.49414
0.994044 0.108964 0.00166773 134.489 -0.108974 0.994017 0.00738418 -3.32828 -0.000853138 -0.00752194 0.999971 -4.50925
0.993956 0.109769 0.00155183 135.01 -0.109777 0.993932 0.00690072 -3.35496 -0.000784927 -0.00702937 0.999975 -4.52321
0.993945 0.109872 0.00129004 135.54 -0.109878 0.993918 0.00737078 -3.41269 -0.000472351 -0.00746789 0.999972 -4.55039
0.993924 0.110034 0.0027679 136.042 -0.11005 0.993902 0.00690506 -3.43704 -0.00199123 -0.00716772 0.999972 -4.5522
0.993805 0.111097 0.00308125 136.626 -0.111114 0.99379 0.00584593 -3.47476 -0.00241265 -0.00615208 0.999978 -4.58178
0.993828 0.11089 0.0029172 137.11 -0.110905 0.993816 0.00542098 -3.53636 -0.00229802 -0.00571106 0.999981 -4.59472
0.993715 0.111916 0.00219286 137.635 -0.111927 0.993703 0.00520726 -3.54824 -0.00159627 -0.00541998 0.999984 -4.60011
0.99374 0.111689 0.00234246 138.186 -0.111701 0.993726 0.00567982 -3.63064 -0.00169339 -0.00590592 0.999981 -4.6245
0.993645 0.112496 0.00369659 138.67 -0.112516 0.993634 0.00569475 -3.65682 -0.00303242 -0.00607449 0.999977 -4.63886
0.993653 0.112435 0.00358097 139.191 -0.11245 0.993648 0.00421497 -3.70125 -0.00308431 -0.00459089 0.999985 -4.66853
0.993588 0.113035 0.00251123 139.743 -0.11304 0.993588 0.00205392 -3.76506 -0.00226297 -0.00232462 0.999995 -4.67773
0.993604 0.11289 -0.00252128 140.269 -0.112888 0.993607 0.000740349 -3.81847 0.00258874 -0.000450991 0.999997 -4.73273
0.993394 0.114217 -0.0110687 140.747 -0.114162 0.993447 0.00547981 -3.8141 0.0116221 -0.00417998 0.999924 -4.72279
0.99346 0.113107 -0.0156461 141.259 -0.112951 0.993544 0.0105642 -3.85228 0.01674 -0.00872783 0.999822 -4.72379
0.993468 0.112889 -0.0166743 141.78 -0.112715 0.993566 0.0110384 -3.89954 0.0178131 -0.0090869 0.9998 -4.7389
0.993386 0.113674 -0.0162174 142.235 -0.113575 0.993506 0.00685959 -3.92375 0.0168919 -0.00497232 0.999845 -4.72848
0.993437 0.11351 -0.0140828 142.752 -0.11345 0.993531 0.00500782 -4.01387 0.0145601 -0.00337726 0.999888 -4.74364
0.993395 0.114741 -0.000907217 143.212 -0.114737 0.993389 0.00359165 -4.01329 0.00131333 -0.00346383 0.999993 -4.75743
0.993202 0.11522 0.0165835 143.668 -0.11536 0.993294 0.00772216 -4.06311 -0.0155825 -0.00958273 0.999833 -4.76906
0.992765 0.115447 0.0330047 144.209 -0.115747 0.993252 0.00731342 -4.09741 -0.0319376 -0.0110807 0.999428 -4.82988
0.99242 0.116313 0.0396664 144.706 -0.116474 0.993192 0.0017709 -4.1239 -0.0391904 -0.00637759 0.999211 -4.86358
0.992475 0.117461 0.0345941 145.211 -0.117428 0.993077 -0.00300309 -4.15932 -0.0347073 -0.0010818 0.999397 -4.88505
0.992752 0.117529 0.0251044 145.684 -0.117427 0.993066 -0.00550817 -4.20634 -0.0255777 0.00252033 0.99967 -4.91298
0.992968 0.117539 0.0141147 146.211 -0.117473 0.993061 -0.00541552 -4.26465 -0.0146533 0.00371934 0.999886 -4.95295
0.993054 0.117639 0.00240758 146.723 -0.117639 0.993056 0.000195212 -4.31762 -0.00236789 -0.000477082 0.999997 -4.96324
0.993085 0.11731 -0.00452296 147.15 -0.1173 0.993094 0.00233746 -4.33494 0.00476593 -0.00179076 0.999987 -4.96933
0.993027 0.117699 -0.00667518 147.686 -0.117683 0.993047 0.00272573 -4.38074 0.00694959 -0.00192116 0.999974 -4.9972
0.993034 0.117794 -0.00267633 148.161 -0.117786 0.993034 0.00307279 -4.41657 0.00301965 -0.00273615 0.999992 -4.99342
0.993009 0.118026 0.00193435 148.626 -0.118031 0.993007 0.00248578 -4.44427 -0.00162744 -0.00269672 0.999995 -5.00847
0.992937 0.118545 0.00490973 149.146 -0.118557 0.992945 0.00227177 -4.51302 -0.00460578 -0.00283781 0.999985 -5.02076
0.992927 0.118575 0.00605353 149.665 -0.118587 0.992942 0.00179796 -4.55792 -0.00579761 -0.00250312 0.99998 -5.04266
0.992916 0.118674 0.0059214 150.097 -0.118685 0.992931 0.00157325 -4.58813 -0.00569284 -0.00226488 0.999981 -5.06098
0.992889 0.118909 0.00569001 150.642 -0.118919 0.992903 0.00151467 -4.62786 -0.00546952 -0.00218055 0.999983 -5.05884
0.992762 0.120037 0.00391016 151.127 -0.12004 0.992769 0.00048958 -4.62458 -0.00382312 -0.000955411 0.999992 -5.08538
0.992769 0.120016 0.00239977 151.642 -0.120018 0.992771 0.000855908 -4.69183 -0.0022797 -0.00113774 0.999997 -5.09532
0.992715 0.120473 0.00177461 152.113 -0.120476 0.992715 0.00164349 -4.7326 -0.00156369 -0.00184532 0.999997 -5.11347
0.992731 0.120339 0.00187514 152.694 -0.120344 0.992728 0.00279877 -4.80976 -0.00152471 -0.00300409 0.999994 -5.13457
0.992741 0.120248 0.00251764 153.222 -0.120255 0.992739 0.00298531 -4.84909 -0.00214038 -0.0032664 0.999992 -5.15808
0.992696 0.120623 0.00209018 153.774 -0.120627 0.992696 0.0018815 -4.8673 -0.00184796 -0.00211989 0.999996 -5.18204
0.992691 0.120675 0.00162031 154.298 -0.120679 0.992688 0.00254161 -4.90944 -0.00130176 -0.00271857 0.999995 -5.20653
0.992661 0.120909 0.0021689 154.865 -0.120915 0.992659 0.00290654 -4.96348 -0.00180155 -0.00314746 0.999993 -5.24104
0.992764 0.120047 0.00277145 155.392 -0.120057 0.99276 0.00384082 -5.04446 -0.0022903 -0.00414576 0.999989 -5.27451
0.99274 0.120245 0.00302543 155.939 -0.120257 0.992734 0.00406718 -5.06269 -0.00251439 -0.00440148 0.999987 -5.28358
0.992725 0.120373 0.0026863 156.543 -0.120383 0.992719 0.00409486 -5.12319 -0.00217383 -0.00438845 0.999988 -5.31296
0.992721 0.120398 0.00291408 157.113 -0.120411 0.992713 0.0047719 -5.17256 -0.00231832 -0.00508805 0.999984 -5.32729
0.992651 0.120967 0.00318585 157.718 -0.120982 0.99264 0.00530653 -5.19075 -0.00252049 -0.00565296 0.999981 -5.34989
0.992633 0.121087 0.00411908 158.318 -0.12111 0.99262 0.00610261 -5.21521 -0.00334974 -0.00655652 0.999973 -5.36269
0.99266 0.120845 0.00469573 158.929 -0.120873 0.992649 0.00620177 -5.28401 -0.00391176 -0.00672383 0.99997 -5.38557
0.992701 0.120529 0.00423729 159.553 -0.12055 0.992694 0.00510381 -5.34466 -0.00359117 -0.00557736 0.999978 -5.41172
0.992748 0.120177 0.00293769 160.19 -0.12019 0.992739 0.00487063 -5.43059 -0.00233102 -0.00518839 0.999984 -5.44363
0.992715 0.120467 0.00235894 160.824 -0.120477 0.992705 0.00469898 -5.42783 -0.00177566 -0.00494895 0.999986 -5.46352
0.992729 0.120338 0.00270076 161.502 -0.120348 0.992724 0.00404137 -5.47737 -0.00219478 -0.00433702 0.999988 -5.48771
0.992829 0.119531 0.00190224 162.161 -0.119537 0.992823 0.0037611 -5.5364 -0.00143902 -0.00396151 0.999991 -5.51962
0.992963 0.118415 0.00122315 162.793 -0.118419 0.992956 0.00385854 -5.61788 -0.000757624 -0.00397623 0.999992 -5.5369
0.992927 0.118723 0.000401062 163.517 -0.118724 0.992923 0.00279959 -5.64004 -6.58477e-05 -0.00282741 0.999996 -5.55453
0.992961 0.118442 0.000719972 164.203 -0.118443 0.992958 0.00219121 -5.68362 -0.000455372 -0.00226106 0.999997 -5.57482
0.993048 0.117701 0.0012333 164.858 -0.117703 0.993048 0.0014549 -5.75943 -0.00105348 -0.00158995 0.999998 -5.59977
0.99309 0.117352 0.00110137 165.527 -0.117353 0.99309 0.000985323 -5.8185 -0.000978127 -0.00110776 0.999999 -5.61906
0.993131 0.117007 0.00103752 166.208 -0.117009 0.99313 0.00164332 -5.85985 -0.000838111 -0.00175343 0.999998 -5.64191
0.993177 0.116594 0.00248199 166.905 -0.1166 0.993176 0.00229544 -5.9094 -0.00219742 -0.00256918 0.999994 -5.65841
0.993283 0.115634 0.00410123 167.583 -0.115645 0.993288 0.00239874 -5.9989 -0.00379633 -0.00285692 0.999989 -5.67975
0.993315 0.115353 0.00440875 168.272 -0.115362 0.993322 0.00186461 -6.04492 -0.00416422 -0.00236075 0.999989 -5.70767
0.993331 0.115222 0.00427376 168.9 -0.115231 0.993337 0.00194603 -6.02415 -0.00402106 -0.00242552 0.999989 -5.72484
