1 0 0 0 0 1 0 0 -0 0 1 0
0.999999 0.000973272 -0.000332379 -0.00494772 -0.000973512 0.999999 -0.000723183 0.0606994 0.000331675 0.000723506 1 -0.00740305
1 0.000150548 6.90344e-05 0.0146903 -0.000150494 1 -0.000786907 -0.00913741 -6.91528e-05 0.000786897 1 0.0012312
1 0.000831049 9.90262e-05 0.0073243 -0.000830894 0.999998 -0.0015549 0.0601034 -0.000100318 0.00155482 0.999999 0.000174607
1 0.000127482 -0.000507691 0.0153457 -0.000127452 1 5.84936e-05 0.00224241 0.000507698 -5.84289e-05 1 -0.0123212
1 0.000710257 -0.000137807 0.0129552 -0.000710315 1 -0.000420121 0.0322794 0.000137508 0.000420219 1 -0.00529921
1 9.68534e-05 0.000151849 0.0103588 -9.68706e-05 1 0.00011324 -0.00664281 -0.000151838 -0.000113255 1 0.00294531
1 0.000662443 -1.26919e-05 0.0132333 -0.000662435 1 0.000592708 0.0363114 1.30845e-05 -0.000592699 1 0.000846944
1 0.000720142 -0.000400827 0.00826974 -0.000720513 0.999999 -0.000924626 0.0221673 0.000400161 0.000924914 0.999999 -0.0102535
1 0.00065767 -0.000291314 0.0222007 -0.000657856 1 -0.000638556 0.0219724 0.000290894 0.000638747 1 -0.0064193
0.999999 0.00105289 9.17153e-05 0.00728608 -0.00105284 0.999999 -0.000504137 0.045837 -9.22461e-05 0.00050404 1 -0.00166183
1 0.000911858 3.54316e-05 0.0136587 -0.000911845 1 -0.000378334 0.0315293 -3.57765e-05 0.000378302 1 -0.00217884
1 0.000608014 -0.000223868 0.0196443 -0.000607925 1 0.000393857 0.0169226 0.000224107 -0.000393721 1 -0.00899865
0.999999 0.00103906 0.000156524 0.00526133 -0.00103893 0.999999 -0.000774236 0.0691065 -0.000157328 0.000774073 1 0.00260902
1 0.000581148 -0.000560902 -0.00633843 -0.000581375 1 -0.00040546 0.00914153 0.000560666 0.000405786 1 0.00122331
0.999999 0.000829824 -0.00149461 0.00196761 -0.000830433 1 -0.000406853 0.0507271 0.00149427 0.000408094 0.999999 0.0102525
0.999993 0.000623698 -0.00356903 0.0262488 -0.000626862 0.999999 -0.0008855 0.0161457 0.00356848 0.000887732 0.999993 -0.00994484
0.999992 0.00102094 -0.00393896 0.0398603 -0.00102276 0.999999 -0.000460615 0.0624649 0.00393849 0.00046464 0.999992 -0.0155817
0.999994 1.00072e-05 -0.00349054 0.0550093 -8.4943e-06 1 0.000433447 -0.0168058 0.00349054 -0.000433415 0.999994 -0.0141356
0.999995 0.000636366 -0.0030983 0.071633 -0.000636747 1 -0.000121737 0.0432686 0.00309822 0.000123709 0.999995 -0.00827609
0.999995 0.000437026 -0.00314361 0.0976337 -0.000436727 1 9.58483e-05 0.0206312 0.00314365 -9.44749e-05 0.999995 -0.00649605
0.999994 0.000122214 -0.00357243 0.111699 -0.000122663 1 -0.00012553 0.0126508 0.00357242 0.000125968 0.999994 -0.0102352
0.999992 0.000555423 -0.0038942 0.147652 -0.000556853 1 -0.000366076 0.036947 0.003894 0.000368242 0.999992 -0.0110145
0.999991 -0.000359029 -0.00427105 0.181582 0.000356538 1 -0.000583833 -0.00411049 0.00427126 0.000582305 0.999991 -0.0116001
0.999989 -2.4776e-05 -0.00459932 0.217733 2.33761e-05 1 -0.000304421 0.0316714 0.00459933 0.000304311 0.999989 -0.00388168
0.999984 0.000308303 -0.00572827 0.263671 -0.000313439 1 -0.000895645 0.0574098 0.00572799 0.000897425 0.999983 -0.00712607
0.999977 -0.000436561 -0.00670896 0.311618 0.000438672 1 0.0003132 0.0196357 0.00670882 -0.000316136 0.999977 -0.00800892
0.999971 -0.000256738 -0.00756981 0.381062 0.000254622 1 -0.000280441 0.0373592 0.00756988 0.000278506 0.999971 -0.00885426
0.999969 -0.000774785 -0.0078309 0.452557 0.000770576 1 -0.000540485 0.0177734 0.00783131 0.000534434 0.999969 -0.013699
0.999968 -0.000812142 -0.00797608 0.550787 0.000803134 0.999999 -0.00113253 0.0486489 0.00797699 0.00112608 0.999968 -0.015312
0.999966 -0.00181642 -0.00809094 0.631278 0.00181356 0.999998 -0.000360678 0.0102377 0.00809158 0.000345993 0.999967 -0.0129501
0.999964 -0.001375 -0.00834346 0.738578 0.00137208 0.999999 -0.000355744 0.0441037 0.00834394 0.000344283 0.999965 -0.0138831
0.999967 -0.00128725 -0.00797056 0.863508 0.00127759 0.999998 -0.00121649 0.0842099 0.00797211 0.00120627 0.999967 -0.0114421
0.999966 -0.00219284 -0.00790344 0.984304 0.002188 0.999997 -0.000621384 0.0793703 0.00790478 0.00060407 0.999969 -0.0138222
0.999966 -0.0025114 -0.00780392 1.14645 0.00251332 0.999997 0.000235298 0.0749549 0.00780331 -0.000254904 0.99997 -0.0232473
0.999965 -0.00303197 -0.00783223 1.26831 0.00302905 0.999995 -0.000384703 0.0766932 0.00783336 0.000360965 0.999969 -0.0268008
0.999966 -0.00326001 -0.00754681 1.4254 0.00325827 0.999995 -0.000243114 0.0809523 0.00754756 0.000218516 0.999971 -0.0220441
0.999969 -0.00375539 -0.00699234 1.5837 0.00375567 0.999993 2.67785e-05 0.0866004 0.00699219 -5.30386e-05 0.999976 -0.0231172
0.999969 -0.00486397 -0.00613332 1.77143 0.00486203 0.999988 -0.000331645 0.0730243 0.00613486 0.000301814 0.999981 -0.017175
0.999971 -0.00468638 -0.00603812 1.94999 0.00469526 0.999988 0.00145639 0.124782 0.00603122 -0.0014847 0.999981 -0.00720509
0.999967 -0.00525619 -0.00627186 2.15668 0.00527745 0.99998 0.00337938 0.121982 0.00625397 -0.00341237 0.999975 -0.0201163
0.999969 -0.00530919 -0.0058864 2.36736 0.0053384 0.999973 0.00495693 0.151908 0.00585993 -0.0049882 0.99997 -0.0155092
0.999967 -0.00572125 -0.00583087 2.58313 0.00575161 0.99997 0.00520352 0.191552 0.00580093 -0.00523689 0.999969 -0.016262
0.999959 -0.00727667 -0.00547008 2.81755 0.00730993 0.999955 0.0060847 0.141392 0.00542556 -0.00612443 0.999967 -0.0181895
0.999962 -0.00690432 -0.00538768 3.0701 0.00693743 0.999957 0.00615221 0.207828 0.00534497 -0.00618935 0.999967 -0.0199122
0.999954 -0.00841226 -0.0045611 3.32647 0.00844115 0.999944 0.00635043 0.157443 0.00450742 -0.00638864 0.999969 -0.0199938
0.99995 -0.00842428 -0.00538424 3.59288 0.00844833 0.999954 0.0044594 0.210015 0.00534643 -0.00450466 0.999976 -0.0215431
0.99992 -0.0095471 -0.00824364 3.87411 0.00958852 0.999942 0.00500013 0.206829 0.00819542 -0.00507877 0.999954 -0.0177787
0.999877 -0.00980337 -0.0122619 4.12746 0.0098398 0.999947 0.00291426 0.222941 0.0122327 -0.00303456 0.999921 -0.0220768
0.999817 -0.0105083 -0.0160029 4.43444 0.0104869 0.999944 -0.00142306 0.222844 0.016017 0.00125498 0.999871 -0.0213104
0.99978 -0.0103353 -0.0182338 4.74751 0.0102533 0.999937 -0.00458718 0.228093 0.0182801 0.00439922 0.999823 -0.0201718
0.999747 -0.0114167 -0.0193768 5.03729 0.0112697 0.999907 -0.00767923 0.228436 0.0194627 0.00745892 0.999783 -0.0125443
0.999738 -0.011208 -0.0199661 5.35388 0.0110321 0.9999 -0.00890109 0.253705 0.0200638 0.00867849 0.999761 -0.0135559
0.999725 -0.0115986 -0.0203587 5.6871 0.0113459 0.999858 -0.0124833 0.270667 0.0205006 0.0122489 0.999715 -0.00913343
0.999702 -0.0121402 -0.0211713 6.01764 0.0118915 0.999859 -0.0118318 0.295574 0.0213119 0.0115765 0.999706 -0.0105704
0.999747 -0.0119927 -0.019022 6.35962 0.011835 0.999895 -0.00838219 0.340706 0.0191206 0.00815494 0.999784 -0.0113133
0.999847 -0.0136789 -0.0109325 6.69043 0.0136326 0.999898 -0.00429787 0.335187 0.0109901 0.00414817 0.999931 -0.00298477
0.999883 -0.0153051 0.000302984 7.07267 0.0153055 0.999882 -0.00148457 0.365272 -0.000280227 0.00148904 0.999999 -0.0121317
0.999771 -0.0170187 0.0130074 7.44942 0.0170322 0.999855 -0.000927247 0.387979 -0.0129897 0.00114858 0.999915 -0.0329694
0.999601 -0.0187119 0.0211689 7.82339 0.0188024 0.999815 -0.00408438 0.413548 -0.0210885 0.00448077 0.999768 -0.0382735
0.999557 -0.0202536 0.021801 8.1844 0.0204547 0.99975 -0.0090414 0.399721 -0.0216124 0.00948333 0.999721 -0.0353245
0.999595 -0.0212453 0.0189347 8.57633 0.0214176 0.999731 -0.00894444 0.430569 -0.0187396 0.00934636 0.999781 -0.0337805
0.99958 -0.0227054 0.0180242 8.96032 0.0228238 0.999719 -0.00638979 0.452283 -0.0178741 0.00679848 0.999817 -0.0380728
0.999547 -0.0245277 0.0174504 9.34779 0.0245954 0.999691 -0.00367594 0.464245 -0.0173549 0.00410348 0.999841 -0.0291065
0.999607 -0.0252942 0.0120823 9.75314 0.0253057 0.999679 -0.000803001 0.518782 -0.0120581 0.00110844 0.999927 -0.058662
0.999634 -0.0266403 0.00476672 10.1762 0.0266325 0.999644 0.00170209 0.505619 -0.00481036 -0.00157451 0.999987 -0.0714225
0.999628 -0.027289 -0.00016814 10.5959 0.0272893 0.999625 0.00246838 0.568834 0.000100717 -0.00247204 0.999997 -0.0834946
0.999589 -0.0286406 -0.00116527 11.034 0.0286434 0.999587 0.00247661 0.578983 0.00109385 -0.00250897 0.999996 -0.0897175
0.999557 -0.029727 -0.00131014 11.5259 0.0297305 0.999554 0.00272198 0.595875 0.00122864 -0.00275972 0.999995 -0.0964663
0.99954 -0.0303358 0.000191508 11.9714 0.0303343 0.999526 0.0053102 0.658898 -0.000352507 -0.00530195 0.999986 -0.084272
0.999504 -0.0314883 -0.000127582 12.4581 0.0314885 0.999486 0.00605096 0.685207 -6.30178e-05 -0.00605198 0.999982 -0.0929249
0.999477 -0.0323015 -0.00159399 12.9406 0.0323087 0.999467 0.00471391 0.711434 0.00144088 -0.00476294 0.999988 -0.0964442
0.999431 -0.0335473 -0.00357888 13.443 0.0335586 0.999432 0.00315517 0.711828 0.003471 -0.00327348 0.999989 -0.104234
0.999411 -0.0340425 -0.00424976 13.9501 0.0340577 0.999414 0.00356179 0.782429 0.00412601 -0.00370443 0.999985 -0.0978098
0.999368 -0.0352204 -0.00472634 14.4895 0.035241 0.999369 0.00434659 0.833193 0.00457027 -0.0045104 0.999979 -0.104025
0.999314 -0.0366434 -0.00540038 15.0063 0.0366732 0.999312 0.00552933 0.870367 0.00519405 -0.00572358 0.99997 -0.112338
0.999265 -0.0382203 -0.00292099 15.5827 0.0382362 0.999253 0.00558232 0.886863 0.00270545 -0.0056899 0.99998 -0.114166
0.999228 -0.0392769 -0.000228734 16.1588 0.0392775 0.999222 0.00361038 0.920255 8.67515e-05 -0.00361658 0.999993 -0.118884
0.999203 -0.0398922 0.00161138 16.7275 0.0398907 0.999204 0.000959847 0.982321 -0.00164839 -0.000894802 0.999998 -0.118079
0.99917 -0.0406991 0.00188973 17.308 0.0406952 0.99917 0.0020223 1.01387 -0.00197047 -0.00194372 0.999996 -0.13191
0.999119 -0.0419349 0.0018302 17.894 0.0419297 0.999117 0.00279816 1.06527 -0.00194592 -0.00271895 0.999994 -0.129634
0.999058 -0.0433604 0.00164682 18.4717 0.0433537 0.999052 0.00388053 1.12032 -0.00181352 -0.00380548 0.999991 -0.129671
0.998984 -0.0449816 0.00261531 19.0556 0.0449699 0.998979 0.004347 1.15202 -0.00280817 -0.00422498 0.999987 -0.138221
0.998904 -0.0466923 0.00315572 19.6553 0.0466861 0.998908 0.00198623 1.18972 -0.00324502 -0.00183673 0.999993 -0.146445
0.998872 -0.0474222 0.00229808 20.2153 0.0474224 0.998875 -1.97753e-05 1.26304 -0.00229456 0.000128734 0.999997 -0.153366
0.998819 -0.0485537 0.00151352 20.8452 0.0485564 0.998819 -0.00174469 1.28555 -0.00142702 0.00181612 0.999997 -0.156987
0.998792 -0.0491388 0.000334676 21.4421 0.0491394 0.998789 -0.00237495 1.35151 -0.000217568 0.00238853 0.999997 -0.156746
0.998772 -0.0495092 -0.00154302 22.0594 0.0495072 0.998773 -0.00128365 1.41448 0.00160468 0.00120568 0.999998 -0.161988
0.998723 -0.0504465 -0.00262101 22.6686 0.0504456 0.998727 -0.000417853 1.44649 0.00263875 0.000285101 0.999996 -0.165896
0.998707 -0.0507301 -0.00328262 23.2904 0.0507309 0.998712 0.000150177 1.51017 0.00327077 -0.000316513 0.999995 -0.167905
0.998676 -0.0512933 -0.00378956 23.9202 0.0512945 0.998684 0.000213098 1.54523 0.00377364 -0.000407199 0.999993 -0.165671
0.998693 -0.0509668 -0.0038709 24.5645 0.0509677 0.9987 0.000151245 1.62529 0.00385816 -0.000348339 0.999992 -0.180487
0.998688 -0.0511697 -0.00186502 25.1872 0.0511687 0.99869 -0.000618662 1.64314 0.00189424 0.00052242 0.999998 -0.169762
0.998722 -0.0505382 0.000283679 25.8594 0.0505379 0.998722 0.0010039 1.72001 -0.000334051 -0.000988278 0.999999 -0.185126
0.99875 -0.0498643 0.00340799 26.5233 0.0498604 0.998755 0.0012129 1.77415 -0.00346423 -0.00104146 0.999993 -0.183661
0.99875 -0.0497979 0.00432043 27.194 0.0497916 0.998758 0.00155259 1.81727 -0.00439238 -0.00133553 0.999989 -0.1992
0.998775 -0.049297 0.00422253 27.8865 0.0492968 0.998784 0.000163925 1.87773 -0.00422548 4.44326e-05 0.999991 -0.199704
0.998815 -0.0486234 0.00212781 28.5495 0.0486232 0.998817 0.000164037 1.91446 -0.00213327 -6.03817e-05 0.999998 -0.208387
0.998882 -0.0472788 -0.000196196 29.2528 0.047279 0.998881 0.00133179 1.99689 0.000133011 -0.00133958 0.999999 -0.217399
0.998915 -0.0464674 -0.00306681 29.9649 0.0464722 0.998918 0.00150746 2.02948 0.00299344 -0.00164835 0.999994 -0.224809
0.998975 -0.0450188 -0.00474134 30.6914 0.0450246 0.998985 0.00111918 2.08324 0.00468614 -0.00133151 0.999988 -0.22764
0.999058 -0.0430026 -0.00587234 31.4265 0.0430098 0.999074 0.00110838 2.10356 0.00581924 -0.0013599 0.999982 -0.230044
0.999203 -0.0397741 -0.00342548 32.1747 0.0397832 0.999205 0.00263489 2.16375 0.00331795 -0.00276907 0.999991 -0.231919
0.999304 -0.0372892 0.000791194 32.8809 0.0372848 0.999292 0.00498184 2.21701 -0.000976403 -0.00494888 0.999987 -0.234658
0.999399 -0.0343531 0.00465976 33.6254 0.0343295 0.999398 0.00504237 2.28142 -0.00483018 -0.00487937 0.999976 -0.24189
0.999469 -0.0321409 0.0052694 34.3666 0.032138 0.999483 0.000631914 2.28421 -0.00528698 -0.000462231 0.999986 -0.246665
0.999593 -0.028131 0.00479596 35.0932 0.0281321 0.999604 -0.000173636 2.36124 -0.00478918 0.000308486 0.999988 -0.244387
0.99968 -0.0250951 0.00326386 35.8219 0.0250924 0.999685 0.00088563 2.37922 -0.00328505 -0.000803448 0.999994 -0.253428
0.999753 -0.0221724 0.00151836 36.5562 0.0221692 0.999752 0.0021208 2.37524 -0.00156501 -0.00208661 0.999997 -0.257627
0.999823 -0.0187834 -0.000685424 37.2649 0.0187859 0.999816 0.0037592 2.4479 0.000614688 -0.00377141 0.999993 -0.266989
0.999879 -0.0155163 -0.0011265 37.9973 0.0155225 0.999863 0.00572717 2.46721 0.00103748 -0.00574396 0.999983 -0.264606
0.999928 -0.0117806 -0.00237445 38.7326 0.0117915 0.99992 0.00465641 2.49649 0.0023194 -0.00468407 0.999986 -0.273734
0.999958 -0.00749717 -0.00528547 39.4228 0.00751736 0.999964 0.00381077 2.5191 0.00525672 -0.00385035 0.999979 -0.273593
0.999967 -0.00239517 -0.00782154 40.1549 0.00243585 0.999984 0.00519676 2.53026 0.00780896 -0.00521564 0.999956 -0.266371
0.99997 0.00267352 -0.00730535 40.8495 -0.00261201 0.999961 0.00841683 2.5441 0.00732757 -0.00839749 0.999938 -0.269481
0.999954 0.00755907 -0.00582239 41.5579 -0.00750615 0.999931 0.00905785 2.57953 0.00589045 -0.00901373 0.999942 -0.268892
0.999901 0.0130784 -0.00515507 42.2599 -0.0130312 0.999874 0.00907629 2.60117 0.00527312 -0.00900822 0.999946 -0.265234
0.999823 0.0183719 -0.00399418 42.9733 -0.0183289 0.999776 0.0105609 2.5993 0.00418731 -0.0104858 0.999936 -0.267471
0.9997 0.024425 -0.00194412 43.6791 -0.0244016 0.999639 0.011285 2.58911 0.00221905 -0.0112341 0.999934 -0.27739
0.99954 0.0302439 0.00219231 44.3638 -0.0302665 0.99948 0.0110952 2.57408 -0.00185561 -0.0111564 0.999936 -0.279935
0.999299 0.0368898 0.0064505 45.0683 -0.0369543 0.999265 0.0101802 2.58647 -0.00607022 -0.0104114 0.999927 -0.290809
0.999035 0.0429668 0.00911195 45.7749 -0.0430461 0.999035 0.00870026 2.55329 -0.00872934 -0.00908409 0.999921 -0.299296
0.998746 0.049195 0.00930259 46.4575 -0.049267 0.998756 0.00767738 2.54201 -0.00891333 -0.00812606 0.999927 -0.307617
0.998466 0.0547315 0.0084001 47.1414 -0.0547985 0.998466 0.00796259 2.53205 -0.0079514 -0.00841068 0.999933 -0.313807
0.998166 0.0601934 0.00646049 47.822 -0.0602438 0.998152 0.00791668 2.50792 -0.00597202 -0.00829137 0.999948 -0.328034
0.997851 0.0653437 0.00492666 48.5096 -0.0653812 0.997829 0.00787966 2.46026 -0.00440107 -0.00818484 0.999957 -0.325112
0.997487 0.0706999 0.00464985 49.1921 -0.0707383 0.997457 0.00867042 2.44111 -0.00402503 -0.00897755 0.999952 -0.337601
0.997154 0.075067 0.00699015 49.9144 -0.0751237 0.99714 0.00824002 2.37606 -0.0063516 -0.0087417 0.999942 -0.353036
0.996705 0.0806928 0.00817847 50.595 -0.0807415 0.996718 0.00581561 2.35209 -0.00768235 -0.00645679 0.99995 -0.352802
0.99631 0.0854697 0.00788899 51.2853 -0.0854921 0.996336 0.00255813 2.30508 -0.00764144 -0.00322314 0.999966 -0.353566
0.995935 0.0898813 0.00590428 51.9674 -0.089879 0.995952 -0.000649483 2.26383 -0.00593876 0.000116172 0.999982 -0.344355
0.995653 0.0930582 0.00394131 52.6877 -0.0930571 0.995661 -0.000454949 2.2143 -0.00396655 8.62042e-05 0.999992 -0.364334
0.995522 0.0944773 0.00304882 53.3747 -0.0944787 0.995527 0.000329365 2.15804 -0.00300406 -0.000615939 0.999995 -0.3813
0.995359 0.0961879 0.00274006 54.053 -0.0961868 0.995363 -0.000519458 2.12856 -0.00277733 0.000253489 0.999996 -0.375212
0.995235 0.0974496 0.00330492 54.7408 -0.0974478 0.99524 -0.000681385 2.05189 -0.00335559 0.000356081 0.999994 -0.38385
0.995032 0.0993107 0.00694257 55.4437 -0.0993142 0.995056 0.000158287 2.02313 -0.00689253 -0.000846997 0.999976 -0.383909
0.994909 0.100231 0.0105084 56.1566 -0.100244 0.994963 0.000770694 1.94955 -0.0103783 -0.00182018 0.999944 -0.407356
0.994723 0.101851 0.0123211 56.8612 -0.101864 0.994798 0.000479258 1.90916 -0.0122082 -0.00173181 0.999924 -0.415262
0.994575 0.103401 0.0113889 57.5549 -0.10341 0.994639 0.000180454 1.8806 -0.0113091 -0.00135719 0.999935 -0.419953
0.994432 0.104876 0.0102925 58.2733 -0.104892 0.994483 0.00100985 1.80419 -0.0101298 -0.00208383 0.999947 -0.43441
0.994272 0.106326 0.0108883 58.9689 -0.106351 0.994327 0.00174087 1.7403 -0.0106415 -0.00288889 0.999939 -0.44786
0.994106 0.107776 0.0117114 59.6812 -0.107789 0.994174 0.000494332 1.67821 -0.0115899 -0.00175378 0.999931 -0.454573
0.993942 0.109385 0.010721 60.3953 -0.109403 0.993997 0.00104452 1.62058 -0.0105424 -0.0022111 0.999942 -0.473081
0.993755 0.111159 0.00971814 61.0929 -0.11117 0.993801 0.000624033 1.57729 -0.00958853 -0.0017005 0.999953 -0.47953
0.993533 0.11324 0.00831304 61.8025 -0.11325 0.993566 0.00076497 1.54024 -0.00817293 -0.00170148 0.999965 -0.484552
0.993365 0.114718 0.00808695 62.5248 -0.114735 0.993395 0.00163631 1.46334 -0.00784582 -0.0025533 0.999966 -0.505221
0.993202 0.116125 0.00800172 63.2445 -0.116147 0.993229 0.00229219 1.4036 -0.00768136 -0.00320598 0.999965 -0.515886
0.99307 0.11734 0.00665754 63.9629 -0.117355 0.993088 0.00195169 1.3296 -0.00638251 -0.00271946 0.999976 -0.521535
0.992892 0.118917 0.00492183 64.6844 -0.118931 0.992899 0.00267988 1.2596 -0.00456819 -0.00324619 0.999984 -0.533232
0.992686 0.12059 0.00575884 65.3957 -0.120606 0.992697 0.00257229 1.19587 -0.00540659 -0.00324802 0.99998 -0.536118
0.992464 0.122335 0.00703269 66.1317 -0.122352 0.992485 0.00207446 1.13268 -0.00672606 -0.0029193 0.999973 -0.555067
0.992307 0.123502 0.00864706 66.8614 -0.123522 0.99234 0.00182572 1.03974 -0.00835535 -0.00287978 0.999961 -0.547434
0.99222 0.124072 0.0102999 67.5812 -0.124103 0.992267 0.00237062 0.982854 -0.00992615 -0.00363043 0.999944 -0.560277
0.992154 0.124508 0.0113474 68.2944 -0.12454 0.992212 0.00217174 0.905994 -0.0109886 -0.0035679 0.999933 -0.56426
0.992177 0.124488 0.00932791 69.0104 -0.124496 0.99222 0.000280123 0.828134 -0.00922046 -0.00143922 0.999956 -0.578728
0.992086 0.125356 0.00710729 69.7126 -0.125356 0.992112 -0.00049076 0.796156 -0.00711274 -0.000404064 0.999975 -0.582865
0.992169 0.124803 0.00488563 70.4156 -0.124802 0.992181 -0.00052087 0.699178 -0.00491244 -9.29468e-05 0.999988 -0.597222
0.992191 0.124681 0.00340588 71.1214 -0.124676 0.992196 -0.00178586 0.662498 -0.00360196 0.00134728 0.999993 -0.600259
0.99244 0.122714 0.00209475 71.8355 -0.12271 0.99244 -0.00216931 0.563776 -0.00234512 0.00189586 0.999995 -0.607127
0.992601 0.121405 0.0021664 72.5302 -0.121401 0.992602 -0.00167372 0.499233 -0.00235358 0.00139833 0.999996 -0.606068
0.992776 0.119961 0.00243766 73.2218 -0.119956 0.992777 -0.00206374 0.448312 -0.00266762 0.00175641 0.999995 -0.610322
0.992927 0.118685 0.00302476 73.9268 -0.118675 0.992928 -0.00331002 0.413169 -0.00339622 0.00292764 0.99999 -0.616835
0.993146 0.116802 0.00420756 74.6246 -0.116794 0.993154 -0.00208517 0.324442 -0.00442231 0.00157946 0.999989 -0.625554
0.99327 0.115671 0.00583578 75.3285 -0.115664 0.993287 -0.00151566 0.263898 -0.00597192 0.000830469 0.999982 -0.631915
0.993424 0.114273 0.00712052 76.0116 -0.11426 0.993448 -0.00230324 0.189034 -0.00733707 0.00147451 0.999972 -0.639214
0.993432 0.114179 0.00748866 76.6995 -0.114161 0.993458 -0.00278791 0.191658 -0.00775799 0.00191468 0.999968 -0.645287
0.993572 0.11301 0.00666016 77.389 -0.11299 0.993591 -0.0032368 0.102066 -0.00698326 0.00246345 0.999973 -0.648722
0.993694 0.111977 0.00582725 78.0805 -0.11197 0.99371 -0.00153859 0.0285847 -0.00596288 0.000876414 0.999982 -0.663558
0.993745 0.111516 0.00583182 78.7472 -0.111509 0.993762 -0.00160596 -0.0125204 -0.00597454 0.000945614 0.999982 -0.667995
0.993752 0.111465 0.00564346 79.4582 -0.111461 0.993768 -0.00106173 -0.0408872 -0.00572664 0.00042607 0.999984 -0.673197
0.993836 0.110733 0.00527371 80.138 -0.110726 0.99385 -0.00152843 -0.107674 -0.00541052 0.000935067 0.999985 -0.685174
0.993858 0.11056 0.00487723 80.8173 -0.110553 0.993869 -0.00153111 -0.165304 -0.00501661 0.000982509 0.999987 -0.688254
0.993816 0.110909 0.00535345 81.5306 -0.110905 0.993831 -0.000887517 -0.202904 -0.00541885 0.000288302 0.999985 -0.708692
0.993857 0.1104 0.00777426 82.2133 -0.110398 0.993887 -0.000664292 -0.264999 -0.00780007 -0.00019805 0.99997 -0.705043
0.99385 0.110408 0.00845772 82.9031 -0.110401 0.993886 -0.00138265 -0.32318 -0.00855867 0.000440413 0.999963 -0.723102
0.993842 0.110444 0.00899492 83.5966 -0.110424 0.993881 -0.00279357 -0.385842 -0.00924842 0.00178312 0.999956 -0.725703
0.993831 0.11045 0.0100509 84.2946 -0.110437 0.993881 -0.0018214 -0.458342 -0.0101906 0.000700167 0.999948 -0.737925
0.993832 0.110253 0.0119527 84.9763 -0.110235 0.993903 -0.00212156 -0.498868 -0.0121137 0.00079086 0.999926 -0.751111
0.99373 0.111113 0.0124298 85.6587 -0.111079 0.993806 -0.00338675 -0.510306 -0.0127291 0.00198482 0.999917 -0.764377
0.993769 0.110931 0.0108251 86.3616 -0.110895 0.993825 -0.00385524 -0.605894 -0.0111859 0.00263076 0.999934 -0.769325
0.993758 0.111187 0.00905584 87.0366 -0.111157 0.993796 -0.00373485 -0.656215 -0.00941492 0.00270492 0.999952 -0.778911
0.993783 0.111041 0.00807254 87.6876 -0.11101 0.993811 -0.00417093 -0.714381 -0.00848572 0.00324886 0.999959 -0.7821
0.993753 0.111405 0.00662817 88.3968 -0.111374 0.993766 -0.00491319 -0.760573 -0.00713421 0.00414429 0.999966 -0.794842
0.993774 0.11128 0.00552714 89.0801 -0.111253 0.99378 -0.00499103 -0.85157 -0.00604816 0.00434505 0.999972 -0.795092
0.993794 0.111096 0.00566607 89.7453 -0.111079 0.993807 -0.0031332 -0.894381 -0.00597906 0.00248437 0.999979 -0.807384
0.993831 0.110738 0.00612954 90.417 -0.110722 0.993848 -0.00276683 -0.9678 -0.00639822 0.00207108 0.999977 -0.816558
0.99381 0.11099 0.00479355 91.0875 -0.110967 0.993813 -0.00470187 -0.998691 -0.00528575 0.00414083 0.999977 -0.819367
0.993775 0.111344 0.00360373 91.764 -0.111326 0.993772 -0.00479992 -1.04988 -0.00411573 0.00436885 0.999982 -0.830638
0.99381 0.111046 0.00331323 92.4279 -0.111029 0.993805 -0.00489251 -1.13391 -0.003836 0.00449436 0.999983 -0.835447
0.993703 0.111904 0.00561847 93.0989 -0.111893 0.993717 -0.00235955 -1.13924 -0.00584721 0.00171603 0.999981 -0.830151
0.993798 0.11084 0.00891338 93.7764 -0.110833 0.993838 -0.00124635 -1.23416 -0.0089966 0.000250725 0.999959 -0.841673
0.993751 0.110924 0.0124246 94.4131 -0.110932 0.993828 -2.99823e-05 -1.2715 -0.0123512 -0.00134849 0.999923 -0.852009
0.993806 0.11019 0.0144038 95.0793 -0.110192 0.99391 -0.000667691 -1.31949 -0.0143897 -0.000923635 0.999896 -0.859715
0.993834 0.109996 0.0139718 95.7549 -0.109975 0.993932 -0.00231246 -1.39123 -0.0141414 0.000761653 0.9999 -0.881335
0.993788 0.110532 0.0129435 96.3981 -0.110508 0.993872 -0.00258297 -1.42427 -0.0131497 0.00113657 0.999913 -0.881748
0.993842 0.110389 0.00965586 97.044 -0.110385 0.993888 -0.000953577 -1.51022 -0.00970211 -0.000118158 0.999953 -0.899885
0.993783 0.111038 0.00817101 97.7043 -0.111037 0.993816 -0.000652334 -1.52416 -0.00819291 -0.000259004 0.999966 -0.899062
0.993756 0.111326 0.00743215 98.3344 -0.111327 0.993784 -0.000366887 -1.56676 -0.0074268 -0.0004628 0.999972 -0.915839
0.993817 0.110813 0.00691267 98.9872 -0.110805 0.993841 -0.00150448 -1.66493 -0.00703681 0.000729221 0.999975 -0.910301
0.993789 0.111055 0.00711923 99.6313 -0.111044 0.993814 -0.00192843 -1.68962 -0.00728935 0.00112591 0.999973 -0.918292
0.993784 0.110988 0.00861077 100.243 -0.110991 0.993821 -5.17654e-05 -1.74805 -0.00856331 -0.000904277 0.999963 -0.916653
0.993743 0.111245 0.0099586 100.895 -0.111252 0.993792 9.09321e-05 -1.77997 -0.00988666 -0.00119828 0.99995 -0.924956
0.993736 0.111177 0.0113089 101.502 -0.111189 0.993799 0.000439078 -1.81117 -0.01119 -0.00169375 0.999936 -0.933429
0.993865 0.10995 0.0120182 102.11 -0.109968 0.993935 0.000847223 -1.93933 -0.0118521 -0.00216364 0.999927 -0.941082
0.993777 0.110818 0.0112695 102.714 -0.110805 0.993841 -0.00171114 -1.9409 -0.0113897 0.00045176 0.999935 -0.964455
0.993824 0.11093 0.00303048 103.297 -0.110931 0.993828 8.25318e-05 -1.9715 -0.00300262 -0.000418196 0.999995 -0.960175
0.99378 0.110899 -0.010106 103.862 -0.110842 0.99382 0.00602617 -2.02433 0.0107118 -0.00486852 0.999931 -0.959765
0.993782 0.11039 -0.0145337 104.43 -0.110248 0.993851 0.0102547 -2.09177 0.0155763 -0.00858859 0.999842 -0.944463
0.99383 0.109907 -0.0149059 104.985 -0.109745 0.993895 0.0113204 -2.113 0.0160591 -0.00961467 0.999825 -0.949878
0.993925 0.109561 -0.0104715 105.537 -0.109439 0.993925 0.0116663 -2.16939 0.011686 -0.0104494 0.999877 -0.959581
0.993941 0.109883 0.00264038 106.101 -0.109905 0.993889 0.0102437 -2.2016 -0.00149863 -0.0104719 0.999944 -0.964077
0.993722 0.110401 0.0181205 106.655 -0.1106 0.993811 0.0103328 -2.2304 -0.0168676 -0.012272 0.999782 -0.974296
0.993289 0.109889 0.0360715 107.209 -0.110329 0.99384 0.0104392 -2.28878 -0.0347021 -0.0143489 0.999295 -0.991087
0.993004 0.109614 0.043916 107.732 -0.109966 0.993919 0.00568052 -2.32725 -0.0430263 -0.0104701 0.999019 -1.0067
0.993189 0.110375 0.0373318 108.239 -0.110459 0.993881 0.000179891 -2.37069 -0.0370835 -0.00430229 0.999303 -1.01345
0.993488 0.111258 0.024554 108.704 -0.111171 0.993789 -0.0048511 -2.41038 -0.0249412 0.00208981 0.999687 -1.01067
0.993721 0.111189 0.0125134 109.187 -0.111115 0.993787 -0.0064514 -2.46912 -0.013153 0.00502046 0.999901 -1.02135
0.993703 0.112033 0.00192728 109.646 -0.112032 0.993704 -0.000492741 -2.50223 -0.00197035 0.000273721 0.999998 -1.03855
0.993755 0.111499 -0.00428261 110.105 -0.111486 0.993761 0.00310168 -2.54928 0.00460173 -0.00260486 0.999986 -1.05708
0.993768 0.111385 -0.0042518 110.574 -0.111367 0.99377 0.00431085 -2.58143 0.00470547 -0.00381048 0.999982 -1.06131
0.993764 0.1115 -0.000480029 111.046 -0.111499 0.993763 0.00170783 -2.60825 0.000667458 -0.00164366 0.999998 -1.05931
0.993765 0.111461 0.0028552 111.48 -0.111461 0.993769 -0.000139427 -2.66221 -0.00285295 -0.000179686 0.999996 -1.05486
0.993739 0.111596 0.00546183 111.943 -0.111597 0.993754 -0.000114968 -2.70184 -0.00544055 -0.000495277 0.999985 -1.0591
0.993724 0.111618 0.00734621 112.413 -0.111617 0.993751 -0.000524749 -2.7133 -0.00735888 -0.000298509 0.999973 -1.06161
0.99371 0.111696 0.00804546 112.879 -0.1117 0.993742 5.41018e-05 -2.76444 -0.00798907 -0.000952436 0.999968 -1.07145
0.993659 0.112094 0.00873701 113.343 -0.112085 0.993698 -0.00147991 -2.81274 -0.00884784 0.000491242 0.999961 -1.07812
0.993618 0.11231 0.0104883 113.794 -0.112308 0.993673 -0.000726691 -2.83215 -0.0105035 -0.000455865 0.999945 -1.08235
0.993545 0.112792 0.0121138 114.258 -0.112807 0.993617 0.000588021 -2.84872 -0.0119702 -0.00195075 0.999926 -1.0886
0.993602 0.112135 0.0134698 114.696 -0.11219 0.993681 0.00341855 -2.91081 -0.0130014 -0.00490786 0.999903 -1.10091
0.9936 0.111994 0.0147094 115.137 -0.112058 0.993695 0.00357875 -2.94613 -0.0142159 -0.00520415 0.999885 -1.10806
0.9936 0.112088 0.0139699 115.565 -0.112104 0.993696 0.00034401 -2.96162 -0.0138433 -0.00190788 0.999902 -1.10186
0.993619 0.112348 0.00998325 115.982 -0.11233 0.993668 -0.0023129 -2.98819 -0.0101799 0.00117672 0.999947 -1.12801
0.993713 0.111725 0.00715266 116.374 -0.111694 0.993732 -0.0045974 -3.03758 -0.00762147 0.00376959 0.999964 -1.11198
0.99375 0.11152 0.00494282 116.744 -0.111496 0.993753 -0.00493517 -3.06553 -0.00546231 0.00435323 0.999976 -1.12199
0.993739 0.111665 0.00380801 117.128 -0.111647 0.993737 -0.00466616 -3.09764 -0.00430521 0.00421179 0.999982 -1.12063
0.99378 0.111343 0.00218411 117.503 -0.111333 0.993775 -0.00403378 -3.13221 -0.00261964 0.00376552 0.999989 -1.13145
0.993818 0.111013 0.00160275 117.857 -0.111006 0.993812 -0.00391337 -3.16584 -0.00202727 0.00371127 0.999991 -1.13647
0.993861 0.110623 0.00185507 118.216 -0.110614 0.993852 -0.00479235 -3.20119 -0.00237381 0.00455774 0.999987 -1.13817
0.993886 0.110388 0.00229832 118.581 -0.110373 0.993872 -0.0059513 -3.22408 -0.00294119 0.00566124 0.99998 -1.14433
0.99391 0.11016 0.0028874 118.964 -0.110139 0.993894 -0.00660704 -3.23573 -0.0035976 0.00624878 0.999974 -1.14297
0.994008 0.109253 0.00343057 119.314 -0.10923 0.993997 -0.00617293 -3.28376 -0.00408439 0.00576122 0.999975 -1.14991
0.994048 0.108836 0.0047677 119.702 -0.108806 0.994044 -0.00612861 -3.30254 -0.00540631 0.00557338 0.99997 -1.15355
0.994036 0.108888 0.00605049 120.05 -0.108844 0.994033 -0.00710366 -3.29356 -0.00678789 0.00640273 0.999956 -1.14853
0.994169 0.107675 0.00580593 120.418 -0.107624 0.994155 -0.00853002 -3.34849 -0.00669047 0.00785543 0.999947 -1.15174
0.994207 0.107356 0.00521076 120.789 -0.107305 0.994184 -0.00919536 -3.3951 -0.00616762 0.00858295 0.999944 -1.15778
0.994231 0.107164 0.0045063 121.158 -0.107121 0.994206 -0.00891998 -3.41438 -0.00543609 0.00838581 0.99995 -1.16399
0.994289 0.106537 0.00627619 121.527 -0.106485 0.994281 -0.00818694 -3.43771 -0.00711251 0.00747186 0.999947 -1.16812
0.994378 0.105633 0.00730559 121.887 -0.105582 0.994385 -0.00710662 -3.48643 -0.00801527 0.00629534 0.999948 -1.16695
0.994434 0.105193 0.00595366 122.258 -0.105155 0.994435 -0.00641324 -3.51886 -0.00659516 0.00575149 0.999962 -1.17987
0.994442 0.10507 0.00674732 122.596 -0.105028 0.994449 -0.00626931 -3.54645 -0.00736858 0.00552581 0.999958 -1.17347
0.994481 0.104764 0.00561611 122.979 -0.104717 0.994469 -0.00811181 -3.58807 -0.00643487 0.00747895 0.999951 -1.18526
0.994458 0.104978 0.00569067 123.331 -0.104929 0.994445 -0.00832773 -3.61986 -0.00653329 0.00768447 0.999949 -1.18117
0.994435 0.105242 0.00482729 123.714 -0.105201 0.994419 -0.00799015 -3.64182 -0.00564124 0.00743785 0.999956 -1.18676
0.994376 0.105753 0.00567313 124.094 -0.105715 0.994375 -0.00650971 -3.64075 -0.00632964 0.00587336 0.999963 -1.19506
0.994419 0.105302 0.00655332 124.459 -0.105266 0.994428 -0.00571264 -3.67857 -0.00711836 0.00499091 0.999962 -1.19874
0.994372 0.105679 0.00750333 124.856 -0.105638 0.994389 -0.00565046 -3.69765 -0.00805836 0.00482603 0.999956 -1.20715
0.994441 0.105016 0.00762479 125.217 -0.104964 0.994453 -0.00681583 -3.76133 -0.00829826 0.00597761 0.999948 -1.21729
0.994372 0.105573 0.00889277 125.638 -0.105513 0.994393 -0.00698077 -3.75281 -0.00957989 0.00600317 0.999936 -1.2196
0.994319 0.105908 0.0106394 126.029 -0.105845 0.994362 -0.00633985 -3.78654 -0.0112509 0.0051777 0.999923 -1.2277
0.994346 0.105562 0.0115542 126.443 -0.105492 0.994399 -0.00651307 -3.83595 -0.012177 0.00525737 0.999912 -1.23258
0.99433 0.105765 0.0110535 126.843 -0.105693 0.994375 -0.00687314 -3.87145 -0.0117183 0.00566588 0.999915 -1.23481
0.994333 0.10597 0.00854931 127.276 -0.105905 0.994346 -0.00773614 -3.9101 -0.00932077 0.00678688 0.999934 -1.25267
0.9943 0.10635 0.0075765 127.7 -0.106281 0.994296 -0.0089617 -3.92946 -0.00848636 0.00810537 0.999931 -1.24677
0.994287 0.106523 0.00672973 128.128 -0.106469 0.994284 -0.00797337 -3.97228 -0.00754061 0.00721132 0.999946 -1.25785
0.994266 0.106644 0.00783694 128.581 -0.106593 0.994281 -0.00664134 -4.00329 -0.00850038 0.0057679 0.999947 -1.26364
0.994273 0.106549 0.00828004 129.007 -0.106511 0.994299 -0.00489071 -4.03296 -0.00875394 0.00398078 0.999954 -1.27234
0.994287 0.106411 0.00843096 129.467 -0.106367 0.994312 -0.00542844 -4.07112 -0.00896065 0.00450064 0.99995 -1.2664
0.994227 0.107033 0.00747575 129.929 -0.107006 0.994251 -0.00390582 -4.09521 -0.00785082 0.00308333 0.999964 -1.28005
0.994206 0.10722 0.00758556 130.421 -0.107195 0.994231 -0.00365495 -4.1307 -0.00793368 0.00282064 0.999965 -1.27894
0.99422 0.107105 0.00749629 130.888 -0.10708 0.994244 -0.00363502 -4.16546 -0.00784246 0.00281131 0.999965 -1.29517
0.9942 0.10732 0.00694808 131.355 -0.107305 0.994223 -0.0024888 -4.20757 -0.00717504 0.0017288 0.999973 -1.28964
0.994199 0.107405 0.00566528 131.841 -0.107392 0.994213 -0.002597 -4.2679 -0.00591143 0.00197353 0.999981 -1.28881
0.994147 0.107891 0.00567299 132.33 -0.107888 0.994163 -0.000792169 -4.29043 -0.00572534 0.000175486 0.999984 -1.30447
0.994072 0.108502 0.00689249 132.818 -0.108499 0.994096 -0.000830085 -4.32495 -0.00694186 7.7336e-05 0.999976 -1.30716
0.994032 0.1089 0.00639156 133.341 -0.108888 0.994052 -0.00219139 -4.35866 -0.00659218 0.00148235 0.999977 -1.31922
0.994 0.109235 0.00561508 133.849 -0.109232 0.994016 -0.000815974 -4.42174 -0.00567062 0.00019773 0.999984 -1.32428
0.99392 0.109934 0.00615424 134.35 -0.109931 0.993939 -0.000902954 -4.44502 -0.00621621 0.000220923 0.999981 -1.32756
0.99389 0.110122 0.0074479 134.864 -0.110125 0.993918 -5.79478e-05 -4.49267 -0.00740898 -0.000762605 0.999972 -1.33483
0.993854 0.110474 0.0071212 135.418 -0.110476 0.993879 -0.000128651 -4.5362 -0.00709182 -0.000658859 0.999975 -1.34309
0.993819 0.110764 0.00747249 135.931 -0.110761 0.993847 -0.000829269 -4.58478 -0.00751837 -3.51969e-06 0.999972 -1.34047
0.993793 0.110914 0.00855591 136.46 -0.110912 0.99383 -0.000715997 -4.63268 -0.00858253 -0.000237404 0.999963 -1.34705
0.993749 0.111248 0.00931644 137.005 -0.111237 0.993793 -0.00163249 -4.68192 -0.00944022 0.000585951 0.999955 -1.35334
0.993658 0.112115 0.00862758 137.523 -0.112105 0.993695 -0.0015519 -4.6967 -0.00874718 0.000574855 0.999962 -1.3654
0.99358 0.112838 0.00812472 138.043 -0.112822 0.993612 -0.00245144 -4.74951 -0.00834943 0.00151906 0.999964 -1.361
0.993564 0.112948 0.0085176 138.578 -0.112934 0.9936 -0.00204699 -4.79013 -0.00869429 0.00107189 0.999962 -1.35911
0.993487 0.113537 0.00966518 139.088 -0.113513 0.993532 -0.00301161 -4.82594 -0.0099446 0.00189487 0.999949 -1.37669
0.993501 0.113368 0.0102027 139.605 -0.113341 0.993551 -0.00319 -4.891 -0.0104985 0.00201289 0.999943 -1.38229
0.993443 0.114007 0.00853234 140.123 -0.113972 0.993474 -0.00446717 -4.92595 -0.00898595 0.00346544 0.999954 -1.39898
0.993389 0.114693 0.00486089 140.637 -0.114671 0.993393 -0.00459996 -4.97187 -0.00535636 0.00401215 0.999978 -1.39973
0.993347 0.115087 -0.00409329 141.131 -0.115091 0.993355 -0.00081712 -5.0105 0.00397205 0.00128279 0.999991 -1.40334
0.993302 0.115136 -0.00973781 141.632 -0.115098 0.993344 0.00443457 -5.04915 0.0101836 -0.00328407 0.999943 -1.39005
0.9933 0.115065 -0.0107189 142.157 -0.115011 0.993349 0.00554058 -5.08436 0.0112852 -0.00427067 0.999927 -1.39615
0.993318 0.114855 -0.0112871 142.629 -0.114834 0.993382 0.00249046 -5.14313 0.0114985 -0.00117767 0.999933 -1.40341
0.993252 0.115586 -0.00950311 143.134 -0.115597 0.993296 -0.000658039 -5.18837 0.00936334 0.00175213 0.999955 -1.41121
0.993252 0.115958 0.00189568 143.641 -0.115955 0.993253 -0.00138404 -5.24939 -0.00204338 0.00115489 0.999997 -1.41378
0.992974 0.116818 0.0188503 144.128 -0.116856 0.993148 0.000951246 -5.25893 -0.0186101 -0.00314734 0.999822 -1.4234
0.992503 0.11654 0.036814 144.67 -0.116648 0.993173 0.000772208 -5.29631 -0.0364727 -0.00506069 0.999322 -1.45497
0.992116 0.116551 0.0460684 145.181 -0.11652 0.993183 -0.00336147 -5.36586 -0.0461462 -0.00203295 0.998933 -1.46777
0.992188 0.117256 0.0425856 145.684 -0.11707 0.9931 -0.00684933 -5.4079 -0.0430949 0.00181033 0.999069 -1.48098
0.992481 0.117743 0.033426 146.169 -0.117461 0.993024 -0.0102889 -5.45134 -0.0344043 0.00628529 0.999388 -1.49086
0.99266 0.11867 0.0233032 146.643 -0.118476 0.992911 -0.0095432 -5.49469 -0.0242705 0.00671228 0.999683 -1.49027
0.992844 0.118873 0.0113575 147.112 -0.118795 0.992892 -0.00736974 -5.53264 -0.0121528 0.0059678 0.999908 -1.50612
0.993023 0.117899 0.00241153 147.611 -0.117887 0.993016 -0.00476714 -5.61316 -0.00295673 0.00444959 0.999986 -1.5274
0.992927 0.118722 -0.000509281 148.085 -0.118723 0.992919 -0.00406108 -5.63981 2.35361e-05 0.00409282 0.999992 -1.53661
0.99289 0.119003 0.0026517 148.591 -0.118997 0.992892 -0.0022007 -5.67562 -0.00289475 0.00186951 0.999994 -1.54067
0.992837 0.119263 0.00709887 149.084 -0.119243 0.99286 -0.00309385 -5.71688 -0.00741717 0.00222519 0.99997 -1.55455
0.992787 0.119389 0.0109367 149.594 -0.119355 0.992845 -0.00368671 -5.7689 -0.0112986 0.00235477 0.999933 -1.54857
0.992776 0.119359 0.0122176 150.081 -0.11931 0.992846 -0.004682 -5.80335 -0.012689 0.0031905 0.999914 -1.56315
0.992699 0.119993 0.0122752 150.591 -0.119936 0.992767 -0.00529938 -5.85174 -0.0128223 0.00378845 0.999911 -1.57072
0.992702 0.120042 0.0115529 151.11 -0.119982 0.99276 -0.00572659 -5.91133 -0.0121567 0.00429865 0.999917 -1.58497
0.992669 0.120438 0.0101539 151.599 -0.120367 0.992702 -0.00738049 -5.95551 -0.0109687 0.00610419 0.999921 -1.5993
0.992627 0.120908 0.00850602 152.101 -0.120845 0.992643 -0.00753814 -6.00254 -0.00935486 0.00645465 0.999935 -1.59918
0.992593 0.121253 0.00758693 152.622 -0.121199 0.992602 -0.00718776 -6.05824 -0.00840234 0.00621498 0.999945 -1.61206
0.992585 0.121299 0.00780051 153.148 -0.121251 0.992602 -0.00632215 -6.10069 -0.00850967 0.00532945 0.99995 -1.61571
0.992547 0.121542 0.00885783 153.665 -0.121508 0.992581 -0.00423715 -6.16396 -0.00930711 0.00312927 0.999952 -1.61345
0.992566 0.121403 0.00855661 154.204 -0.121362 0.992595 -0.00520381 -6.21218 -0.009125 0.00412668 0.99995 -1.62537
0.992501 0.121978 0.00797316 154.721 -0.121941 0.992525 -0.0049252 -6.22902 -0.00851432 0.00391601 0.999956 -1.6356
0.992572 0.121369 0.00835908 155.306 -0.121342 0.992604 -0.00376934 -6.30998 -0.00875474 0.00272704 0.999958 -1.64586
0.992545 0.121508 0.00947798 155.866 -0.121484 0.992589 -0.00307628 -6.34984 -0.00978152 0.00190192 0.99995 -1.65821
0.992539 0.121541 0.00974441 156.441 -0.121509 0.992583 -0.00383896 -6.40169 -0.0101387 0.00262628 0.999945 -1.663
0.992573 0.121306 0.00920099 157.022 -0.121278 0.992612 -0.00349772 -6.46541 -0.00955731 0.00235587 0.999952 -1.68183
0.992523 0.121677 0.00959762 157.602 -0.121652 0.992568 -0.0031507 -6.50317 -0.00990966 0.00195957 0.999949 -1.68534
0.992465 0.122138 0.00982698 158.203 -0.122118 0.992512 -0.00262109 -6.53147 -0.0100735 0.00140129 0.999948 -1.7016
0.992502 0.121783 0.0104129 158.825 -0.121776 0.992557 -0.00128269 -6.59976 -0.0104916 5.03445e-06 0.999945 -1.71531
0.992554 0.121317 0.0108908 159.413 -0.121312 0.992614 -0.00112546 -6.69185 -0.0109469 -0.000204097 0.99994 -1.72904
0.992501 0.121765 0.0107465 160.04 -0.121751 0.992559 -0.00197446 -6.70455 -0.010907 0.000651256 0.99994 -1.73956
0.992556 0.121429 0.00939781 160.683 -0.121404 0.992598 -0.0032005 -6.7918 -0.00971688 0.00203574 0.999951 -1.75518
0.992615 0.121013 0.00845709 161.331 -0.120995 0.99265 -0.0026677 -6.85568 -0.00871775 0.00162473 0.999961 -1.77598
0.992668 0.120502 0.00942378 161.981 -0.120477 0.992711 -0.00322591 -6.92586 -0.00974382 0.00206691 0.99995 -1.77221
0.992759 0.119801 0.00876452 162.627 -0.119779 0.992796 -0.00297446 -6.99464 -0.00905773 0.00190311 0.999957 -1.78454
0.992812 0.119455 0.00742003 163.292 -0.119434 0.992837 -0.00321483 -7.04433 -0.00775091 0.00230552 0.999967 -1.7973
0.992861 0.119095 0.00651512 163.983 -0.119071 0.992878 -0.00398053 -7.10426 -0.00694278 0.00317635 0.999971 -1.81539
0.992875 0.118942 0.00715847 164.661 -0.118918 0.992897 -0.00373433 -7.15636 -0.00755179 0.00285645 0.999967 -1.81769
0.992949 0.118297 0.00755448 165.355 -0.11826 0.992969 -0.00519803 -7.21814 -0.00811628 0.00426799 0.999958 -1.82548
0.992976 0.118085 0.00739701 166.032 -0.118043 0.992991 -0.0058298 -7.27595 -0.00803358 0.00491568 0.999956 -1.83932
0.993078 0.117236 0.00719493 166.727 -0.117189 0.993088 -0.00660114 -7.34946 -0.00791909 0.00571228 0.999952 -1.84041
0.993213 0.116015 0.00830162 167.401 -0.115971 0.993237 -0.0056492 -7.44718 -0.00890086 0.00464811 0.99995 -1.85426
0.993192 0.116087 0.00963272 168.087 -0.116029 0.993225 -0.0063971 -7.46485 -0.0103101 0.00523587 0.999933 -1.86882
