1 0 0 0 0 1 0 0 -0 0 1 0
1 0.000193802 2.62094e-05 -0.00694728 -0.000193804 1 7.79865e-05 0.00148273 -2.61943e-05 -7.79916e-05 1 -0.0247739
1 0.000210639 1.54321e-05 -0.0015386 -0.00021064 1 5.6364e-05 0.00113351 -1.54203e-05 -5.63672e-05 1 -0.0233791
1 0.00017752 3.79401e-05 0.00108708 -0.000177524 1 0.000117237 0.00165893 -3.79192e-05 -0.000117244 1 -0.0211836
1 0.00017242 1.63058e-05 -0.00332324 -0.000172422 1 8.33858e-05 -0.000620299 -1.62915e-05 -8.33886e-05 1 -0.0201041
1 0.000167855 1.4789e-05 -0.00388258 -0.000167856 1 8.04646e-05 0.000641091 -1.47755e-05 -8.04671e-05 1 -0.0196553
1 0.000152611 -1.65992e-05 0.00443349 -0.00015261 1 7.27737e-05 0.00327135 1.66103e-05 -7.27712e-05 1 -0.0197904
1 0.000133087 1.3199e-05 0.000336809 -0.000133089 1 9.75522e-05 0.00680839 -1.31861e-05 -9.7554e-05 1 -0.0190728
1 0.000142273 9.17257e-06 -0.00397163 -0.000142274 1 0.000102898 0.00131631 -9.15793e-06 -0.0001029 1 -0.0191376
1 0.000161073 1.28307e-06 -0.004562 -0.000161074 1 6.87176e-05 0.000905286 -1.272e-06 -6.87178e-05 1 -0.0185372
1 0.000130892 2.92893e-06 0.0011043 -0.000130892 1 9.0798e-05 0.00798399 -2.91705e-06 -9.07983e-05 1 -0.0187873
1 0.00013504 2.63517e-05 0.00292157 -0.000135042 1 0.000102804 0.0081457 -2.63378e-05 -0.000102807 1 -0.018478
1 0.00014275 4.47481e-05 -0.00447823 -0.000142754 1 7.68212e-05 0.00370939 -4.47372e-05 -7.68276e-05 1 -0.0179315
1 6.53411e-05 6.83142e-05 -0.0135071 -6.53475e-05 1 9.42106e-05 -0.00851683 -6.83081e-05 -9.4215e-05 1 -0.0182552
1 0.000141267 -0.000197362 -0.0294366 -0.000141347 1 -0.000401958 0.00456908 0.000197305 0.000401986 1 -0.0253187
0.999998 3.53599e-05 -0.00196551 0.0191702 -3.59372e-05 1 -0.00029367 -0.000834079 0.0019655 0.00029374 0.999998 -0.0244812
0.999996 3.8867e-05 -0.00291836 -0.00501436 -3.90584e-05 1 -6.55423e-05 -0.0081368 0.00291836 6.5656e-05 0.999996 -0.022327
0.999995 0.000154148 -0.00331242 0.00304161 -0.000153986 1 4.92129e-05 -0.00132762 0.00331243 -4.87025e-05 0.999995 -0.0211859
0.999995 5.15397e-05 -0.00316477 0.0315965 -5.08013e-05 1 0.000233386 0.00748238 0.00316478 -0.000233224 0.999995 -0.0198821
0.999996 9.97722e-05 -0.00290774 0.046049 -9.8805e-05 1 0.000332773 0.00747257 0.00290777 -0.000332484 0.999996 -0.0210472
0.999996 7.8148e-05 -0.0027896 0.0573327 -7.71604e-05 1 0.000354118 0.00519091 0.00278963 -0.000353902 0.999996 -0.0222107
0.999995 5.48951e-05 -0.00300374 0.0587117 -5.43669e-05 1 0.00017591 0.000957612 0.00300375 -0.000175746 0.999995 -0.0215031
0.999995 0.000151386 -0.00319456 0.0719123 -0.000150973 1 0.000129596 -6.54559e-05 0.00319458 -0.000129113 0.999995 -0.0232207
0.999994 9.52516e-05 -0.00339678 0.0983231 -9.4992e-05 1 7.65752e-05 0.00374305 0.00339679 -7.6252e-05 0.999994 -0.0246976
0.999991 2.90419e-05 -0.00432808 0.163748 -2.88379e-05 1 4.72093e-05 0.00702018 0.00432808 -4.70841e-05 0.999991 -0.0267997
0.999986 -0.000126338 -0.00533366 0.209564 0.000125196 1 -0.000214526 0.00332593 0.00533368 0.000213855 0.999986 -0.027378
0.999979 -0.000740335 -0.00636745 0.277925 0.000737191 1 -0.00049615 0.00212698 0.00636782 0.000491446 0.99998 -0.0303608
0.999974 -0.000921611 -0.00721892 0.354982 0.000918867 1 -0.000383423 0.00399477 0.00721927 0.00037678 0.999974 -0.0292524
0.999971 -0.000864442 -0.00756828 0.419595 0.00086264 1 -0.000241257 0.005717 0.00756849 0.000234721 0.999971 -0.0300312
0.999971 -0.000925184 -0.00760705 0.491257 0.000923752 1 -0.000191815 0.00990336 0.00760723 0.000184782 0.999971 -0.030515
0.999969 -0.00119997 -0.00774774 0.587113 0.00119876 0.999999 -0.000161252 0.0091614 0.00774793 0.000151959 0.99997 -0.0337344
0.999967 -0.00189261 -0.00794531 0.70113 0.00189035 0.999998 -0.000292414 0.00707706 0.00794585 0.000277385 0.999968 -0.0339189
0.999966 -0.00203597 -0.00801607 0.808797 0.0020317 0.999998 -0.000540912 0.00767679 0.00801716 0.000524607 0.999968 -0.0353007
0.999967 -0.00229424 -0.00782995 0.924207 0.00229326 0.999997 -0.000133728 0.0168231 0.00783024 0.000115768 0.999969 -0.0363433
0.999968 -0.00292022 -0.00745491 1.06436 0.00292299 0.999996 0.00036136 0.022739 0.00745382 -0.000383139 0.999972 -0.0390694
0.999967 -0.00341232 -0.0073096 1.20297 0.00341476 0.999994 0.000320388 0.0229125 0.00730847 -0.000345338 0.999973 -0.0437628
0.999966 -0.00352613 -0.00740867 1.34699 0.00352737 0.999994 0.000154595 0.02253 0.00740808 -0.000180723 0.999973 -0.0432521
0.999967 -0.00402877 -0.00698833 1.52299 0.0040298 0.999992 0.000133707 0.0274473 0.00698773 -0.000161864 0.999976 -0.0455511
0.99997 -0.00432269 -0.00641494 1.68739 0.00432592 0.999991 0.000490725 0.0380924 0.00641276 -0.000518461 0.999979 -0.0501551
0.999967 -0.00507996 -0.006322 1.87021 0.0050879 0.999986 0.00124166 0.0375066 0.00631561 -0.00127379 0.999979 -0.0520425
0.999962 -0.00586832 -0.00646095 2.07047 0.00588745 0.999978 0.00294586 0.042765 0.00644352 -0.00298379 0.999975 -0.052975
0.999963 -0.00618685 -0.00597309 2.28584 0.00621369 0.999971 0.00448597 0.054065 0.00594516 -0.00452292 0.999972 -0.0572228
0.99996 -0.00666702 -0.00588413 2.49642 0.00669817 0.999964 0.0052895 0.0617961 0.00584865 -0.00532871 0.999969 -0.0591812
0.999959 -0.00729008 -0.00542832 2.7294 0.00732328 0.999954 0.00612095 0.0685341 0.00538345 -0.00616045 0.999967 -0.0622964
0.999954 -0.00813724 -0.0051453 2.9737 0.00817087 0.999945 0.00655048 0.0705573 0.00509172 -0.00659222 0.999965 -0.0644164
0.999952 -0.00870079 -0.00454588 3.22788 0.00873212 0.999938 0.00691791 0.0789645 0.0044854 -0.00695727 0.999966 -0.0670886
0.999949 -0.00909894 -0.00435064 3.48678 0.00912392 0.999942 0.00575762 0.090086 0.004298 -0.00579702 0.999974 -0.0868216
0.999926 -0.00991253 -0.00701249 3.75699 0.00995162 0.999935 0.00556245 0.0885112 0.00695689 -0.00563183 0.99996 -0.0924652
0.999886 -0.0107401 -0.010583 4.0345 0.0107855 0.999933 0.0042396 0.0967154 0.0105368 -0.00435326 0.999935 -0.097098
0.999834 -0.0111946 -0.0143975 4.31197 0.0112097 0.999937 0.000971668 0.101276 0.0143857 -0.0011329 0.999896 -0.0985667
0.999782 -0.0113264 -0.0175135 4.60157 0.0112837 0.999933 -0.00253245 0.1035 0.0175411 0.00233429 0.999843 -0.0941795
0.999744 -0.0121644 -0.0191036 4.92606 0.0120714 0.999915 -0.00497445 0.101633 0.0191625 0.00474257 0.999805 -0.0967032
0.999723 -0.01244 -0.0199805 5.21744 0.0122842 0.999893 -0.0078975 0.112156 0.0200766 0.00764987 0.999769 -0.0933061
0.999713 -0.0124661 -0.0204408 5.54237 0.012249 0.999868 -0.0107147 0.117761 0.0205716 0.0104613 0.999734 -0.0969911
0.999692 -0.013278 -0.020964 5.87524 0.0130366 0.999848 -0.0116078 0.127722 0.021115 0.0113309 0.999713 -0.0975657
0.999696 -0.013463 -0.0206406 6.21029 0.0132724 0.999868 -0.00934169 0.136692 0.0207636 0.0090649 0.999743 -0.0855743
0.99979 -0.0140161 -0.0149285 6.56373 0.013943 0.99989 -0.00498982 0.153092 0.0149968 0.00478062 0.999876 -0.0733788
0.999866 -0.0157793 -0.00438038 6.93014 0.0157713 0.999874 -0.00186025 0.16576 0.00440918 0.00179092 0.999989 -0.0710119
0.999812 -0.0174945 0.00840255 7.28829 0.0174951 0.999847 -3.69769e-06 0.174262 -0.0084012 0.000150701 0.999965 -0.0810644
0.999641 -0.0187149 0.0191805 7.66981 0.018771 0.99982 -0.00274645 0.190092 -0.0191257 0.0031055 0.999812 -0.121314
0.999554 -0.0203727 0.021844 8.04153 0.0205284 0.999765 -0.00692646 0.200123 -0.0216978 0.00737179 0.999737 -0.144392
0.999589 -0.0213668 0.0191027 8.41815 0.0215557 0.99972 -0.00973817 0.207412 -0.0188893 0.0101459 0.99977 -0.140471
0.999588 -0.0225315 0.0177977 8.79131 0.0226847 0.999707 -0.00845339 0.219621 -0.017602 0.00885364 0.999806 -0.140078
0.999554 -0.0242416 0.0174139 9.19264 0.0243417 0.999688 -0.00555829 0.236474 -0.0172737 0.0059797 0.999833 -0.15727
0.999568 -0.0255416 0.0145086 9.5922 0.0255747 0.999671 -0.00210091 0.267323 -0.0144502 0.00247105 0.999893 -0.193577
0.999618 -0.026709 0.00717364 10.0046 0.0267028 0.999643 0.000949358 0.290034 -0.00719644 -0.000757438 0.999974 -0.216528
0.999613 -0.0278008 0.00076399 10.4214 0.0277986 0.99961 0.00268357 0.314127 -0.000838298 -0.0026613 0.999996 -0.228377
0.999579 -0.0289685 -0.0013545 10.8549 0.0289718 0.999577 0.0025057 0.331338 0.00128135 -0.00254389 0.999996 -0.235179
0.999559 -0.0296898 -0.00114957 11.3098 0.0296925 0.999556 0.00241902 0.349488 0.00107724 -0.00245208 0.999996 -0.237996
0.999528 -0.0307038 -0.00041761 11.7711 0.0307053 0.999518 0.00447771 0.374057 0.000279927 -0.00448842 0.99999 -0.24686
0.999491 -0.0318957 2.34043e-05 12.251 0.0318949 0.999473 0.00608196 0.405837 -0.00021738 -0.00607812 0.999982 -0.264836
0.999459 -0.0328742 -0.00131449 12.7366 0.0328812 0.999443 0.00571976 0.422073 0.00112572 -0.00575988 0.999983 -0.281689
0.999423 -0.0337901 -0.00343279 13.2265 0.033804 0.99942 0.00405781 0.450778 0.00329368 -0.00417151 0.999986 -0.288608
0.999381 -0.0348727 -0.00461469 13.7499 0.0348894 0.999385 0.00358479 0.471977 0.00448684 -0.00374357 0.999983 -0.298824
0.999336 -0.0360698 -0.00510443 14.2657 0.0360896 0.999341 0.00384312 0.498953 0.00496244 -0.00402479 0.99998 -0.306282
0.999303 -0.0368499 -0.00591842 14.7986 0.0368827 0.999304 0.00552245 0.528505 0.0057108 -0.00573689 0.999967 -0.31293
0.999255 -0.0383255 -0.00459142 15.3499 0.0383562 0.999241 0.00679015 0.558807 0.0043277 -0.0069612 0.999966 -0.315149
0.999213 -0.0396124 -0.00189041 15.9127 0.0396212 0.999203 0.00488 0.580838 0.0016956 -0.00495106 0.999986 -0.327585
0.999174 -0.0406271 0.000562255 16.4866 0.0406254 0.999171 0.00269391 0.614901 -0.000671234 -0.00266884 0.999996 -0.348449
0.999138 -0.0414965 0.0015087 17.0663 0.0414942 0.999138 0.00148766 0.656808 -0.00156913 -0.00142377 0.999998 -0.357998
0.999104 -0.0422978 0.00122048 17.6498 0.0422956 0.999104 0.00180295 0.683673 -0.00129565 -0.00174971 0.999998 -0.364628
0.99905 -0.0435744 0.000910545 18.2283 0.0435704 0.999042 0.00401832 0.715189 -0.00108477 -0.00397483 0.999992 -0.378049
0.998977 -0.0451882 0.00149556 18.8089 0.0451791 0.998963 0.00561123 0.752554 -0.00174757 -0.00553793 0.999983 -0.389644
0.998908 -0.0466743 0.0022162 19.3963 0.0466655 0.998903 0.00387596 0.790397 -0.00239467 -0.00376831 0.99999 -0.41633
0.998845 -0.0480134 0.00160006 20.0026 0.0480117 0.998846 0.00107684 0.830871 -0.00164992 -0.000998779 0.999998 -0.424181
0.998801 -0.0489425 0.00113965 20.5993 0.0489435 0.998801 -0.000837652 0.859567 -0.00109728 0.000892426 0.999999 -0.440741
0.998763 -0.0497195 -0.000216856 21.1992 0.0497192 0.998762 -0.00148779 0.896878 0.00029056 0.00147517 0.999999 -0.4491
0.998723 -0.0504945 -0.0017425 21.8046 0.0504918 0.998723 -0.00152586 0.934237 0.00181732 0.00143593 0.999997 -0.456546
0.998677 -0.051348 -0.00276241 22.425 0.0513462 0.998681 -0.000734797 0.98753 0.0027965 0.000591986 0.999996 -0.470005
0.998666 -0.0514739 -0.00400539 23.0466 0.0514727 0.998674 -0.000393631 1.02384 0.00402034 0.000186938 0.999992 -0.483229
0.998617 -0.0523703 -0.00465912 23.6669 0.0523741 0.998627 0.000693528 1.06586 0.00461641 -0.000936586 0.999989 -0.4978
0.998603 -0.0526013 -0.00492091 24.2985 0.0526057 0.998615 0.000783661 1.10707 0.00487287 -0.00104143 0.999988 -0.505632
0.998625 -0.052252 -0.00414297 24.9343 0.0522522 0.998634 -5.31659e-05 1.14268 0.00414009 -0.000163386 0.999991 -0.50924
0.998642 -0.0520675 -0.00186338 25.5871 0.0520689 0.998643 0.000707638 1.18526 0.001824 -0.000803701 0.999998 -0.516427
0.998675 -0.0514619 0.000920766 26.2559 0.0514605 0.998674 0.00149683 1.23442 -0.000996575 -0.00144746 0.999998 -0.53489
0.998687 -0.0511347 0.00295414 26.9269 0.0511301 0.998691 0.00163911 1.28275 -0.00303408 -0.00148591 0.999994 -0.556921
0.998709 -0.0507041 0.00290665 27.6106 0.0507008 0.998713 0.00117685 1.32335 -0.00296258 -0.00102796 0.999995 -0.574255
0.998759 -0.0497755 0.00157042 28.2874 0.0497751 0.99876 0.000329194 1.36092 -0.00158486 -0.000250618 0.999999 -0.592052
0.998802 -0.0489208 -0.000934106 28.9958 0.0489221 0.998802 0.0014017 1.41481 0.000864414 -0.00144572 0.999999 -0.612955
0.998838 -0.0480587 -0.00355855 29.7044 0.0480657 0.998842 0.00191303 1.46021 0.0034625 -0.00208186 0.999992 -0.628093
0.998883 -0.0468912 -0.00585721 30.4089 0.0469076 0.998896 0.00269824 1.49638 0.00572421 -0.00296997 0.999979 -0.643281
0.99897 -0.0447462 -0.00758318 31.1376 0.0447611 0.998996 0.00180186 1.53732 0.00749494 -0.00213944 0.99997 -0.646495
0.999089 -0.0421161 -0.00684071 31.8571 0.0421359 0.999108 0.00277719 1.57974 0.00671764 -0.0030629 0.999973 -0.645412
0.999217 -0.0394759 -0.0026159 32.6043 0.0394886 0.999207 0.00500782 1.62172 0.00241614 -0.0051072 0.999984 -0.658245
0.999324 -0.0367232 0.00147563 33.3549 0.0367131 0.999306 0.00637048 1.65709 -0.00170855 -0.006312 0.999979 -0.674596
0.99942 -0.0339305 0.00304743 34.0875 0.0339213 0.99942 0.00303549 1.68417 -0.00314866 -0.00293035 0.999991 -0.694168
0.99952 -0.0308804 0.00246253 34.8172 0.0308796 0.999523 0.000342172 1.72036 -0.00247192 -0.000265965 0.999997 -0.705588
0.999627 -0.027264 0.00143624 35.5534 0.0272631 0.999628 0.000598466 1.73835 -0.00145202 -0.000559087 0.999999 -0.723104
0.999711 -0.0240522 -0.000371597 36.2753 0.0240531 0.999707 0.00253758 1.7715 0.000310454 -0.00254579 0.999997 -0.741494
0.999779 -0.020847 -0.00258033 37.0043 0.0208559 0.999776 0.00347494 1.79686 0.00250731 -0.00352799 0.999991 -0.746878
0.999833 -0.0178735 -0.00372715 37.7261 0.0178974 0.999819 0.00649692 1.82484 0.00361035 -0.00656254 0.999972 -0.761311
0.999886 -0.0144304 -0.00437205 38.4383 0.014459 0.999874 0.00657178 1.84194 0.00427667 -0.00663424 0.999969 -0.781595
0.999925 -0.0102922 -0.00670451 39.1504 0.010325 0.999935 0.00487084 1.85933 0.00665394 -0.0049397 0.999966 -0.792202
0.999932 -0.00550514 -0.0102497 39.8831 0.00555415 0.999973 0.00475897 1.86005 0.0102233 -0.00481558 0.999936 -0.785564
0.999943 -0.000297145 -0.0106333 40.5764 0.000382152 0.999968 0.00799327 1.87651 0.0106306 -0.00799688 0.999912 -0.789826
0.999944 0.00446458 -0.00958401 41.3117 -0.00436654 0.999938 0.0102264 1.89109 0.00962908 -0.010184 0.999902 -0.799492
0.999918 0.00944053 -0.00866429 42.0135 -0.0093493 0.999901 0.0105102 1.88993 0.00876265 -0.0104284 0.999907 -0.805856
0.999861 0.0146093 -0.00804226 42.7251 -0.0145183 0.999831 0.0112657 1.87871 0.00820549 -0.0111474 0.999904 -0.807967
0.999767 0.0205238 -0.00672733 43.4137 -0.0204369 0.99971 0.012742 1.8792 0.0069869 -0.0126015 0.999896 -0.807376
0.99964 0.0266406 -0.00307343 44.1273 -0.0265992 0.999564 0.0128125 1.85916 0.00341342 -0.0127261 0.999913 -0.816576
0.999453 0.0330414 0.00113097 44.8216 -0.0330524 0.999384 0.0118023 1.84789 -0.000740311 -0.0118332 0.99993 -0.827436
0.999214 0.0394043 0.00437371 45.5307 -0.0394496 0.999163 0.0108057 1.82877 -0.00394426 -0.0109697 0.999932 -0.849687
0.998955 0.0454019 0.0053161 46.2157 -0.0454521 0.998919 0.00973152 1.80265 -0.00486852 -0.00996298 0.999939 -0.865147
0.998673 0.0513083 0.00452073 46.9107 -0.0513495 0.998635 0.00951818 1.76572 -0.0040262 -0.00973769 0.999944 -0.880109
0.998389 0.056662 0.00283187 47.6118 -0.0566862 0.998348 0.00935595 1.73751 -0.00229706 -0.00950141 0.999952 -0.899106
0.998089 0.0617895 0.000552363 48.3001 -0.0617919 0.998045 0.00941706 1.69949 3.05922e-05 -0.00943319 0.999956 -0.910257
0.997756 0.0669536 -0.000488738 48.979 -0.0669453 0.997706 0.0100944 1.66689 0.00116348 -0.0100391 0.999949 -0.919043
0.997401 0.0720354 0.00121436 49.6779 -0.0720443 0.997346 0.010558 1.62398 -0.000450582 -0.0106181 0.999944 -0.929234
0.997003 0.0773053 0.00301234 50.3682 -0.07733 0.996963 0.00918173 1.56648 -0.00229339 -0.00938715 0.999953 -0.950153
0.996618 0.0821248 0.00287079 51.0636 -0.0821434 0.996595 0.00712032 1.51943 -0.00227626 -0.00733206 0.999971 -0.965073
0.996186 0.0872517 0.000805999 51.7506 -0.0872538 0.996182 0.00298573 1.46557 -0.000542411 -0.00304467 0.999995 -0.979303
0.995916 0.0902734 -0.00161176 52.4543 -0.0902696 0.995915 0.00227959 1.40093 0.00181096 -0.00212479 0.999996 -0.988433
0.995702 0.0925858 -0.00224836 53.1252 -0.0925796 0.995702 0.0027052 1.34897 0.00248915 -0.00248542 0.999994 -1.00033
0.995556 0.0941184 -0.0031807 53.8375 -0.0941087 0.995557 0.00308616 1.29068 0.00345703 -0.00277311 0.99999 -1.0094
0.995438 0.0953518 -0.00344595 54.5354 -0.095343 0.995441 0.0026409 1.23313 0.00368206 -0.00230031 0.999991 -1.01596
0.995275 0.0970939 -0.00109445 55.2365 -0.0970899 0.99527 0.00322509 1.16922 0.00140241 -0.00310359 0.999994 -1.02247
0.995126 0.0985677 0.00295477 55.9354 -0.0985788 0.995122 0.00388571 1.10871 -0.00255735 -0.00415805 0.999988 -1.04169
0.994997 0.0997401 0.00566533 56.6376 -0.0997629 0.995004 0.00388244 1.05084 -0.00524979 -0.00442821 0.999976 -1.06208
0.994856 0.101149 0.00557702 57.3435 -0.101169 0.994863 0.00349631 0.9893 -0.00519473 -0.00404254 0.999978 -1.07853
0.994664 0.103094 0.00383231 58.0348 -0.10311 0.994661 0.00432018 0.918928 -0.00336646 -0.00469228 0.999983 -1.08417
0.994506 0.104613 0.00376478 58.7447 -0.10463 0.9945 0.00462901 0.855458 -0.00325982 -0.00499749 0.999982 -1.10563
0.994374 0.10582 0.00467793 59.4622 -0.105839 0.994375 0.00409745 0.790072 -0.00421803 -0.0045695 0.999981 -1.12409
0.994229 0.107183 0.00446786 60.1518 -0.107202 0.994228 0.00425101 0.724588 -0.00398644 -0.00470545 0.999981 -1.14336
0.994016 0.109178 0.00345996 60.8757 -0.109192 0.994012 0.00413183 0.658621 -0.00298814 -0.0044849 0.999985 -1.15727
0.993858 0.110646 0.00183998 61.5898 -0.110653 0.993851 0.00410314 0.585368 -0.00137467 -0.00428154 0.99999 -1.1778
0.993676 0.112285 0.000947507 62.3128 -0.112288 0.993663 0.00499545 0.508782 -0.000380591 -0.00507025 0.999987 -1.1841
0.993494 0.113881 0.00119734 63.0266 -0.113886 0.993478 0.00561115 0.437405 -0.000550531 -0.00571101 0.999984 -1.2079
0.993353 0.115105 0.000109469 63.7582 -0.115104 0.993335 0.00603444 0.369517 0.000585857 -0.00600694 0.999982 -1.22093
0.993147 0.116863 -0.00153416 64.468 -0.11685 0.993128 0.00658669 0.297273 0.00229336 -0.00636229 0.999977 -1.22587
0.992967 0.118377 -0.00199484 65.1934 -0.118361 0.992947 0.00681758 0.21176 0.00278782 -0.00653352 0.999975 -1.23346
0.992764 0.12008 -0.000503228 65.9126 -0.120074 0.992746 0.00614124 0.138939 0.00123702 -0.00603638 0.999981 -1.24928
0.992567 0.121702 0.000434854 66.6274 -0.121702 0.99255 0.00579932 0.0571199 0.000274173 -0.00580914 0.999983 -1.26051
0.992466 0.122502 0.00206813 67.3341 -0.122512 0.992449 0.00595706 -0.0201947 -0.00132276 -0.00616556 0.99998 -1.26714
0.992411 0.122913 0.0035597 68.0796 -0.122933 0.992397 0.00602066 -0.0999632 -0.00279261 -0.00641257 0.999976 -1.28903
0.992357 0.123378 0.0024765 68.7852 -0.123389 0.992346 0.00499985 -0.182006 -0.00184067 -0.00526721 0.999984 -1.30831
0.992345 0.123494 8.44229e-05 69.4966 -0.123493 0.992336 0.00436734 -0.258786 0.000455563 -0.00434433 0.99999 -1.31987
0.992337 0.123541 -0.00219604 70.203 -0.123534 0.992335 0.00334256 -0.339872 0.00259215 -0.00304566 0.999992 -1.33381
0.992345 0.123426 -0.0040584 70.8988 -0.123415 0.992351 0.00296937 -0.422218 0.00439385 -0.00244577 0.999987 -1.34023
0.992472 0.12236 -0.00527948 71.6072 -0.122348 0.992484 0.0025456 -0.492442 0.00555128 -0.0018805 0.999983 -1.35006
0.992705 0.120419 -0.00594608 72.32 -0.120405 0.992721 0.00269192 -0.578645 0.00622696 -0.00195635 0.999979 -1.35515
0.992849 0.119229 -0.00597946 73.0161 -0.119222 0.992867 0.00145961 -0.646037 0.00611084 -0.000736292 0.999981 -1.35548
0.993052 0.117556 -0.0052574 73.7256 -0.117551 0.993066 0.00125255 -0.722343 0.00536819 -0.000625834 0.999985 -1.36708
0.993262 0.115811 -0.00423233 74.4067 -0.115805 0.993271 0.00167132 -0.790638 0.00439741 -0.00116993 0.99999 -1.37274
0.993375 0.114879 -0.00313168 75.1111 -0.114873 0.993378 0.00204725 -0.860834 0.00334613 -0.00167394 0.999993 -1.3824
0.993511 0.113724 -0.00138019 75.8018 -0.113722 0.993511 0.00177859 -0.930433 0.0015735 -0.00161009 0.999997 -1.39143
0.993617 0.112806 -0.000937823 76.4951 -0.112805 0.993616 0.00149502 -0.995138 0.00110048 -0.00137969 0.999998 -1.40444
0.993757 0.11156 -0.00132011 77.1909 -0.111559 0.993757 0.00111108 -1.06704 0.00143583 -0.000956869 0.999999 -1.41448
0.993846 0.110749 -0.00198156 77.8655 -0.110747 0.993848 0.00148334 -1.12642 0.00213364 -0.00125476 0.999997 -1.42542
0.99391 0.110169 -0.0025697 78.5473 -0.110163 0.993911 0.00234789 -1.18934 0.00281271 -0.00205051 0.999994 -1.43939
0.99395 0.109797 -0.00267165 79.2379 -0.109789 0.99395 0.00298017 -1.26001 0.0029827 -0.00266882 0.999992 -1.44823
0.994016 0.1092 -0.00289122 79.9174 -0.109192 0.994017 0.00281555 -1.32581 0.00318138 -0.002483 0.999992 -1.46525
0.994035 0.108998 -0.00365684 80.6065 -0.108989 0.99404 0.00242797 -1.38922 0.00389969 -0.00201493 0.99999 -1.46908
0.994067 0.108721 -0.00321159 81.2866 -0.10871 0.994068 0.00344722 -1.45362 0.00356732 -0.00307764 0.999989 -1.47833
0.994063 0.10879 -0.00164759 81.989 -0.108783 0.994056 0.00427958 -1.5201 0.00210338 -0.00407495 0.999989 -1.48557
0.994084 0.108616 -0.000335778 82.6845 -0.108614 0.994078 0.00352095 -1.58903 0.000716219 -0.00346365 0.999994 -1.5016
0.994092 0.108542 0.000223977 83.3788 -0.108542 0.99409 0.00171841 -1.66085 -3.61344e-05 -0.00173257 0.999998 -1.50971
0.994065 0.108789 0.000774351 84.0618 -0.108791 0.994063 0.00194197 -1.71995 -0.000558488 -0.00201468 0.999998 -1.51699
0.994062 0.108782 0.00277769 84.7621 -0.108789 0.994062 0.00240043 -1.78823 -0.00250008 -0.00268836 0.999993 -1.53292
0.994059 0.108776 0.00381857 85.4526 -0.108783 0.994064 0.00165167 -1.85756 -0.00361624 -0.00205726 0.999991 -1.55716
0.994036 0.109027 0.00250445 86.1294 -0.109027 0.994039 0.000189707 -1.9226 -0.00246884 -0.000461629 0.999997 -1.57035
0.994036 0.109051 0.000738922 86.8089 -0.109051 0.994036 0.000236379 -1.98764 -0.000708737 -0.00031555 1 -1.57975
0.994004 0.109339 -0.000774067 87.5085 -0.109338 0.994004 0.000668431 -2.05351 0.000842511 -0.000579788 0.999999 -1.59376
0.994018 0.109199 -0.00187412 88.1651 -0.1092 0.99402 -0.000181577 -2.11825 0.00184309 0.000385145 0.999998 -1.60666
0.994006 0.109268 -0.00351389 88.8564 -0.10927 0.994012 -0.000498999 -2.1875 0.00343832 0.000879972 0.999994 -1.61416
0.993969 0.109599 -0.00372531 89.5376 -0.109597 0.993976 0.000487478 -2.25902 0.0037563 -7.62534e-05 0.999993 -1.61927
0.994005 0.10929 -0.00308343 90.2116 -0.109285 0.994009 0.00171957 -2.31196 0.00325289 -0.00137228 0.999994 -1.63209
0.994038 0.108966 -0.00381713 90.8689 -0.108964 0.994045 0.000857853 -2.38086 0.00388787 -0.00043681 0.999992 -1.64968
0.994012 0.109148 -0.00519032 91.5475 -0.109152 0.994025 -0.000522385 -2.4461 0.00510229 0.00108579 0.999986 -1.65252
0.993978 0.109421 -0.00595132 92.2063 -0.109429 0.993994 -0.000898363 -2.50945 0.00581727 0.0015442 0.999982 -1.65366
0.993966 0.109566 -0.00517752 92.8853 -0.109563 0.993979 0.000935238 -2.57154 0.00524882 -0.00036233 0.999986 -1.65852
0.994 0.109363 -0.00195961 93.5415 -0.109358 0.993999 0.00271326 -2.63165 0.00224459 -0.00248268 0.999994 -1.66273
0.994045 0.108957 0.00167189 94.2285 -0.108963 0.994037 0.00411456 -2.69195 -0.00121361 -0.00427223 0.99999 -1.6793
0.994065 0.108712 0.00398572 94.8724 -0.108728 0.994064 0.00384175 -2.7556 -0.00354442 -0.0042523 0.999985 -1.69126
0.994076 0.108586 0.00475406 95.5328 -0.1086 0.994081 0.00283484 -2.81973 -0.0044181 -0.00333434 0.999985 -1.70836
0.994065 0.108712 0.00406119 96.191 -0.108721 0.99407 0.00200156 -2.87793 -0.00381951 -0.00243121 0.99999 -1.72549
0.994044 0.108977 0.000900213 96.8363 -0.108978 0.994042 0.00203025 -2.93981 -0.0006736 -0.00211626 0.999998 -1.74233
0.994037 0.109029 -0.00151469 97.4796 -0.109023 0.994031 0.00400398 -3.00133 0.0019422 -0.00381497 0.999991 -1.74499
0.994037 0.10903 -0.00197543 98.1312 -0.109021 0.99403 0.0042964 -3.06371 0.00243207 -0.00405541 0.999989 -1.75761
0.994012 0.10923 -0.00302499 98.7835 -0.10922 0.994012 0.00337277 -3.12464 0.00337528 -0.00302219 0.99999 -1.76863
0.994024 0.10912 -0.00304698 99.4275 -0.109109 0.994023 0.00359164 -3.1918 0.00342069 -0.00323772 0.999989 -1.77657
0.994013 0.109236 -0.00237694 100.074 -0.109225 0.994009 0.00404569 -3.25624 0.00280463 -0.00376185 0.999989 -1.7783
0.994022 0.109176 -0.000954512 100.689 -0.10917 0.994012 0.00477638 -3.30409 0.00147026 -0.00464362 0.999988 -1.79475
0.994064 0.108801 0.000257831 101.301 -0.1088 0.994049 0.00531319 -3.37166 0.000321782 -0.0053097 0.999986 -1.80044
0.994064 0.108789 0.0012589 101.93 -0.108794 0.994049 0.00553624 -3.42728 -0.000649122 -0.00564034 0.999984 -1.80488
0.994046 0.108932 0.00235167 102.525 -0.108939 0.994043 0.00330362 -3.48712 -0.00197779 -0.00354014 0.999992 -1.82402
0.994049 0.108898 -0.00274532 103.124 -0.108891 0.99405 0.00258073 -3.53702 0.00301003 -0.00226643 0.999993 -1.86609
0.993947 0.108711 -0.0158766 103.69 -0.108601 0.994056 0.00762504 -3.59321 0.0166111 -0.00585467 0.999845 -1.85129
0.993826 0.108384 -0.0237197 104.242 -0.108064 0.99404 0.0143976 -3.63555 0.0251388 -0.0117454 0.999615 -1.83085
0.99388 0.107608 -0.0249688 104.799 -0.107234 0.994107 0.0158624 -3.68249 0.0265286 -0.0130878 0.999562 -1.8348
0.993923 0.107502 -0.0236824 105.365 -0.107114 0.9941 0.0170903 -3.7499 0.02538 -0.0144498 0.999573 -1.81524
0.994102 0.107645 -0.0131703 105.912 -0.107425 0.994077 0.0164312 -3.79324 0.014861 -0.0149194 0.999778 -1.8107
0.994138 0.108113 0.00116682 106.473 -0.108119 0.994038 0.0141155 -3.85586 0.000366213 -0.0141589 0.9999 -1.78689
0.993931 0.108305 0.0192766 107.022 -0.108604 0.993969 0.0151698 -3.90199 -0.0175173 -0.0171713 0.999699 -1.8077
0.993607 0.108161 0.0323335 107.569 -0.108606 0.994008 0.0123273 -3.95116 -0.0308065 -0.0157601 0.999401 -1.86617
0.993617 0.10874 0.0300314 108.08 -0.109002 0.994015 0.00722703 -4.00067 -0.0290658 -0.0104544 0.999523 -1.89724
0.993844 0.109266 0.0183271 108.576 -0.109323 0.994004 0.00214596 -4.06528 -0.0179828 -0.00413632 0.99983 -1.90817
0.993986 0.109339 0.00599783 109.035 -0.109336 0.994004 -0.000983556 -4.10784 -0.00606941 0.000321865 0.999982 -1.90637
0.993943 0.109778 -0.00510686 109.51 -0.10977 0.993956 0.00172683 -4.16122 0.00526556 -0.00115579 0.999985 -1.92039
0.993872 0.109728 -0.0133659 109.968 -0.109644 0.993947 0.00691712 -4.18886 0.014044 -0.00540925 0.999887 -1.93279
0.993838 0.109713 -0.0157946 110.428 -0.109575 0.993935 0.00933398 -4.23235 0.0167228 -0.00754577 0.999832 -1.93445
0.993914 0.109374 -0.0131031 110.888 -0.109273 0.993978 0.00821745 -4.2816 0.013923 -0.00673562 0.99988 -1.93638
0.993936 0.109571 -0.00926694 111.37 -0.10953 0.993972 0.0048837 -4.32298 0.00974619 -0.00383908 0.999945 -1.9285
0.993938 0.109767 -0.0062245 111.818 -0.109747 0.993953 0.00350848 -4.37313 0.00657198 -0.0028041 0.999974 -1.92488
0.993967 0.109604 -0.00416072 112.29 -0.109579 0.993961 0.0057414 -4.41866 0.00476487 -0.00525084 0.999975 -1.93162
0.993976 0.109544 -0.00348855 112.75 -0.109525 0.99397 0.00525033 -4.45934 0.00404266 -0.00483661 0.99998 -1.93986
0.993939 0.109896 -0.00282931 113.201 -0.109884 0.993936 0.00398907 -4.50994 0.00325054 -0.00365399 0.999988 -1.95341
0.993906 0.110218 -0.00169305 113.666 -0.110211 0.993902 0.00358513 -4.55915 0.00207787 -0.00337668 0.999992 -1.95462
0.993922 0.110088 0.000298061 114.116 -0.110088 0.99391 0.00481633 -4.60102 0.000233972 -0.00481987 0.999988 -1.96178
0.99388 0.11045 0.00175205 114.571 -0.11046 0.993852 0.00747089 -4.6357 -0.000916117 -0.0076187 0.999971 -1.9651
0.993902 0.110213 0.00351321 115.017 -0.110241 0.993864 0.00904159 -4.68049 -0.00249515 -0.00937375 0.999953 -1.97669
0.993951 0.109774 0.00328766 115.44 -0.109795 0.99393 0.0069279 -4.7163 -0.0025072 -0.00724696 0.999971 -1.98981
0.99396 0.10974 0.000398417 115.86 -0.109741 0.993955 0.0031864 -4.76663 -4.63327e-05 -0.00321088 0.999995 -1.99934
0.993986 0.109464 -0.00314837 116.247 -0.109461 0.99399 0.00120144 -4.80465 0.00326097 -0.000849589 0.999994 -2.00469
0.993984 0.109361 -0.00595865 116.636 -0.10936 0.994002 0.000381071 -4.84608 0.00596459 0.00027286 0.999982 -2.00672
0.993991 0.109201 -0.00758628 117.021 -0.109199 0.99402 0.000685719 -4.8866 0.00761579 0.000146819 0.999971 -2.0109
0.994005 0.10897 -0.00892696 117.389 -0.108964 0.994045 0.00110124 -4.91874 0.0089938 -0.00012192 0.99996 -2.01222
0.994011 0.108816 -0.0100471 117.751 -0.10881 0.994062 0.00104947 -4.95257 0.0101016 5.00486e-05 0.999949 -2.01445
0.994038 0.108566 -0.0100675 118.123 -0.108568 0.994089 0.000300672 -4.99386 0.0100406 0.000794133 0.999949 -2.01827
0.994057 0.108443 -0.00948552 118.492 -0.108456 0.994101 -0.00079328 -5.03431 0.00934354 0.00181732 0.999955 -2.02146
0.994108 0.108013 -0.00907546 118.844 -0.108026 0.994148 -0.00101828 -5.06526 0.00891236 0.00199267 0.999958 -2.02341
0.994188 0.107319 -0.0085433 119.217 -0.10733 0.994223 -0.000772644 -5.09734 0.00841103 0.0016851 0.999963 -2.02424
0.994264 0.106703 -0.00735616 119.588 -0.106713 0.994289 -0.00099281 -5.13732 0.00720821 0.00177211 0.999972 -2.02561
0.994342 0.106056 -0.00602739 119.945 -0.106065 0.994358 -0.00127151 -5.16706 0.00585854 0.00190361 0.999981 -2.03188
0.994403 0.105479 -0.00599842 120.315 -0.105494 0.994417 -0.00224548 -5.20479 0.00572808 0.00286571 0.999979 -2.03964
0.994442 0.105083 -0.00649009 120.679 -0.105107 0.994455 -0.00336179 -5.23957 0.00610084 0.00402526 0.999973 -2.04497
0.994468 0.104774 -0.00749405 121.04 -0.104811 0.994481 -0.00468696 -5.27361 0.00696162 0.00544649 0.999961 -2.0455
0.994519 0.104363 -0.00640997 121.416 -0.104386 0.994531 -0.00348431 -5.29836 0.00601128 0.00413433 0.999973 -2.04588
0.994591 0.103747 -0.00507944 121.777 -0.103761 0.994599 -0.00263994 -5.32741 0.00477812 0.0031527 0.999984 -2.0563
0.994637 0.103275 -0.00565876 122.142 -0.103288 0.994649 -0.0020169 -5.36545 0.00542018 0.00259056 0.999982 -2.05762
0.994656 0.103088 -0.00568057 122.495 -0.103094 0.994671 -0.000690949 -5.39304 0.00557907 0.00127289 0.999984 -2.06247
0.994699 0.102666 -0.00585454 122.869 -0.102682 0.994711 -0.00255889 -5.42804 0.00556086 0.00314647 0.99998 -2.07198
0.994637 0.103206 -0.00682386 123.236 -0.10323 0.994652 -0.00325836 -5.46139 0.00645109 0.00394531 0.999971 -2.07363
0.994651 0.103028 -0.00745346 123.588 -0.103058 0.994668 -0.00377046 -5.49853 0.00702526 0.00451843 0.999965 -2.07529
0.994627 0.103281 -0.00710705 123.969 -0.1033 0.994647 -0.00233676 -5.53268 0.00682766 0.00305836 0.999972 -2.0774
0.994643 0.103188 -0.00604964 124.361 -0.103195 0.994661 -0.000910366 -5.56415 0.0059234 0.00152978 0.999981 -2.0879
0.99467 0.102989 -0.00507355 124.722 -0.102995 0.994681 -0.000873715 -5.59701 0.00495658 0.00139161 0.999987 -2.09595
0.994621 0.10347 -0.00470162 125.117 -0.103478 0.994631 -0.00142413 -5.62887 0.00452902 0.00190298 0.999988 -2.09976
0.994653 0.103189 -0.0041076 125.509 -0.103198 0.994659 -0.00196246 -5.6754 0.00388316 0.00237587 0.99999 -2.10131
0.994633 0.103441 -0.00222869 125.911 -0.103446 0.994632 -0.00231113 -5.70802 0.00197767 0.00252927 0.999995 -2.10688
0.994632 0.103475 -0.00081598 126.327 -0.103476 0.99463 -0.00210215 -5.74155 0.000594077 0.0021753 0.999997 -2.1145
0.994624 0.103544 -0.00146698 126.731 -0.103546 0.994623 -0.00183981 -5.77854 0.00126859 0.00198181 0.999997 -2.12632
0.994592 0.103817 -0.00298609 127.143 -0.103825 0.994591 -0.00296264 -5.8244 0.00266237 0.00325665 0.999991 -2.13763
0.994564 0.104024 -0.00472963 127.557 -0.104041 0.994567 -0.00356014 -5.85612 0.0043336 0.00403286 0.999982 -2.14451
0.994512 0.104455 -0.00597836 127.995 -0.104478 0.994521 -0.0035388 -5.90176 0.00557596 0.00414398 0.999976 -2.14527
0.994503 0.104577 -0.00521042 128.432 -0.104589 0.994513 -0.00206244 -5.93667 0.00496615 0.00259605 0.999984 -2.15289
0.994493 0.104702 -0.00456132 128.888 -0.104706 0.994503 -0.000659314 -5.97662 0.00446722 0.00113328 0.999989 -2.16319
0.994519 0.104471 -0.00427151 129.336 -0.10447 0.994528 0.000548097 -6.01801 0.0043054 -9.88481e-05 0.999991 -2.17186
0.994509 0.104528 -0.00509103 129.794 -0.104528 0.994522 0.000317721 -6.06444 0.00509635 0.000216178 0.999987 -2.17813
0.994502 0.104574 -0.0055428 130.244 -0.104568 0.994517 0.00148468 -6.1016 0.00566766 -0.000896924 0.999984 -2.18073
0.994494 0.104652 -0.00548573 130.724 -0.104644 0.994508 0.00162884 -6.13777 0.00562606 -0.00104582 0.999984 -2.18833
0.994456 0.104988 -0.00594621 131.203 -0.104977 0.994472 0.00211148 -6.18318 0.00613502 -0.00147556 0.99998 -2.19767
0.994441 0.105044 -0.0073038 131.679 -0.105027 0.994466 0.00265608 -6.22726 0.00754238 -0.00187422 0.99997 -2.20301
0.994381 0.105558 -0.00797537 132.169 -0.105529 0.994408 0.00394915 -6.27578 0.00834764 -0.00308532 0.99996 -2.20705
0.994354 0.105895 -0.006832 132.666 -0.105866 0.994371 0.00435832 -6.31525 0.00725507 -0.00361043 0.999967 -2.21486
0.994293 0.10648 -0.00658559 133.175 -0.106453 0.994309 0.00426974 -6.36805 0.00700275 -0.00354432 0.999969 -2.22771
0.994257 0.106752 -0.00760581 133.682 -0.106721 0.994279 0.00440722 -6.41827 0.00803278 -0.00357021 0.999961 -2.22798
0.994206 0.107228 -0.00751877 134.199 -0.107198 0.994228 0.00437346 -6.46334 0.00794433 -0.00354213 0.999962 -2.2329
0.994151 0.107808 -0.00636108 134.712 -0.107778 0.994163 0.00486186 -6.51114 0.0068481 -0.00414783 0.999968 -2.24298
0.994113 0.108176 -0.00608464 135.231 -0.108146 0.994123 0.00497918 -6.56308 0.0065875 -0.00429184 0.999969 -2.25177
0.994121 0.108078 -0.006454 135.757 -0.108049 0.994135 0.00466689 -6.61437 0.00692054 -0.00394211 0.999968 -2.25619
0.994071 0.108576 -0.0058794 136.283 -0.108548 0.994079 0.00491903 -6.66794 0.00637868 -0.00425166 0.999971 -2.25567
0.994034 0.108968 -0.0048031 136.81 -0.108949 0.994039 0.00412706 -6.71453 0.00522418 -0.00357914 0.99998 -2.26576
0.994033 0.108986 -0.00461045 137.339 -0.108971 0.994039 0.00328807 -6.77036 0.00494132 -0.00276604 0.999984 -2.27494
0.99396 0.109591 -0.00575739 137.868 -0.109577 0.993975 0.0026287 -6.81932 0.00601078 -0.00198194 0.99998 -2.28229
0.993887 0.110237 -0.00601228 138.388 -0.11022 0.993903 0.00306045 -6.86725 0.006313 -0.00237907 0.999977 -2.28443
0.993842 0.11069 -0.00502416 138.913 -0.110672 0.99385 0.0036686 -6.92029 0.00539933 -0.00308998 0.999981 -2.2895
0.993836 0.11078 -0.0041407 139.433 -0.110768 0.993841 0.00314142 -6.97818 0.00446321 -0.0026634 0.999986 -2.29947
0.993754 0.111489 -0.00480519 139.951 -0.111484 0.993765 0.00142308 -7.03212 0.00493388 -0.000878495 0.999987 -2.31134
0.993692 0.111913 -0.00717315 140.468 -0.111922 0.993717 -0.000918928 -7.07901 0.00702524 0.00171597 0.999974 -2.32766
0.993564 0.112396 -0.0140724 140.976 -0.112393 0.993663 0.00102101 -7.12386 0.014098 0.000567195 0.9999 -2.33186
0.993413 0.112389 -0.0223241 141.463 -0.112251 0.993653 0.00735312 -7.18087 0.0230088 -0.00479879 0.999724 -2.31363
0.993385 0.112166 -0.0245835 141.977 -0.111905 0.99365 0.0117257 -7.21999 0.0257426 -0.00889712 0.999629 -2.31178
0.993397 0.111939 -0.0251511 142.456 -0.11171 0.993687 0.0103319 -7.27669 0.0261489 -0.007454 0.99963 -2.31405
0.993309 0.112587 -0.0257041 142.965 -0.112452 0.993635 0.00662702 -7.3324 0.0262866 -0.00369221 0.999648 -2.30028
0.993373 0.113493 -0.0181372 143.471 -0.113445 0.993537 0.00368476 -7.39097 0.0184382 -0.00160277 0.999829 -2.28697
0.993501 0.1138 -0.00247891 143.979 -0.113792 0.993499 0.00319525 -7.4369 0.00282642 -0.0028924 0.999992 -2.28515
0.993294 0.114461 0.0163058 144.505 -0.114583 0.993391 0.00675818 -7.48934 -0.0154244 -0.00858122 0.999844 -2.29781
0.992939 0.114879 0.0295733 145.004 -0.115042 0.993353 0.00387926 -7.53339 -0.028931 -0.00725404 0.999555 -2.33337
0.992882 0.115107 0.0305967 145.502 -0.115128 0.99335 -0.00107801 -7.58747 -0.0305173 -0.0024522 0.999531 -2.35947
0.993022 0.115725 0.0226913 146.001 -0.115639 0.993278 -0.00507145 -7.64631 -0.0231257 0.00241206 0.99973 -2.36967
0.993186 0.115825 0.0128529 146.487 -0.115756 0.993259 -0.00604774 -7.70602 -0.0134667 0.00451875 0.999899 -2.3894
0.993233 0.116128 0.00153936 146.972 -0.116121 0.993228 -0.00378663 -7.7514 -0.00196867 0.00358225 0.999992 -2.40803
0.993166 0.116296 -0.0098249 147.431 -0.116301 0.993214 1.51105e-05 -7.80159 0.00975999 0.00112764 0.999952 -2.41752
0.993121 0.116109 -0.0151513 147.924 -0.116105 0.993236 0.0011572 -7.85399 0.0151832 0.000609909 0.999885 -2.43787
0.993099 0.116436 -0.0140643 148.413 -0.116421 0.993198 0.00188744 -7.8993 0.0141884 -0.000237037 0.999899 -2.43307
0.993088 0.117019 -0.00906668 148.919 -0.117011 0.99313 0.00137255 -7.94731 0.00916501 -0.000302162 0.999958 -2.43366
0.993116 0.11703 -0.00503038 149.427 -0.117026 0.993128 0.000980506 -8.0064 0.00511056 -0.00038507 0.999987 -2.43506
0.993071 0.117477 -0.00302532 149.919 -0.117475 0.993075 0.000969449 -8.05133 0.00311826 -0.000607333 0.999995 -2.43601
0.993061 0.117577 -0.00237033 150.427 -0.117577 0.993064 5.84699e-05 -8.10067 0.00236076 0.000220631 0.999997 -2.44893
0.993037 0.117764 -0.00290073 150.928 -0.117766 0.993041 -0.000479534 -8.16616 0.00282407 0.000817801 0.999996 -2.45561
0.992996 0.118081 -0.00395777 151.425 -0.118089 0.993001 -0.00177855 -8.21743 0.00372006 0.00223346 0.999991 -2.46742
0.992925 0.118604 -0.00570491 151.927 -0.118621 0.992936 -0.00269421 -8.26984 0.00534507 0.00335187 0.99998 -2.4723
0.992878 0.118922 -0.0071695 152.441 -0.118941 0.992899 -0.00225257 -8.32977 0.00685071 0.00308927 0.999972 -2.47653
0.992843 0.119206 -0.00730459 152.966 -0.119218 0.992867 -0.00118018 -8.37804 0.00711181 0.00204257 0.999973 -2.47966
0.992835 0.119294 -0.00690792 153.491 -0.119295 0.992859 0.000283925 -8.42678 0.00689246 0.000542187 0.999976 -2.48711
0.992832 0.119342 -0.00653827 154.016 -0.119343 0.992853 0.000273046 -8.48672 0.00652413 0.000509209 0.999979 -2.49595
0.992847 0.119172 -0.00729254 154.567 -0.119171 0.992874 0.000488951 -8.55066 0.00729884 0.000383606 0.999973 -2.50453
0.992809 0.119494 -0.00712823 155.104 -0.119489 0.992835 0.00111775 -8.59941 0.00721072 -0.000257971 0.999974 -2.50469
0.992817 0.119484 -0.00613644 155.67 -0.119474 0.992835 0.00188847 -8.65326 0.00631812 -0.00114175 0.999979 -2.51425
0.992804 0.119617 -0.00567463 156.231 -0.119607 0.992819 0.00217275 -8.71853 0.00589377 -0.00147839 0.999982 -2.52593
0.992824 0.119438 -0.00589482 156.818 -0.119425 0.99284 0.00240165 -8.78406 0.00613946 -0.00168043 0.99998 -2.53444
0.992822 0.119453 -0.00597654 157.382 -0.119442 0.992839 0.00227321 -8.84248 0.00620528 -0.00154305 0.99998 -2.54053
0.992828 0.119414 -0.00579317 157.975 -0.119396 0.992841 0.00331418 -8.91057 0.00614746 -0.00259873 0.999978 -2.55136
0.99281 0.119581 -0.00530496 158.572 -0.119563 0.99282 0.00355155 -8.96604 0.00569157 -0.00289174 0.99998 -2.55976
0.992799 0.119714 -0.00439173 159.192 -0.119698 0.992803 0.0038549 -9.02961 0.00482161 -0.00330146 0.999983 -2.57203
0.992825 0.119497 -0.00432558 159.816 -0.119482 0.99283 0.00359004 -9.08955 0.00472356 -0.00304745 0.999984 -2.58315
0.992808 0.119604 -0.00523342 160.441 -0.119592 0.992819 0.00271057 -9.16435 0.00552004 -0.00206521 0.999983 -2.59827
0.992792 0.11967 -0.00651815 161.078 -0.119654 0.992812 0.00284029 -9.22629 0.00681119 -0.0020399 0.999975 -2.60463
0.992873 0.118993 -0.00657221 161.73 -0.118977 0.992893 0.00287104 -9.29712 0.00686713 -0.00206864 0.999974 -2.61326
0.992954 0.118338 -0.00623619 162.372 -0.118325 0.992972 0.0023402 -9.36466 0.0064693 -0.00158582 0.999978 -2.62716
0.993046 0.117467 -0.00784518 163.044 -0.117454 0.993076 0.00205843 -9.44391 0.00803266 -0.00112266 0.999967 -2.63746
0.993055 0.117365 -0.00819337 163.72 -0.117359 0.993089 0.00120242 -9.51 0.00827786 -0.000232504 0.999966 -2.6472
0.99311 0.116837 -0.00905552 164.384 -0.116833 0.993151 0.000951806 -9.58001 0.00910471 0.000112739 0.999959 -2.65081
0.99315 0.116552 -0.00828961 165.096 -0.116557 0.993184 -0.000212913 -9.6526 0.00820829 0.00117767 0.999966 -2.66145
0.993228 0.115902 -0.00801428 165.761 -0.115915 0.993258 -0.00117887 -9.72576 0.00782362 0.00209987 0.999967 -2.66906
0.993249 0.115687 -0.00854865 166.443 -0.115703 0.993283 -0.00143288 -9.79221 0.00832546 0.00241231 0.999962 -2.67308
0.993326 0.115055 -0.00813265 167.137 -0.115068 0.993357 -0.00105843 -9.86319 0.00795685 0.00198717 0.999966 -2.6789
0.993435 0.114196 -0.00674993 167.81 -0.114206 0.993456 -0.00116339 -9.93295 0.00657291 0.00192664 0.999977 -2.68926
0.993519 0.113544 -0.00526146 168.489 -0.113551 0.993532 -0.00108015 -10.0101 0.00510478 0.00167059 0.999986 -2.69366
