1 0 0 0 0 1 0 0 -0 0 1 0
1 0.000817339 -1.08545e-05 0.000560508 -0.000817339 1 1.61791e-05 0.00224615 1.08678e-05 -1.61702e-05 1 0.00139043
1 0.000383792 -1.99868e-05 -0.00274098 -0.000383792 1 -7.37883e-06 0.00623976 1.9984e-05 7.3865e-06 1 0.000561475
1 0.00088593 -1.66701e-05 -0.00206959 -0.00088593 1 4.44719e-05 -0.0014519 1.67095e-05 -4.44571e-05 1 0.00123516
1 0.000399642 -1.64722e-05 -0.00502478 -0.000399642 1 6.22456e-06 0.00264507 1.64747e-05 -6.21798e-06 1 0.000776538
1 0.000613282 -8.73984e-06 -0.00726328 -0.000613282 1 1.8558e-05 0.00110807 8.75122e-06 -1.85526e-05 1 0.00102862
1 0.00049704 -1.59662e-05 -0.00798968 -0.000497041 1 -7.86347e-06 0.000760904 1.59623e-05 7.87141e-06 1 0.000593599
1 0.000575928 -7.77938e-06 -0.00449093 -0.000575928 1 2.11087e-05 0.00195034 7.79154e-06 -2.11042e-05 1 0.000886597
1 0.000713194 5.94544e-06 -0.00496913 -0.000713194 1 2.92531e-05 -0.00296469 -5.92457e-06 -2.92574e-05 1 0.00111116
1 0.000740558 -1.93397e-05 -0.00199567 -0.000740558 1 -2.57398e-06 0.00180455 1.93378e-05 2.5883e-06 1 0.00161028
1 0.000511146 -5.23991e-06 -0.00466608 -0.000511146 1 -7.84557e-06 0.00555547 5.2359e-06 7.84824e-06 1 0.000275529
1 0.000354605 -1.79056e-05 -0.00131894 -0.000354605 1 4.59201e-06 0.00465349 1.79072e-05 -4.58566e-06 1 0.000554834
1 0.000775492 -1.90843e-05 -0.00124234 -0.000775491 1 2.21516e-05 0.00203305 1.91015e-05 -2.21368e-05 1 0.00142665
1 0.00038166 0.000151994 -0.00739711 -0.000381649 1 -7.26458e-05 0.00470107 -0.000152022 7.25877e-05 1 0.00194687
1 0.000836727 0.000496424 -0.0169626 -0.0008365 1 -0.000456457 0.00297455 -0.000496805 0.000456042 1 0.00708197
1 0.000772763 0.000520369 -0.029674 -0.000772586 1 -0.000340954 0.00814773 -0.000520632 0.000340552 1 0.00470872
1 0.000945436 0.0002113 -0.0177408 -0.000945417 1 -8.56726e-05 0.00150229 -0.000211381 8.54727e-05 1 -0.000783953
1 0.000831175 -0.000202127 -0.0100331 -0.000831185 1 -5.18176e-05 0.00660648 0.000202084 5.19856e-05 1 -0.00238673
1 0.000490998 -0.00021363 0.00949718 -0.000490999 1 -6.78102e-06 0.012502 0.000213626 6.88591e-06 1 -0.00312516
1 0.000773211 -3.91062e-05 0.0231471 -0.000773214 1 -5.98766e-05 0.0137882 3.90599e-05 5.99068e-05 1 -0.00124935
1 0.000763749 8.346e-05 0.0504313 -0.000763745 1 -4.13347e-05 0.00699567 -8.34916e-05 4.12709e-05 1 -0.000554765
1 0.000512081 -0.000114041 0.0764014 -0.000512086 1 -5.02437e-05 0.0105859 0.000114015 5.03021e-05 1 -0.00028693
1 0.000398518 -0.000203232 0.107056 -0.00039855 1 -0.000157639 0.0084886 0.000203169 0.00015772 1 -0.000811003
1 0.000286479 -0.000181364 0.142783 -0.000286528 1 -0.000268624 0.00566782 0.000181287 0.000268676 1 0.000292692
1 7.88563e-05 -0.000135709 0.180962 -7.8883e-05 1 -0.000197167 0.00877221 0.000135693 0.000197178 1 0.00103477
1 2.36928e-05 -0.000264368 0.231629 -2.37536e-05 1 -0.000229938 0.00616829 0.000264363 0.000229944 1 0.000716137
1 -0.000323468 -0.00051309 0.285594 0.000323337 1 -0.000255737 -0.00187702 0.000513173 0.000255571 1 -0.000533951
0.999999 -0.000379899 -0.000993196 0.349869 0.000379657 1 -0.000243431 -0.0036487 0.000993288 0.000243054 0.999999 -0.00173116
0.999999 -0.000541349 -0.00136519 0.419102 0.000541082 1 -0.000196294 -0.000200876 0.00136529 0.000195555 0.999999 -0.00167246
0.999999 -0.000372259 -0.00155582 0.502822 0.000371865 1 -0.000253829 -0.000554138 0.00155591 0.00025325 0.999999 -0.0039799
0.999998 -0.000681075 -0.00181158 0.605006 0.00068072 1 -0.000196703 -0.0045909 0.00181171 0.00019547 0.999998 -0.00780545
0.999997 -0.00102795 -0.0023132 0.699982 0.00102756 0.999999 -0.000166652 -0.00586398 0.00231337 0.000164274 0.999997 -0.00824177
0.999995 -0.00163339 -0.00278135 0.806026 0.00163207 0.999999 -0.000474832 -0.000708204 0.00278212 0.00047029 0.999996 -0.00912633
0.999993 -0.00148092 -0.00331427 0.945273 0.00147929 0.999999 -0.000493412 -0.000334825 0.003315 0.000488506 0.999994 -0.00857712
0.999992 -0.00234669 -0.00325885 1.0743 0.00234558 0.999997 -0.000344834 0.00228563 0.00325965 0.000337187 0.999995 -0.0122271
0.999991 -0.00277213 -0.00330202 1.22674 0.00277134 0.999996 -0.000246033 -0.0104604 0.00330269 0.00023688 0.999995 -0.0124976
0.999988 -0.00297975 -0.00383889 1.38688 0.00297911 0.999996 -0.000174166 -0.00860118 0.00383939 0.000162728 0.999993 -0.0175372
0.999985 -0.00332764 -0.00436293 1.55028 0.00332598 0.999994 -0.000387787 -0.00627166 0.0043642 0.000373271 0.99999 -0.0163004
0.999982 -0.00418371 -0.00432076 1.71544 0.00418123 0.999991 -0.000582113 -0.0180172 0.00432315 0.000564037 0.99999 -0.015975
0.999977 -0.00463623 -0.0049868 1.90744 0.00463241 0.999989 -0.00077836 -0.0106721 0.00499035 0.000755241 0.999987 -0.0114974
0.999971 -0.00521571 -0.00546625 2.09984 0.0052137 0.999986 -0.000382087 -0.0100924 0.00546817 0.000353577 0.999985 -0.0171637
0.999969 -0.00600537 -0.00518543 2.3214 0.00600555 0.999982 2.00426e-05 -0.0135698 0.00518522 -5.11834e-05 0.999987 -0.018214
0.999965 -0.00629548 -0.0055572 2.54892 0.00629634 0.99998 0.000137067 -0.0162158 0.00555622 -0.000172052 0.999985 -0.0165312
0.999963 -0.00661976 -0.00548367 2.7773 0.00662244 0.999978 0.000469798 -0.0117845 0.00548044 -0.000506096 0.999985 -0.0128754
0.999954 -0.0079454 -0.00541957 3.02861 0.00794864 0.999968 0.000576776 -0.00462094 0.00541482 -0.000619827 0.999985 -0.0212761
0.999955 -0.00800428 -0.00509241 3.28131 0.00800946 0.999967 0.000997991 -0.00916899 0.00508426 -0.00103873 0.999987 -0.0250482
0.999947 -0.00917393 -0.00456973 3.54121 0.00917412 0.999958 2.15502e-05 -0.0141181 0.00456934 -6.34722e-05 0.99999 -0.0158834
0.999941 -0.00944006 -0.00544872 3.82136 0.00944038 0.999955 3.30656e-05 -0.0107314 0.00544817 -8.45016e-05 0.999985 -0.025119
0.999929 -0.00999836 -0.006513 4.11095 0.00999993 0.99995 0.000208085 -0.034552 0.00651059 -0.0002732 0.999979 -0.0397162
0.999894 -0.0109056 -0.00962287 4.36185 0.0109035 0.999941 -0.000272743 -0.038786 0.00962528 0.000167791 0.999954 -0.0602265
0.999872 -0.0109933 -0.0115851 4.67218 0.0109791 0.999939 -0.00128415 -0.0323277 0.0115985 0.0011568 0.999932 -0.0716062
0.999867 -0.0107578 -0.0122377 4.98676 0.0107357 0.999941 -0.00186291 -0.0295439 0.012257 0.00173129 0.999923 -0.0700397
0.999863 -0.0103785 -0.0128596 5.29545 0.0103475 0.999943 -0.00247086 -0.0555312 0.0128845 0.00233746 0.999914 -0.086061
0.999837 -0.0110513 -0.0142995 5.6099 0.0109922 0.999931 -0.00420496 -0.0532968 0.014345 0.00404709 0.999889 -0.0888879
0.999798 -0.0121389 -0.0160084 5.95568 0.0120471 0.999911 -0.00581664 -0.0331764 0.0160776 0.00562261 0.999855 -0.0992851
0.999812 -0.0124166 -0.0148871 6.2807 0.0123574 0.999915 -0.00406004 -0.0421175 0.0149362 0.00387531 0.999881 -0.0955807
0.999827 -0.0130623 -0.0132213 6.63631 0.0130511 0.999914 -0.00093036 -0.0326465 0.0132324 0.000757646 0.999912 -0.0831907
0.999865 -0.0147744 -0.00720042 7.00078 0.0147885 0.999889 0.00191149 -0.0240174 0.00717138 -0.00201771 0.999972 -0.0491544
0.999839 -0.0162514 0.00765955 7.39233 0.0162271 0.999863 0.00321752 -0.0396568 -0.00771079 -0.0030927 0.999965 -0.0120889
0.999606 -0.017435 0.0219791 7.76936 0.0175677 0.999829 -0.00585855 -0.0495342 -0.0218732 0.00624237 0.999741 -0.0656711
0.999539 -0.0192374 0.0234683 8.15262 0.0194313 0.999779 -0.00806119 -0.0335534 -0.0233081 0.00851349 0.999692 -0.062818
0.999598 -0.0197906 0.0203035 8.52881 0.019995 0.999751 -0.00991167 -0.0415553 -0.0201022 0.0103137 0.999745 -0.076941
0.999586 -0.021504 0.0191304 8.91624 0.0216751 0.999726 -0.00878342 -0.0141387 -0.0189362 0.00919444 0.999778 -0.10302
0.999601 -0.0220612 0.0176433 9.28181 0.0221738 0.999735 -0.00621354 -0.0307829 -0.0175016 0.00660228 0.999825 -0.111566
0.999638 -0.0225869 0.0146344 9.67269 0.0226483 0.999735 -0.00404797 -0.0209546 -0.0145391 0.00437795 0.999885 -0.115915
0.999661 -0.0258976 0.00258819 10.1022 0.0258966 0.999665 0.000437007 0.0151858 -0.00259863 -0.000369834 0.999997 -0.0655752
0.99965 -0.0264233 -0.00119456 10.5387 0.0264252 0.999649 0.00164384 0.0258269 0.00115071 -0.00167483 0.999998 -0.104964
0.999618 -0.0274837 -0.00297521 10.9797 0.0274877 0.999621 0.00134508 0.02352 0.00293712 -0.00142635 0.999995 -0.127174
0.999575 -0.0289265 -0.0035389 11.4318 0.0289289 0.999581 0.000644494 0.0454122 0.00351878 -0.000746597 0.999994 -0.112892
0.999558 -0.0296568 -0.00222283 11.8759 0.0296624 0.999557 0.00251759 0.0730145 0.00214718 -0.00258241 0.999994 -0.111266
0.999523 -0.0308084 -0.0022975 12.3791 0.030817 0.999518 0.00379176 0.0832923 0.00217957 -0.00386076 0.99999 -0.107847
0.999472 -0.0323284 -0.00336119 12.8681 0.0323378 0.999473 0.00279948 0.0718451 0.00326892 -0.0029067 0.99999 -0.122494
0.999426 -0.0335748 -0.00452289 13.37 0.0335867 0.999432 0.00259128 0.0824798 0.00443332 -0.0027417 0.999986 -0.135302
0.99942 -0.033691 -0.00503606 13.8575 0.0337049 0.999428 0.00269924 0.0967369 0.00494224 -0.00286741 0.999984 -0.148879
0.999331 -0.0361057 -0.00587676 14.3994 0.0361214 0.999344 0.00260309 0.113357 0.00577892 -0.00281363 0.999979 -0.159283
0.999332 -0.0360318 -0.00614736 14.9528 0.0360576 0.999341 0.00413318 0.138956 0.00599439 -0.00435208 0.999973 -0.172413
0.999249 -0.0383869 -0.00526689 15.5174 0.0384143 0.999248 0.00520827 0.100077 0.005063 -0.00540668 0.999973 -0.161808
0.999291 -0.0375299 -0.00298523 16.0851 0.0375399 0.999289 0.00336076 0.140978 0.00285698 -0.00347044 0.99999 -0.171812
0.999203 -0.0399005 -0.000781107 16.664 0.0399019 0.999202 0.00182735 0.165827 0.000707572 -0.00185706 0.999998 -0.166578
0.9992 -0.0399937 0.000668794 17.2201 0.0399939 0.9992 -0.000323297 0.164495 -0.000655329 0.000349786 1 -0.181644
0.999151 -0.0411883 -0.000687949 17.8242 0.0411878 0.999151 -0.000679977 0.215038 0.000715372 0.000651064 1 -0.18534
0.999077 -0.0429469 -0.000698248 18.4126 0.0429473 0.999077 0.000587313 0.250761 0.00067238 -0.000616759 1 -0.206656
0.999002 -0.0446716 -3.94158e-05 19.0069 0.0446716 0.999001 0.00136288 0.250162 -2.15058e-05 -0.00136328 0.999999 -0.201178
0.998912 -0.0466152 0.00119364 19.6003 0.0466147 0.998913 0.00040494 0.265901 -0.00121122 -0.000348858 0.999999 -0.205701
0.998856 -0.0478122 -0.00041794 20.2054 0.0478112 0.998854 -0.00210004 0.272461 0.000517869 0.00207765 0.999998 -0.237382
0.998816 -0.0486472 0.000354137 20.7894 0.0486483 0.998807 -0.00422991 0.316509 -0.000147941 0.00424213 0.999991 -0.248601
0.998766 -0.0496155 -0.00204715 21.4272 0.0496063 0.99876 -0.00429915 0.300994 0.00225792 0.00419229 0.999989 -0.248216
0.998706 -0.0508254 -0.00163165 21.9994 0.0508199 0.998703 -0.00321104 0.305639 0.00179273 0.00312396 0.999994 -0.267984
0.998716 -0.0506077 -0.00206582 22.6245 0.0506028 0.998716 -0.00235649 0.334034 0.00218243 0.00224893 0.999995 -0.286258
0.998713 -0.0506738 -0.00230408 23.241 0.0506651 0.998709 -0.00372263 0.398026 0.00248974 0.0036011 0.99999 -0.292248
0.998664 -0.0515907 -0.00300419 23.8613 0.0515805 0.998663 -0.00337977 0.4026 0.00317454 0.0032203 0.99999 -0.303757
0.99864 -0.0520233 -0.00327901 24.4977 0.0520167 0.998644 -0.00206395 0.438463 0.00338194 0.00189058 0.999992 -0.310808
0.998683 -0.051236 -0.0027003 25.1585 0.0512301 0.998684 -0.00221353 0.460317 0.00281016 0.00207228 0.999994 -0.335266
0.998665 -0.0516363 -0.00156444 25.797 0.0516313 0.998661 -0.00308377 0.492903 0.00172158 0.00299888 0.999994 -0.334401
0.998697 -0.0510014 -0.00175959 26.4714 0.0509957 0.998694 -0.00314671 0.518508 0.00191778 0.00305288 0.999994 -0.349272
0.998714 -0.0507064 -6.29542e-05 27.1448 0.050706 0.998708 -0.00329679 0.531635 0.000230041 0.00328935 0.999995 -0.332321
0.998786 -0.0492644 -0.000557765 27.8202 0.0492616 0.998777 -0.00422087 0.592853 0.000765022 0.00418827 0.999991 -0.351472
0.998817 -0.0486172 -0.000723323 28.4974 0.0486116 0.998797 -0.00636583 0.622485 0.00103194 0.00632314 0.999979 -0.353141
0.998817 -0.0485735 -0.00222477 29.205 0.0485646 0.998812 -0.00392744 0.656013 0.0024129 0.00381475 0.99999 -0.373954
0.998907 -0.0464353 -0.00526802 29.9668 0.046419 0.998917 -0.00318992 0.669211 0.00541044 0.0029419 0.999981 -0.387816
0.998926 -0.0453786 -0.00933843 30.6623 0.0453681 0.998969 -0.00133637 0.693445 0.00938945 0.000911264 0.999956 -0.437775
0.998996 -0.043862 -0.00916931 31.4078 0.0438338 0.999034 -0.0032614 0.721438 0.0093035 0.0028562 0.999953 -0.425761
0.999128 -0.0404763 -0.0102109 32.1644 0.0404488 0.999177 -0.00288578 0.751801 0.0103193 0.00247024 0.999944 -0.413564
0.999311 -0.036794 -0.00485588 32.854 0.0367917 0.999323 -0.000565012 0.753779 0.00487338 0.000385967 0.999988 -0.419296
0.999431 -0.033666 -0.00187786 33.6155 0.0336677 0.999433 0.000836618 0.774226 0.00184863 -0.000899365 0.999998 -0.434548
0.999494 -0.0317156 -0.00252727 34.3529 0.0317091 0.999494 -0.00257461 0.763434 0.00260764 0.00249317 0.999993 -0.440791
0.999617 -0.0273542 -0.00409596 35.0618 0.0273363 0.999617 -0.00434544 0.795101 0.00421325 0.00423181 0.999982 -0.455865
0.999702 -0.0236177 -0.00623894 35.814 0.0235981 0.999716 -0.0032076 0.799656 0.00631292 0.00305941 0.999975 -0.472751
0.999747 -0.0207492 -0.00868068 36.5221 0.0207399 0.999784 -0.00115664 0.811531 0.00870281 0.000976308 0.999962 -0.478001
0.999791 -0.0181738 -0.00931224 37.2309 0.018162 0.999834 -0.00134806 0.818884 0.00933519 0.00117865 0.999956 -0.476328
0.999843 -0.0146659 -0.00989912 37.9592 0.0146782 0.999892 0.00118002 0.867616 0.00988074 -0.00132514 0.99995 -0.485123
0.999881 -0.0118025 -0.00991307 38.6533 0.011795 0.99993 -0.000813345 0.84895 0.00992197 0.000696324 0.999951 -0.482348
0.999877 -0.00778519 -0.0135836 39.4235 0.00775944 0.999968 -0.00194739 0.819643 0.0135983 0.00184175 0.999906 -0.510427
0.999877 -0.00290594 -0.0154068 40.1276 0.00287783 0.999994 -0.00184624 0.859778 0.015412 0.00180168 0.99988 -0.511646
0.999885 0.00213216 -0.0150001 40.7971 -0.00211609 0.999997 0.00108656 0.883274 0.0150024 -0.00105469 0.999887 -0.509688
0.999867 0.00685463 -0.0148235 41.5882 -0.00681745 0.999973 0.00255711 0.848382 0.0148406 -0.00245571 0.999887 -0.503566
0.9998 0.0117 -0.0161909 42.2981 -0.0116559 0.999928 0.00281588 0.819868 0.0162227 -0.0026266 0.999865 -0.485594
0.999698 0.0179091 -0.0168379 43.0141 -0.0178556 0.999835 0.00332356 0.842172 0.0168947 -0.00302191 0.999853 -0.480849
0.999576 0.0240113 -0.0164832 43.686 -0.023919 0.999697 0.00577556 0.817863 0.0166169 -0.00537885 0.999847 -0.47157
0.999412 0.0307384 -0.0152147 44.3893 -0.030649 0.999512 0.00607927 0.786489 0.0153941 -0.00560938 0.999866 -0.434919
0.999232 0.036212 -0.0149854 45.0954 -0.0361406 0.999334 0.00501297 0.740798 0.0151569 -0.00446754 0.999875 -0.413564
0.998968 0.0432137 -0.0139527 45.8387 -0.0431307 0.99905 0.00619483 0.703303 0.0142072 -0.00558665 0.999883 -0.392056
0.99871 0.0488953 -0.0136684 46.5187 -0.0488128 0.998788 0.0063087 0.661494 0.0139603 -0.00563337 0.999887 -0.345016
0.998364 0.0553384 -0.0143563 47.2081 -0.0552504 0.998452 0.00645604 0.610631 0.0146913 -0.00565229 0.999876 -0.353719
0.998035 0.0607421 -0.0153692 47.8864 -0.0606385 0.998134 0.00711688 0.582062 0.0157728 -0.00617093 0.999857 -0.365206
0.997748 0.0647853 -0.0173459 48.5222 -0.0646844 0.997886 0.00632001 0.554065 0.0177187 -0.00518377 0.99983 -0.377483
0.997367 0.0699874 -0.0190112 49.2446 -0.0698786 0.997535 0.00633264 0.451585 0.0194075 -0.00498749 0.999799 -0.37598
0.996941 0.0759873 -0.0182822 49.968 -0.0758837 0.997097 0.00629545 0.420152 0.0187075 -0.00488887 0.999813 -0.352834
0.99664 0.0803071 -0.0161286 50.6423 -0.0802484 0.996766 0.00425168 0.368915 0.0164178 -0.0029431 0.999861 -0.359681
0.996267 0.0847733 -0.0163215 51.3332 -0.0847426 0.9964 0.00256472 0.303524 0.0164801 -0.00117202 0.999864 -0.356312
0.995896 0.0885594 -0.0186689 52.0092 -0.0885616 0.99607 0.00071208 0.188485 0.0186586 0.000944192 0.999825 -0.37188
0.995451 0.0929605 -0.0208739 52.7407 -0.0929909 0.995667 -0.000488437 0.126747 0.020738 0.0024273 0.999782 -0.381441
0.995328 0.0941036 -0.0216241 53.4618 -0.0941164 0.995561 0.000429695 0.0752259 0.0215686 0.0016075 0.999766 -0.379399
0.995163 0.0955659 -0.0227425 54.1147 -0.0955884 0.995421 9.86193e-05 -0.022544 0.0226477 0.00207577 0.999741 -0.377514
0.995025 0.0971118 -0.0222345 54.792 -0.0971318 0.995272 0.000184698 -0.0753338 0.0221473 0.0019759 0.999753 -0.353851
0.99496 0.0980201 -0.02115 55.5119 -0.0980345 0.995183 0.000357804 -0.164186 0.0210832 0.00171742 0.999776 -0.331641
0.994717 0.100667 -0.0201146 56.2232 -0.100691 0.994918 -0.00019361 -0.250792 0.0199928 0.00221795 0.999798 -0.297764
0.994618 0.101901 -0.0187286 56.9225 -0.101918 0.994793 2.24415e-05 -0.352016 0.0186334 0.00188646 0.999825 -0.281957
0.994561 0.102592 -0.0179643 57.6185 -0.102612 0.994721 -0.000172403 -0.404789 0.0178517 0.00201481 0.999839 -0.26036
0.99441 0.103773 -0.0194779 58.362 -0.103791 0.994599 0.000107719 -0.502631 0.0193839 0.00191452 0.99981 -0.276185
0.994174 0.105937 -0.019868 59.0496 -0.105936 0.994372 0.00111507 -0.586146 0.0198743 0.000996171 0.999802 -0.257317
0.994037 0.107106 -0.0204416 59.7299 -0.107107 0.994247 0.00106557 -0.659904 0.0204381 0.00113021 0.99979 -0.266108
0.993794 0.109107 -0.0216743 60.452 -0.109102 0.99403 0.00141489 -0.733278 0.0216992 0.000958608 0.999764 -0.262673
0.993582 0.110937 -0.0220879 61.1496 -0.110929 0.993827 0.00157936 -0.838209 0.0221268 0.000880974 0.999755 -0.251542
0.993393 0.112311 -0.0236087 61.8306 -0.112303 0.993673 0.00167291 -0.883325 0.0236472 0.00098946 0.99972 -0.236901
0.993197 0.113706 -0.0251286 62.5532 -0.113693 0.993514 0.00197454 -0.984106 0.0251901 0.000895834 0.999682 -0.234854
0.992946 0.11564 -0.0261738 63.2894 -0.115638 0.99329 0.00162104 -1.07275 0.0261857 0.00141707 0.999656 -0.235193
0.992742 0.117091 -0.0274245 64.0204 -0.117078 0.993121 0.00206891 -1.17551 0.0274781 0.00115692 0.999622 -0.242653
0.992608 0.118185 -0.0275936 64.7159 -0.118161 0.992991 0.00250621 -1.26655 0.0276964 0.000772791 0.999616 -0.245678
0.992428 0.119882 -0.0267567 65.4677 -0.119846 0.992788 0.00294148 -1.33846 0.0269164 0.000287491 0.999638 -0.23241
0.992258 0.121682 -0.0248501 66.1275 -0.121662 0.992569 0.00232727 -1.41319 0.0249486 0.000714072 0.999688 -0.229183
0.992143 0.122606 -0.0249139 66.9398 -0.122583 0.992455 0.00247752 -1.53341 0.0250297 0.000595962 0.999687 -0.202035
0.992049 0.123511 -0.024168 67.638 -0.123487 0.992343 0.00247907 -1.63295 0.0242891 0.000525068 0.999705 -0.194916
0.992 0.123947 -0.0239438 68.3561 -0.123922 0.992289 0.00252912 -1.71528 0.0240726 0.000458276 0.99971 -0.188198
0.991969 0.12419 -0.0239679 69.0581 -0.124176 0.992258 0.00208214 -1.81626 0.0240409 0.000910823 0.999711 -0.186536
0.991755 0.125544 -0.0257108 69.7521 -0.125521 0.992088 0.00249696 -1.94308 0.0258208 0.000750883 0.999666 -0.172113
0.99173 0.125236 -0.0280809 70.4563 -0.125236 0.992125 0.00176289 -2.01841 0.0280805 0.00176842 0.999604 -0.159037
0.991835 0.124053 -0.0295626 71.1486 -0.124062 0.992273 0.00152916 -2.1097 0.0295238 0.00215092 0.999562 -0.149363
0.991997 0.122731 -0.0296633 71.8314 -0.122747 0.992437 0.00128564 -2.18094 0.0295967 0.00236573 0.999559 -0.120631
0.992143 0.121273 -0.0307505 72.5518 -0.121278 0.992617 0.00169494 -2.2735 0.0307291 0.00204775 0.999526 -0.131771
0.99239 0.119231 -0.0307586 73.2399 -0.119255 0.992863 0.00105925 -2.40681 0.0306654 0.00261693 0.999526 -0.101119
0.99254 0.118175 -0.0299729 73.9318 -0.118179 0.992991 0.00165642 -2.47299 0.0299586 0.0018981 0.999549 -0.0939635
0.992656 0.117238 -0.0298242 74.6566 -0.117229 0.993103 0.00205187 -2.59547 0.0298591 0.00145945 0.999553 -0.0709184
0.992704 0.116737 -0.0301802 75.3576 -0.11672 0.993162 0.00232871 -2.68901 0.0302457 0.00121092 0.999542 -0.0373076
0.992883 0.115491 -0.0290729 76.0097 -0.115471 0.993308 0.00235926 -2.75814 0.0291508 0.00101461 0.999575 -0.000273917
0.992973 0.114509 -0.0298625 76.7241 -0.11447 0.993422 0.00302025 -2.8293 0.0300119 0.000419331 0.999549 0.0162973
0.992997 0.114132 -0.0305177 77.3583 -0.114093 0.993466 0.0029937 -2.89873 0.0306599 0.000509131 0.99953 0.0400284
0.99299 0.113993 -0.0312361 78.0365 -0.113922 0.993481 0.00403819 -3.00363 0.0314928 -0.000451398 0.999504 0.0698889
0.993137 0.112532 -0.031866 78.7997 -0.112499 0.993648 0.0028283 -3.07265 0.0319819 0.000776008 0.999488 0.0733476
0.993295 0.111152 -0.0318 79.411 -0.111105 0.993803 0.00324058 -3.17399 0.0319632 0.000314297 0.999489 0.0825485
0.993334 0.111111 -0.030677 80.1297 -0.111085 0.993808 0.00253387 -3.24945 0.0307685 0.000890784 0.999526 0.0954245
0.993278 0.111168 -0.0322637 80.8492 -0.111149 0.993801 0.00239612 -3.32138 0.03233 0.00120607 0.999477 0.101111
0.993541 0.110314 -0.0265813 81.5177 -0.110299 0.993896 0.00204507 -3.41163 0.0266447 0.000900034 0.999645 0.0792782
0.993575 0.11024 -0.0256219 82.1627 -0.110237 0.993904 0.00155109 -3.48314 0.0256368 0.00128335 0.999671 0.0739069
0.99348 0.110996 -0.0260315 82.881 -0.110991 0.99382 0.00163765 -3.56061 0.0260524 0.0012623 0.99966 0.0973704
0.993609 0.110045 -0.0251147 83.5666 -0.110075 0.993923 0.000203108 -3.64215 0.0249844 0.00256269 0.999685 0.126804
0.993444 0.111462 -0.0254211 84.248 -0.111474 0.993767 0.00095595 -3.71701 0.0253692 0.00188409 0.999676 0.151162
0.993472 0.111573 -0.0237686 84.9019 -0.111575 0.993755 0.00127178 -3.79879 0.0237621 0.0013885 0.999717 0.159307
0.993491 0.111358 -0.0239606 85.6178 -0.111402 0.993775 -0.000482231 -3.88866 0.0237578 0.00314835 0.999713 0.157859
0.993384 0.111822 -0.0261631 86.2837 -0.111887 0.99372 -0.00103717 -3.97869 0.0258828 0.00395762 0.999657 0.148442
0.993369 0.111747 -0.0270179 86.9802 -0.11181 0.993729 -0.000800731 -4.06724 0.026759 0.00381629 0.999635 0.181892
0.993382 0.111485 -0.0276262 87.6581 -0.111515 0.993763 0.000432967 -4.16806 0.0275021 0.00265064 0.999618 0.193305
0.993375 0.111015 -0.0296799 88.3682 -0.111065 0.993813 -2.80673e-05 -4.24922 0.0294932 0.00332429 0.999559 0.192632
0.993308 0.111264 -0.0309718 88.9923 -0.111323 0.993784 -0.000173276 -4.31869 0.03076 0.00361999 0.99952 0.211834
0.993291 0.111131 -0.0319881 89.6971 -0.111182 0.9938 0.000186445 -4.39642 0.0318105 0.00337131 0.999488 0.208745
0.993258 0.111488 -0.031775 90.3761 -0.111495 0.993764 0.00154399 -4.48143 0.031749 0.00200918 0.999494 0.217848
0.99326 0.111278 -0.0324435 91.0589 -0.111286 0.993787 0.00155311 -4.58931 0.0324148 0.00206786 0.999472 0.241869
0.993237 0.110895 -0.0344003 91.7088 -0.110938 0.993827 0.000657174 -4.65875 0.0342608 0.00316358 0.999408 0.227595
0.993157 0.111586 -0.0344583 92.4103 -0.111614 0.993751 0.00112535 -4.72985 0.0343686 0.00272839 0.999406 0.254115
0.993159 0.111709 -0.0340143 93.0821 -0.111716 0.993739 0.00171807 -4.77458 0.0339933 0.00209362 0.99942 0.265283
0.993148 0.112393 -0.0320034 93.7333 -0.112323 0.993664 0.00398361 -4.85254 0.0322484 -0.000361595 0.99948 0.284318
0.993368 0.111699 -0.0272743 94.4221 -0.111641 0.993742 0.00366456 -4.93215 0.027513 -0.000595337 0.999621 0.342458
0.993514 0.110892 -0.0251525 95.0757 -0.110847 0.993832 0.00318316 -5.01252 0.0253503 -0.000374443 0.999679 0.350256
0.993438 0.111085 -0.0272136 95.7523 -0.111058 0.993811 0.00250435 -5.11492 0.0273234 0.000534371 0.999627 0.363272
0.993447 0.11086 -0.0277944 96.4153 -0.11085 0.993835 0.00190086 -5.19422 0.0278338 0.0011926 0.999612 0.366226
0.993255 0.111408 -0.0321411 97.0488 -0.111349 0.993775 0.0036475 -5.31336 0.0323474 -4.40253e-05 0.999477 0.347102
0.993157 0.112221 -0.0323363 97.6751 -0.112112 0.993682 0.00514981 -5.35943 0.0327099 -0.00148927 0.999464 0.365544
0.993257 0.111277 -0.0325342 98.3277 -0.111159 0.993788 0.00540855 -5.43696 0.032934 -0.00175561 0.999456 0.382587
0.993229 0.11112 -0.0338928 98.9586 -0.111015 0.993806 0.00497369 -5.52115 0.0342356 -0.0011774 0.999413 0.394125
0.99327 0.110444 -0.0348889 99.595 -0.110313 0.993881 0.00567341 -5.61799 0.035302 -0.00178653 0.999375 0.4043
0.993351 0.110228 -0.033221 100.251 -0.110095 0.993904 0.00580056 -5.65739 0.0336578 -0.00210452 0.999431 0.43372
0.993326 0.111537 -0.0293763 100.874 -0.111388 0.993755 0.00664131 -5.73825 0.0299336 -0.00332481 0.999546 0.473176
0.993289 0.112089 -0.0285088 101.486 -0.111919 0.993689 0.00750871 -5.81435 0.0291705 -0.00426765 0.999565 0.47736
0.993374 0.111594 -0.0274723 102.045 -0.111421 0.993743 0.00776752 -5.87643 0.0281672 -0.00465506 0.999592 0.485781
0.993421 0.111385 -0.0266089 102.635 -0.111306 0.993776 0.00445508 -5.94141 0.0269396 -0.00146403 0.999636 0.526737
0.993122 0.111585 -0.0354567 103.249 -0.111489 0.993755 0.00468347 -6.04305 0.0357579 -0.000698219 0.99936 0.516814
0.992787 0.109953 -0.0477905 103.822 -0.109671 0.993932 0.00848598 -6.11172 0.0484336 -0.00318352 0.998821 0.513825
0.992567 0.110288 -0.0514474 104.401 -0.109781 0.993876 0.0125879 -6.17196 0.0525207 -0.00684643 0.998596 0.521711
0.992748 0.108808 -0.0511011 104.945 -0.10827 0.994034 0.0131884 -6.2528 0.0522312 -0.00756011 0.998606 0.533114
0.992722 0.108994 -0.0512157 105.502 -0.108266 0.99398 0.0167972 -6.33902 0.0527382 -0.0111301 0.998546 0.511888
0.993276 0.110306 -0.0351404 106.014 -0.109778 0.993817 0.0166251 -6.36305 0.0367569 -0.0126557 0.999244 0.531817
0.9936 0.110439 -0.0237133 106.604 -0.110081 0.993795 0.0159412 -6.38977 0.0253267 -0.0132288 0.999592 0.566429
0.993761 0.11144 -0.00442914 107.132 -0.111378 0.993701 0.0123714 -6.46638 0.00577991 -0.0118009 0.999914 0.628213
0.993814 0.110941 0.00516478 107.65 -0.110987 0.993774 0.00979081 -6.53676 -0.00404642 -0.0103035 0.999939 0.66726
0.993825 0.110937 -0.00216712 108.186 -0.110926 0.993817 0.00473346 -6.62498 0.00267884 -0.00446384 0.999986 0.664702
0.993743 0.1111 -0.0114517 108.635 -0.111093 0.993809 0.00119614 -6.69448 0.0115137 8.35573e-05 0.999934 0.670737
0.993479 0.111466 -0.0239699 109.141 -0.111447 0.993768 0.00215552 -6.76074 0.0240608 0.000529907 0.99971 0.702125
0.993088 0.11214 -0.0346413 109.567 -0.112025 0.993691 0.00524771 -6.82427 0.0350112 -0.00133074 0.999386 0.656516
0.992814 0.112245 -0.0414895 110.023 -0.111944 0.993669 0.00950791 -6.83204 0.042294 -0.00479508 0.999094 0.60223
0.992736 0.11268 -0.0421641 110.472 -0.11239 0.993622 0.0091846 -6.89774 0.0429301 -0.00437907 0.999068 0.604293
0.992989 0.11148 -0.0392981 110.972 -0.111232 0.993759 0.0084423 -6.98125 0.039994 -0.00401192 0.999192 0.644034
0.993202 0.111143 -0.0345885 111.436 -0.110996 0.993802 0.00615725 -7.02385 0.0350585 -0.00227622 0.999383 0.699651
0.993155 0.11197 -0.0332465 111.898 -0.111823 0.993708 0.00624973 -7.10995 0.0337371 -0.00248923 0.999428 0.727762
0.993299 0.11147 -0.0305351 112.366 -0.111301 0.993761 0.0071692 -7.15335 0.0311437 -0.00372257 0.999508 0.73324
0.993323 0.111183 -0.0307809 112.835 -0.111021 0.993794 0.00690069 -7.17825 0.0313571 -0.00343728 0.999502 0.743222
0.993256 0.112115 -0.0295498 113.255 -0.111989 0.993692 0.00587897 -7.25796 0.0300225 -0.00253007 0.999546 0.751883
0.993189 0.112888 -0.0288311 113.726 -0.112757 0.993604 0.00614945 -7.30564 0.0293409 -0.00285667 0.999565 0.756779
0.993157 0.113337 -0.0281904 114.172 -0.113204 0.993552 0.00626935 -7.35713 0.0287192 -0.00303517 0.999583 0.755196
0.993146 0.113421 -0.0282429 114.631 -0.113201 0.993529 0.00926326 -7.41076 0.0291108 -0.00600264 0.999558 0.778895
0.993201 0.113011 -0.0279287 115.066 -0.112776 0.993572 0.00983881 -7.47351 0.0288611 -0.00662222 0.999561 0.782621
0.993294 0.112398 -0.0270974 115.485 -0.112222 0.993651 0.00794205 -7.52673 0.027818 -0.00484787 0.999601 0.80092
0.993275 0.112001 -0.0293404 115.91 -0.111906 0.993707 0.00483707 -7.58778 0.0296975 -0.00152116 0.999558 0.814908
0.993308 0.111177 -0.0312791 116.294 -0.11112 0.993801 0.00356694 -7.63975 0.0314818 -6.7339e-05 0.999504 0.816142
0.993137 0.111831 -0.0342333 116.661 -0.111794 0.993727 0.00300756 -7.70052 0.0343548 0.00084015 0.999409 0.810748
0.993131 0.111535 -0.0353752 117.067 -0.111496 0.99376 0.00307863 -7.74946 0.0354979 0.000886704 0.999369 0.830734
0.993112 0.111231 -0.0368363 117.415 -0.111201 0.993794 0.00288989 -7.77844 0.0369291 0.00122623 0.999317 0.817866
0.993066 0.111269 -0.0379457 117.78 -0.111222 0.99379 0.00336118 -7.82142 0.0380841 0.000882516 0.999274 0.845381
0.993129 0.110521 -0.038483 118.165 -0.110493 0.993873 0.00286069 -7.87867 0.0385634 0.00141106 0.999255 0.850603
0.993081 0.110601 -0.0394721 118.552 -0.110585 0.993863 0.00258282 -7.92948 0.0395155 0.00180007 0.999217 0.844476
0.993109 0.110184 -0.0399219 118.885 -0.110199 0.993908 0.00181332 -7.95605 0.0398785 0.00259855 0.999201 0.842793
0.993227 0.108953 -0.0403528 119.256 -0.10897 0.994043 0.00180391 -7.99746 0.0403089 0.00260553 0.999184 0.848459
0.993457 0.10752 -0.038515 119.636 -0.107537 0.9942 0.0016429 -8.05752 0.0384682 0.00250963 0.999257 0.868744
0.993435 0.107709 -0.0385543 119.993 -0.107711 0.99418 0.00204291 -8.09359 0.03855 0.00212322 0.999254 0.872147
0.993495 0.107303 -0.038124 120.362 -0.107315 0.994224 0.00172258 -8.13079 0.0380886 0.00237991 0.999272 0.895127
0.993578 0.106489 -0.0382477 120.694 -0.106541 0.994308 0.000688141 -8.18762 0.0381033 0.00339124 0.999268 0.913132
0.993459 0.106995 -0.0398965 121.043 -0.107122 0.994245 -0.00104786 -8.21772 0.0395548 0.00531479 0.999203 0.899337
0.993533 0.106385 -0.0396732 121.424 -0.106446 0.994318 0.000556764 -8.2498 0.039507 0.00366991 0.999213 0.933204
0.993619 0.106082 -0.0383188 121.786 -0.10609 0.994355 0.00182324 -8.31267 0.0382958 0.00225365 0.999264 0.957335
0.993612 0.106037 -0.0386146 122.151 -0.106009 0.994361 0.00279359 -8.36356 0.0386931 0.00131774 0.99925 0.938015
0.99371 0.10508 -0.0387248 122.538 -0.105079 0.994462 0.00205768 -8.37965 0.0387266 0.00202443 0.999248 0.953086
0.993599 0.10568 -0.0398982 122.896 -0.105734 0.994394 0.000760233 -8.42673 0.0397549 0.00346322 0.999203 0.944785
0.993534 0.106073 -0.0404735 123.259 -0.10615 0.99435 0.000232098 -8.45846 0.0402695 0.00406568 0.999181 0.958074
0.993575 0.105212 -0.0416925 123.621 -0.105361 0.994433 -0.00137105 -8.50532 0.0413161 0.00575498 0.99913 0.953165
0.993632 0.105227 -0.0402899 123.962 -0.105284 0.994442 0.000711422 -8.54303 0.0401409 0.00353499 0.999188 0.976011
0.993675 0.104853 -0.0402044 124.352 -0.104826 0.994487 0.00277105 -8.5846 0.0402733 0.00146095 0.999188 0.989054
0.993639 0.105281 -0.0399703 124.73 -0.105258 0.994441 0.0026855 -8.63423 0.0400309 0.00153879 0.999197 1.01974
0.993614 0.105461 -0.0401259 125.124 -0.105466 0.994421 0.0020036 -8.67638 0.0401134 0.0022411 0.999193 1.01559
0.993591 0.10517 -0.0414154 125.52 -0.10521 0.994449 0.00121953 -8.73042 0.0413138 0.00314561 0.999141 1.00175
0.993617 0.105848 -0.0390159 125.939 -0.105906 0.994376 0.000575104 -8.78236 0.0388574 0.00356058 0.999238 1.03546
0.993712 0.106099 -0.0357677 126.348 -0.106075 0.994355 0.00257536 -8.84717 0.0358391 0.00123489 0.999357 1.06558
0.993536 0.106515 -0.0392433 126.762 -0.106564 0.994305 0.000845552 -8.8692 0.0391099 0.00334184 0.999229 1.05074
0.99348 0.10637 -0.0410289 127.173 -0.106471 0.994316 -0.000261775 -8.93105 0.0407678 0.00462844 0.999158 1.04568
0.993416 0.10639 -0.0424887 127.58 -0.106492 0.994314 -0.000141226 -8.99016 0.042232 0.00466501 0.999097 1.04602
0.993355 0.106743 -0.0430363 128.037 -0.106844 0.994276 -6.38831e-05 -9.04908 0.0427831 0.00466164 0.999074 1.0574
0.993525 0.105921 -0.0410909 128.437 -0.105963 0.994369 0.00117033 -9.0682 0.0409835 0.00319135 0.999155 1.07767
0.993481 0.106217 -0.0414031 128.927 -0.106251 0.994338 0.00138186 -9.1295 0.0413155 0.00302629 0.999142 1.08014
0.993496 0.10652 -0.0402498 129.354 -0.106496 0.994309 0.00275416 -9.15416 0.0403141 0.0015502 0.999186 1.09271
0.993423 0.106711 -0.0415162 129.824 -0.106685 0.994289 0.0028514 -9.20631 0.0415833 0.0015965 0.999134 1.10206
0.993432 0.106505 -0.0418382 130.296 -0.106433 0.994312 0.00396041 -9.26329 0.0420221 0.000518574 0.999117 1.13331
0.993446 0.10623 -0.0421825 130.774 -0.106179 0.994341 0.00345305 -9.31023 0.0423106 0.00104847 0.999104 1.14802
0.993299 0.107394 -0.0427094 131.252 -0.107363 0.994215 0.00302221 -9.36072 0.0427869 0.00158345 0.999083 1.17055
0.993103 0.10815 -0.0452709 131.757 -0.108123 0.994133 0.0030459 -9.42329 0.0453347 0.00186994 0.99897 1.16612
0.993097 0.108325 -0.0449814 132.224 -0.10822 0.994116 0.00475562 -9.461 0.0452319 0.000145112 0.998977 1.16755
0.993192 0.107664 -0.0444835 132.72 -0.107537 0.994187 0.00524493 -9.52313 0.0447896 -0.00042561 0.998996 1.19841
0.993076 0.108546 -0.04492 133.241 -0.10842 0.994091 0.00523318 -9.60529 0.0452226 -0.00032671 0.998977 1.21143
0.992878 0.109425 -0.0471187 133.77 -0.109299 0.993995 0.00524559 -9.66025 0.0474098 -5.82092e-05 0.998876 1.20366
0.992832 0.110475 -0.0456077 134.278 -0.110285 0.993878 0.00665016 -9.74659 0.0460632 -0.00157262 0.998937 1.22018
0.992894 0.110568 -0.0439981 134.761 -0.110372 0.993867 0.00687422 -9.80299 0.0444883 -0.00196923 0.999008 1.25132
0.992864 0.110727 -0.0442797 135.33 -0.110508 0.993848 0.00737284 -9.85503 0.0448237 -0.00242697 0.998992 1.26853
0.992881 0.110587 -0.0442523 135.872 -0.110362 0.993863 0.00750054 -9.92266 0.0448102 -0.00256337 0.998992 1.27784
0.992774 0.111449 -0.0444868 136.335 -0.111203 0.993766 0.00796919 -9.99113 0.0450976 -0.00296453 0.998978 1.31628
0.992691 0.112065 -0.0447888 136.889 -0.111885 0.9937 0.00652746 -10.072 0.0452382 -0.00146857 0.998975 1.32331
0.992729 0.111835 -0.0445269 137.42 -0.111693 0.993727 0.00568674 -10.1474 0.0448835 -0.000672071 0.998992 1.34551
0.992558 0.1128 -0.0458736 137.957 -0.112711 0.993617 0.00453214 -10.235 0.0460921 0.000672052 0.998937 1.36105
0.992555 0.112728 -0.0461162 138.428 -0.112576 0.993626 0.00588805 -10.2855 0.046486 -0.000652627 0.998919 1.35694
0.992561 0.112944 -0.0454634 138.946 -0.112742 0.9936 0.00698416 -10.3364 0.0459613 -0.00180654 0.998942 1.38137
0.992536 0.113146 -0.0455024 139.481 -0.11297 0.993578 0.00644094 -10.4029 0.0459389 -0.00125247 0.998943 1.39301
0.992402 0.113773 -0.0468463 140.01 -0.113619 0.993507 0.00595202 -10.4807 0.0472193 -0.000584155 0.998884 1.40964
0.992093 0.115434 -0.0492503 140.508 -0.11534 0.993315 0.00475365 -10.5328 0.0494698 0.000964458 0.998775 1.42935
0.991886 0.114866 -0.0544812 141.001 -0.114758 0.99338 0.00512023 -10.5844 0.0547087 0.00117346 0.998502 1.44305
0.991639 0.114776 -0.058974 141.501 -0.114383 0.993386 0.0100097 -10.6364 0.0597328 -0.00318034 0.998209 1.43706
0.99154 0.115191 -0.0598292 142.024 -0.114682 0.993331 0.0118757 -10.7001 0.0607982 -0.00491388 0.998138 1.44786
0.99151 0.115115 -0.0604755 142.494 -0.114668 0.993345 0.0108175 -10.7557 0.0613183 -0.00379101 0.998111 1.45416
0.991393 0.115588 -0.061481 142.946 -0.115336 0.993297 0.00765012 -10.8053 0.0619532 -0.000493295 0.998079 1.47397
0.992143 0.116144 -0.0465151 143.499 -0.116147 0.993229 0.00266487 -10.9175 0.0465096 0.00275864 0.998914 1.44714
0.992609 0.116261 -0.0348054 143.952 -0.116168 0.993219 0.00467529 -10.9627 0.035113 -0.000597444 0.999383 1.55969
0.993232 0.115689 -0.0102723 144.474 -0.115678 0.993285 0.00163389 -11.0169 0.0103923 -0.000434559 0.999946 1.54515
0.993175 0.116627 -0.00147445 144.959 -0.116631 0.993171 -0.00281538 -11.072 0.00113603 0.00296813 0.999995 1.58458
0.993058 0.117453 -0.00636806 145.494 -0.11749 0.993057 -0.00576821 -11.1571 0.00564635 0.00647635 0.999963 1.66884
0.992825 0.118044 -0.0190843 145.963 -0.118136 0.99299 -0.003774 -11.2047 0.018505 0.00600146 0.999811 1.66627
0.992562 0.118733 -0.0268772 146.487 -0.118896 0.992896 -0.00457061 -11.2749 0.0261436 0.00773222 0.999628 1.68374
0.992304 0.118042 -0.0374057 146.979 -0.118169 0.992993 -0.00118767 -11.3665 0.0370034 0.00559872 0.999299 1.60106
0.991892 0.118216 -0.0466355 147.414 -0.118294 0.992978 0.00108639 -11.3996 0.0464365 0.00443912 0.998911 1.57296
0.991751 0.118447 -0.0489895 147.929 -0.118474 0.992954 0.00236007 -11.4772 0.0489239 0.00346339 0.998797 1.57599
0.991773 0.118501 -0.0484121 148.421 -0.118391 0.992954 0.0051418 -11.5489 0.0486803 0.000632081 0.998814 1.61783
0.991842 0.119206 -0.0451552 148.905 -0.11918 0.992867 0.00327904 -11.6016 0.045224 0.0021293 0.998975 1.67017
0.991892 0.119654 -0.0428088 149.407 -0.11968 0.992811 0.00196322 -11.6556 0.0427359 0.00317604 0.999081 1.68157
0.991891 0.119876 -0.042214 149.928 -0.119871 0.992786 0.0026504 -11.7272 0.0422271 0.00243133 0.999105 1.70974
0.991889 0.12071 -0.0398072 150.372 -0.120831 0.992673 -0.000642753 -11.7752 0.0394379 0.0054475 0.999207 1.69697
0.991718 0.121948 -0.0403086 150.845 -0.12206 0.992523 -0.000314101 -11.8125 0.0399689 0.00523158 0.999187 1.72415
0.991603 0.122423 -0.0416711 151.365 -0.122559 0.992461 -0.000715326 -11.8884 0.0412693 0.0058165 0.999131 1.7619
0.991595 0.121457 -0.044576 151.873 -0.121559 0.992584 0.000422369 -11.9887 0.0442968 0.00499979 0.999006 1.77697
0.991433 0.121718 -0.0473761 152.423 -0.121749 0.992558 0.00223876 -12.057 0.0472961 0.00354843 0.998875 1.78208
0.991475 0.121715 -0.0465138 152.923 -0.121748 0.992559 0.00213881 -12.0824 0.046428 0.00354237 0.998915 1.82022
0.991416 0.122417 -0.0459171 153.446 -0.122338 0.992478 0.00454214 -12.1561 0.0461278 0.00111427 0.998935 1.86613
0.991529 0.12078 -0.0477846 154.013 -0.120745 0.992677 0.0036173 -12.3095 0.0478716 0.0021831 0.998851 1.84209
0.991644 0.120206 -0.0468281 154.535 -0.120222 0.992744 0.0024966 -12.3427 0.0467885 0.00315401 0.9989 1.86463
0.991617 0.120931 -0.0455221 155.08 -0.120938 0.992657 0.00259937 -12.3829 0.0455022 0.00292779 0.99896 1.86718
0.991818 0.120808 -0.0412688 155.632 -0.120771 0.992675 0.0034011 -12.4591 0.0413774 0.00161079 0.999142 1.8843
0.991824 0.120652 -0.0415632 156.21 -0.120533 0.992695 0.00535304 -12.5474 0.0419055 -0.000299525 0.999122 1.90298
0.99172 0.121371 -0.0419598 156.815 -0.121244 0.992607 0.00557602 -12.6125 0.0423264 -0.000442489 0.999104 1.94258
0.991584 0.122201 -0.0427542 157.372 -0.122119 0.992505 0.00453448 -12.6399 0.0429878 0.000724759 0.999075 1.94223
0.991734 0.120905 -0.0429709 157.939 -0.120825 0.992664 0.00445017 -12.7222 0.0431937 0.000778582 0.999066 1.96077
0.991802 0.120774 -0.0417484 158.553 -0.120722 0.992679 0.00377335 -12.8544 0.0418984 0.00129752 0.999121 1.96093
0.991741 0.121476 -0.0411498 159.167 -0.121463 0.992592 0.00283816 -12.932 0.0411897 0.00218344 0.999149 1.97515
0.99173 0.121104 -0.0424875 159.81 -0.12109 0.992637 0.00291478 -13.0251 0.0425277 0.00225414 0.999093 1.98215
0.991673 0.120677 -0.0449679 160.417 -0.120681 0.992688 0.00263456 -13.1032 0.044957 0.00281415 0.998985 1.997
0.991574 0.121265 -0.0455689 161.069 -0.121272 0.992616 0.00260798 -13.2088 0.0455487 0.00294024 0.998958 2.0181
0.991575 0.121238 -0.0456031 161.664 -0.121245 0.992619 0.00261397 -13.2513 0.0455834 0.0029372 0.998956 2.04162
0.991666 0.120526 -0.0455285 162.339 -0.120532 0.992706 0.00261425 -13.357 0.0455115 0.00289519 0.99896 2.06071
0.991646 0.120223 -0.0467372 163.009 -0.120296 0.992737 0.00125339 -13.4352 0.0465484 0.00437939 0.998906 2.06602
0.991646 0.119661 -0.0481699 163.662 -0.119731 0.992805 0.00144344 -13.5038 0.0479961 0.00433605 0.998838 2.10033
0.991666 0.120146 -0.046512 164.289 -0.120277 0.99274 -9.84754e-06 -13.5941 0.0461732 0.00560409 0.998918 2.11436
0.991663 0.119999 -0.0469515 165.016 -0.120203 0.992748 -0.00152258 -13.698 0.0464283 0.00715359 0.998896 2.11907
0.991925 0.118766 -0.0444843 165.72 -0.11908 0.992875 -0.00447212 -13.7808 0.0436362 0.00973321 0.999 2.11304
0.991854 0.11895 -0.0455723 166.417 -0.119193 0.992868 -0.00263138 -13.8642 0.0449343 0.00804184 0.998958 2.15042
0.99206 0.117432 -0.0450102 167.015 -0.11762 0.993058 -0.00152662 -13.9521 0.0445184 0.00680859 0.998985 2.18748
0.992278 0.11598 -0.0439573 167.741 -0.116135 0.993233 -0.000981742 -14.0591 0.043546 0.00607917 0.999033 2.24513
0.992404 0.114584 -0.0447722 168.465 -0.114742 0.993395 -0.000966297 -14.1741 0.0443658 0.0060962 0.998997 2.27292
0.992417 0.114531 -0.044624 169.124 -0.114694 0.9934 -0.00110589 -14.2647 0.0442028 0.00621561 0.999003 2.28044
0.992463 0.114196 -0.0444488 169.772 -0.114318 0.993444 -0.000212514 -14.3419 0.0441331 0.00529222 0.999012 2.31706
0.992574 0.113065 -0.0448697 170.444 -0.113244 0.993566 -0.00146739 -14.3913 0.0444151 0.00653773 0.998992 2.31289
0.992534 0.112624 -0.0468106 171.131 -0.112821 0.993614 -0.00156871 -14.4922 0.046335 0.00683819 0.998903 2.31915
