1 0 0 0 0 1 0 0 -0 0 1 0
1 0 0 0 0 1 0 0 -0 0 1 0
0.999894 0.000802829 -0.014529 -0.1116 -0.000750178 0.999993 0.00362899 -0.00203209 0.0145319 -0.00361771 0.999888 -0.00087913
0.999898 0.00316461 -0.0139371 -0.199685 -0.00304126 0.999956 0.00886247 -0.00782413 0.0139645 -0.00881918 0.999864 -0.016613
0.999816 0.0110055 -0.0157139 -0.307932 -0.0107994 0.999855 0.0131354 -0.0227984 0.0158562 -0.0129633 0.99979 -0.0309813
0.999659 0.0180595 -0.0188469 -0.395076 -0.0178027 0.999748 0.0137057 -0.0291716 0.0190897 -0.0133655 0.999728 -0.0349928
0.999097 0.0308964 -0.0291715 -0.491348 -0.030152 0.999217 0.0256215 -0.0362777 0.0299402 -0.0247188 0.999246 -0.0330351
0.998249 0.0371791 -0.0460058 -0.58338 -0.0361237 0.99907 0.0235626 -0.0434393 0.046839 -0.0218595 0.998663 -0.0359985
0.997781 0.0436177 -0.0503019 -0.670058 -0.0419776 0.998566 0.0332142 -0.0449385 0.0516785 -0.031029 0.998182 -0.0524564
0.998407 0.0349558 -0.0442955 -0.75111 -0.0334405 0.998845 0.0345007 -0.0413897 0.0454504 -0.0329645 0.998423 -0.0641422
0.99857 0.0330632 -0.0420159 -0.832512 -0.0313223 0.99865 0.0414391 -0.0352743 0.0433292 -0.0400638 0.998257 -0.0749661
0.998863 0.033889 -0.0335246 -0.926561 -0.0326811 0.998819 0.035945 -0.0359376 0.0347032 -0.0348086 0.998791 -0.0743095
0.999298 0.0239997 -0.0287705 -1.00471 -0.022789 0.99887 0.041695 -0.0288012 0.0297387 -0.0410101 0.998716 -0.0704703
0.999545 0.017336 -0.0246855 -1.09203 -0.0161881 0.998812 0.0459651 -0.0254238 0.025453 -0.0455446 0.998638 -0.0713984
0.99948 0.0165814 -0.0276616 -1.16684 -0.0154225 0.999016 0.0415933 -0.0222223 0.0283241 -0.0411451 0.998752 -0.0770768
0.999267 0.0222171 -0.0311804 -1.25565 -0.0206482 0.998547 0.0497672 -0.0242766 0.0322408 -0.0490869 0.998274 -0.0885751
0.999273 0.0294613 -0.0241834 -1.31865 -0.0282707 0.998438 0.0481804 -0.0322899 0.0255651 -0.0474617 0.998546 -0.107042
0.998865 0.0430982 -0.0202999 -1.40655 -0.0422564 0.998297 0.0402125 -0.0483685 0.0219985 -0.039309 0.998985 -0.110884
0.998208 0.0588649 -0.0107199 -1.48319 -0.0584493 0.997653 0.0356538 -0.063214 0.0127935 -0.0349634 0.999307 -0.100073
0.997182 0.0745215 -0.00866079 -1.55904 -0.0741257 0.996469 0.0394324 -0.0743406 0.0115688 -0.0386793 0.999185 -0.0950755
0.996075 0.0863699 -0.0193808 -1.64143 -0.0858446 0.995957 0.0264716 -0.0849633 0.0215887 -0.024704 0.999462 -0.0958812
0.995465 0.0940448 -0.0143353 -1.71718 -0.0935632 0.995124 0.0312046 -0.0890401 0.0172001 -0.0297218 0.99941 -0.10943
0.995685 0.091108 -0.0176524 -1.79861 -0.0906496 0.995563 0.0252306 -0.0977918 0.0198728 -0.0235215 0.999526 -0.125451
0.995592 0.0922128 -0.0171075 -1.88603 -0.091739 0.995426 0.026677 -0.100306 0.0194892 -0.02499 0.999498 -0.142457
0.996612 0.0805085 -0.0167996 -1.97721 -0.0802014 0.996612 0.0182189 -0.105308 0.0182095 -0.0168098 0.999693 -0.146053
0.998065 0.0617673 -0.00711731 -2.06106 -0.0615621 0.997761 0.0261295 -0.102093 0.00871533 -0.0256408 0.999633 -0.137968
0.999375 0.0351964 0.00320447 -2.14698 -0.0353004 0.998485 0.0422094 -0.10564 -0.001714 -0.0422962 0.999104 -0.133664
0.999792 0.0200095 0.00384722 -2.22408 -0.0201585 0.998843 0.0436539 -0.103195 -0.00296927 -0.0437224 0.999039 -0.132678
0.999891 0.0134622 0.00610057 -2.31246 -0.0137362 0.998784 0.0473449 -0.115061 -0.00545579 -0.0474236 0.99886 -0.156882
0.999973 0.00717093 -0.0014867 -2.39764 -0.00709548 0.998929 0.0457131 -0.129212 0.00181291 -0.0457013 0.998954 -0.170171
0.999984 0.00200566 0.00519788 -2.47808 -0.00226003 0.998776 0.0494022 -0.142004 -0.00509244 -0.0494132 0.998765 -0.176707
0.999956 -0.000212139 0.00940157 -2.56478 -0.000349569 0.998216 0.0597043 -0.159666 -0.00939747 -0.059705 0.998172 -0.180921
0.999994 0.000582319 0.00350577 -2.65242 -0.000799558 0.998058 0.0622875 -0.175819 -0.00346269 -0.0622899 0.998052 -0.169995
1 -4.60671e-05 0.000943598 -2.7334 -7.5781e-06 0.998387 0.056773 -0.19161 -0.000944692 -0.056773 0.998387 -0.165874
0.999937 -0.00378131 -0.0105833 -2.81037 0.00444558 0.997974 0.0634635 -0.208037 0.0103219 -0.0635065 0.997928 -0.183698
0.999871 -0.011488 -0.011269 -2.89576 0.0121369 0.998165 0.0593162 -0.22008 0.0105669 -0.0594453 0.998176 -0.195991
0.99968 -0.0241622 -0.00744075 -2.98374 0.0246311 0.997158 0.0711954 -0.2287 0.00569937 -0.0713559 0.997435 -0.21646
0.999501 -0.0315696 0.00123783 -3.06878 0.0314048 0.997037 0.0702225 -0.232139 -0.00345106 -0.0701486 0.997531 -0.210871
0.999233 -0.038976 0.00387843 -3.15803 0.0386351 0.997067 0.0660625 -0.240535 -0.00644191 -0.065862 0.997808 -0.211606
0.99896 -0.0455348 0.00229726 -3.23795 0.0452537 0.996406 0.0715994 -0.24121 -0.00554927 -0.071421 0.997431 -0.209421
0.998598 -0.0528264 -0.00326273 -3.31937 0.052927 0.99659 0.0633094 -0.250801 -9.28029e-05 -0.0633933 0.997989 -0.216858
0.998717 -0.0499398 -0.00842486 -3.4018 0.050363 0.996854 0.061204 -0.257316 0.00534183 -0.0615497 0.99809 -0.227565
0.998659 -0.0502369 -0.0125038 -3.48529 0.0509499 0.996559 0.0653851 -0.264955 0.00917603 -0.0659344 0.997782 -0.24078
0.999309 -0.0362533 -0.00821705 -3.55286 0.0367297 0.997 0.0681292 -0.275947 0.00572249 -0.068384 0.997643 -0.248954
0.999641 -0.0264226 -0.00450368 -3.63316 0.0266678 0.997329 0.0679928 -0.287044 0.0026951 -0.0680885 0.997676 -0.255704
0.999873 -0.0121668 0.0102829 -3.70145 0.011475 0.997829 0.0648485 -0.295207 -0.0110496 -0.0647223 0.997842 -0.247738
0.999947 0.00629915 0.00808814 -3.77694 -0.00682862 0.997716 0.0671969 -0.304271 -0.00764639 -0.0672486 0.997707 -0.247092
0.999952 0.00978494 0.000964031 -3.85538 -0.0098259 0.998025 0.0620448 -0.305046 -0.000355023 -0.0620512 0.998073 -0.248686
0.999993 0.00303165 0.00237874 -3.93245 -0.0032001 0.997228 0.0743396 -0.300264 -0.00214678 -0.0743466 0.99723 -0.259284
0.999877 -0.01324 0.00839726 -4.00363 0.0125324 0.996768 0.0793562 -0.301575 -0.00942079 -0.0792412 0.996811 -0.264503
0.999546 -0.0263872 0.0145648 -4.07567 0.0252369 0.996924 0.0741935 -0.301292 -0.0164777 -0.0737922 0.997137 -0.267538
0.998571 -0.0488906 0.0215918 -4.15027 0.0472836 0.996458 0.069537 -0.305077 -0.024915 -0.0684167 0.997346 -0.270043
0.996193 -0.0856587 0.0161587 -4.21653 0.084341 0.994002 0.069621 -0.300362 -0.0220254 -0.0679932 0.997443 -0.266452
0.992027 -0.124926 0.0165984 -4.27772 0.123445 0.989771 0.0715196 -0.307309 -0.0253632 -0.0689004 0.997301 -0.275659
0.984962 -0.172587 0.00799553 -4.33938 0.171579 0.982541 0.0719348 -0.317374 -0.020271 -0.0694812 0.997377 -0.281995
0.976553 -0.215247 0.00370795 -4.38426 0.21438 0.9739 0.0745681 -0.326173 -0.0196618 -0.0720247 0.997209 -0.290651
0.966804 -0.255506 -0.00269773 -4.43687 0.254951 0.963892 0.0768887 -0.355472 -0.0170452 -0.0750241 0.997036 -0.296483
0.954376 -0.298565 -0.00502355 -4.48999 0.298099 0.951635 0.0743472 -0.386583 -0.0174169 -0.0724527 0.99722 -0.30045
0.941286 -0.337463 0.0099819 -4.52743 0.335661 0.938614 0.0795908 -0.431072 -0.0362281 -0.0715671 0.996778 -0.30513
0.91984 -0.392163 0.010105 -4.56896 0.390321 0.917491 0.0765476 -0.474283 -0.0392904 -0.0664674 0.997015 -0.294993
0.892231 -0.451297 0.0159695 -4.59894 0.448193 0.88931 0.0908354 -0.508971 -0.0551956 -0.0738887 0.995738 -0.294768
0.860283 -0.509801 0.004096 -4.62265 0.507427 0.856999 0.0898337 -0.550242 -0.0493075 -0.0752039 0.995948 -0.298693
0.821074 -0.57082 -0.00138345 -4.65428 0.568701 0.817814 0.0880897 -0.592587 -0.0491519 -0.073115 0.996112 -0.303352
0.773347 -0.633962 -0.0051256 -4.67242 0.631985 0.770243 0.0855603 -0.643336 -0.0502941 -0.0694071 0.99632 -0.300944
0.717136 -0.696848 -0.0108563 -4.70105 0.694474 0.713211 0.095058 -0.688838 -0.0584982 -0.075709 0.995413 -0.304134
0.655359 -0.755217 -0.0123082 -4.73214 0.752677 0.65162 0.0941686 -0.742403 -0.0630975 -0.0709783 0.99548 -0.303674
0.585416 -0.810731 -0.0015585 -4.73698 0.80671 0.582319 0.100613 -0.784119 -0.080663 -0.060158 0.994924 -0.295398
0.498952 -0.866619 -0.00424484 -4.75373 0.861969 0.495756 0.106001 -0.841017 -0.0897579 -0.0565483 0.994357 -0.293455
0.39177 -0.920057 -0.00337075 -4.75415 0.914489 0.388991 0.111333 -0.880979 -0.101121 -0.0466993 0.993777 -0.28735
0.282934 -0.959034 -0.0142362 -4.7476 0.952909 0.279376 0.117958 -0.915065 -0.109148 -0.04694 0.992917 -0.28244
0.165407 -0.985747 -0.03071 -4.7297 0.97959 0.160608 0.120863 -0.948584 -0.114208 -0.0500748 0.992194 -0.286936
0.0479503 -0.997477 -0.0523473 -4.70321 0.992521 0.0416906 0.114738 -0.972612 -0.112266 -0.0574575 0.992016 -0.285921
-0.0631937 -0.996144 -0.0608603 -4.66083 0.992149 -0.0693009 0.104109 -1.00886 -0.107925 -0.0538034 0.992702 -0.284012
-0.161932 -0.983822 -0.0766307 -4.62041 0.980646 -0.169096 0.098693 -1.03411 -0.110054 -0.059166 0.992163 -0.288549
-0.248644 -0.964401 -0.0900397 -4.56167 0.961194 -0.257145 0.0999119 -1.06209 -0.119508 -0.0617031 0.990914 -0.288949
-0.323435 -0.940412 -0.104952 -4.5044 0.938032 -0.333234 0.0951345 -1.08353 -0.124439 -0.0676786 0.989916 -0.280738
-0.406391 -0.908333 -0.0988837 -4.43694 0.905388 -0.414893 0.0902049 -1.09396 -0.122962 -0.0528696 0.991002 -0.274686
-0.488681 -0.866283 -0.103658 -4.37582 0.862414 -0.497611 0.0928666 -1.11191 -0.13203 -0.044014 0.990268 -0.267024
-0.57362 -0.812771 -0.101801 -4.31163 0.809919 -0.581355 0.0778234 -1.12383 -0.122435 -0.0378092 0.991756 -0.265956
-0.644157 -0.758929 -0.0953389 -4.24566 0.755815 -0.650694 0.0730761 -1.14307 -0.117496 -0.0249861 0.992759 -0.259835
-0.710071 -0.69809 -0.0920289 -4.17698 0.695058 -0.715823 0.0670216 -1.15478 -0.112664 -0.0163753 0.993498 -0.262367
-0.771226 -0.629654 -0.09352 -4.11396 0.627087 -0.776757 0.0583997 -1.17034 -0.109414 -0.0136059 0.993903 -0.265769
-0.821644 -0.561867 -0.0959523 -4.03164 0.558391 -0.827224 0.0624466 -1.18391 -0.114461 -0.00227006 0.993425 -0.260486
-0.862883 -0.494414 -0.10482 -3.96081 0.490466 -0.869223 0.0624066 -1.20266 -0.121966 0.00243921 0.992531 -0.253553
-0.900669 -0.419953 -0.111515 -3.89287 0.414859 -0.907442 0.0666478 -1.21811 -0.129182 0.0137646 0.991525 -0.243097
-0.933111 -0.342308 -0.110135 -3.81843 0.338259 -0.939494 0.0541504 -1.23219 -0.122007 0.0132741 0.99244 -0.229908
-0.955695 -0.275192 -0.104479 -3.75323 0.27104 -0.961145 0.0523302 -1.24279 -0.114821 0.0216936 0.993149 -0.222447
-0.969535 -0.222618 -0.102192 -3.67434 0.218945 -0.974652 0.0460023 -1.24778 -0.109842 0.0222265 0.9937 -0.224975
-0.980094 -0.178421 -0.0870718 -3.60911 0.175463 -0.983649 0.0405768 -1.25271 -0.0928879 0.0244912 0.995375 -0.226438
-0.98581 -0.144998 -0.0845825 -3.52504 0.142645 -0.989215 0.0332607 -1.24674 -0.088493 0.0207235 0.995861 -0.226453
-0.988872 -0.120145 -0.0877291 -3.43993 0.118226 -0.992626 0.0267742 -1.23561 -0.090299 0.0161044 0.995784 -0.222297
-0.99016 -0.108201 -0.0887471 -3.378 0.10523 -0.99374 0.0375129 -1.21907 -0.0922505 0.0278049 0.995348 -0.217221
-0.990455 -0.0981264 -0.0967972 -3.30753 0.0948683 -0.994775 0.0377165 -1.19984 -0.0999924 0.0281735 0.994589 -0.201901
-0.992177 -0.079463 -0.096279 -3.23084 0.0756662 -0.996228 0.04247 -1.18524 -0.0992907 0.0348527 0.994448 -0.188513
-0.993448 -0.0564871 -0.0993469 -3.15796 0.0533394 -0.997995 0.0340619 -1.17172 -0.101072 0.0285397 0.99447 -0.193824
-0.994244 -0.0321003 -0.102218 -3.07005 0.0280863 -0.998786 0.0404696 -1.16257 -0.103393 0.0373657 0.993938 -0.193687
-0.993346 -0.00930532 -0.114792 -2.99563 0.00478494 -0.999204 0.0395918 -1.14791 -0.115069 0.0387791 0.9926 -0.193312
-0.992271 0.00988697 -0.123699 -2.9122 -0.0161271 -0.998642 0.0495473 -1.13863 -0.123041 0.0511593 0.991082 -0.184921
-0.991421 0.0316191 -0.126824 -2.83272 -0.0386351 -0.997834 0.0532478 -1.12498 -0.124866 0.0576909 0.990495 -0.169711
-0.990239 0.0549532 -0.128087 -2.75324 -0.0618435 -0.99681 0.05045 -1.11723 -0.124906 0.0578789 0.990479 -0.162134
-0.989361 0.0779408 -0.122843 -2.67977 -0.0846165 -0.995154 0.0500897 -1.09793 -0.118343 0.0599513 0.991161 -0.154223
-0.988227 0.0939111 -0.120784 -2.61334 -0.100118 -0.993894 0.046377 -1.07779 -0.115691 0.0579237 0.991595 -0.158663
-0.987048 0.10978 -0.116979 -2.53119 -0.115625 -0.992301 0.0443865 -1.0554 -0.111206 0.0573373 0.992142 -0.159474
-0.985781 0.12099 -0.116604 -2.45557 -0.126233 -0.991247 0.0386549 -1.02923 -0.110906 0.0528245 0.992426 -0.158465
-0.983617 0.130702 -0.124154 -2.39273 -0.13481 -0.99055 0.0252446 -0.991694 -0.119681 0.0415682 0.991942 -0.151203
-0.982159 0.13784 -0.127921 -2.32321 -0.141405 -0.989766 0.019169 -0.959144 -0.123969 0.0369156 0.991599 -0.132705
-0.980158 0.149449 -0.130215 -2.25287 -0.152255 -0.988271 0.0118131 -0.928349 -0.126922 0.0314047 0.991415 -0.122209
-0.97976 0.159883 -0.120451 -2.16858 -0.162143 -0.986725 0.00913572 -0.900867 -0.117392 0.0284811 0.992677 -0.113604
-0.979096 0.166828 -0.116357 -2.10311 -0.16888 -0.985605 0.00793177 -0.865651 -0.113358 0.0274162 0.993176 -0.112154
-0.976099 0.180673 -0.120778 -2.03821 -0.183011 -0.983075 0.00845865 -0.834835 -0.117205 0.0303601 0.992644 -0.118216
-0.973319 0.193683 -0.123036 -1.95172 -0.195147 -0.980774 -0.000149869 -0.802398 -0.1207 0.0238642 0.992402 -0.116591
-0.972775 0.193936 -0.126874 -1.8666 -0.197112 -0.980297 0.0128524 -0.764654 -0.121882 0.0375109 0.991836 -0.103881
-0.969291 0.207318 -0.132266 -1.79004 -0.212016 -0.977011 0.022322 -0.730244 -0.124598 0.049679 0.990963 -0.0924247
-0.96668 0.221895 -0.127645 -1.70634 -0.226543 -0.973731 0.022939 -0.69437 -0.119202 0.0510916 0.991555 -0.086189
-0.965352 0.23162 -0.120201 -1.62422 -0.235868 -0.971531 0.0222089 -0.663492 -0.111635 0.0497909 0.992501 -0.0795405
-0.964967 0.233811 -0.119046 -1.54917 -0.237664 -0.97116 0.0190637 -0.628617 -0.111155 0.0466887 0.992706 -0.0874808
-0.965742 0.230951 -0.118339 -1.47087 -0.235159 -0.971691 0.0227297 -0.590616 -0.109739 0.0497795 0.992713 -0.0910219
-0.96762 0.220164 -0.123451 -1.39759 -0.225391 -0.973808 0.0299346 -0.545693 -0.113627 0.05679 0.991899 -0.0879867
-0.968479 0.219141 -0.118426 -1.31513 -0.22422 -0.974037 0.0312476 -0.503349 -0.108504 0.0568161 0.992471 -0.0828687
-0.970421 0.216275 -0.107278 -1.2396 -0.220434 -0.974988 0.0284166 -0.466342 -0.0984491 0.0512239 0.993823 -0.0665476
-0.972253 0.21115 -0.100698 -1.16466 -0.215148 -0.976104 0.0305201 -0.432214 -0.0918471 0.0513381 0.994449 -0.0563297
-0.972982 0.207765 -0.100701 -1.08785 -0.211657 -0.976898 0.0295213 -0.40116 -0.0922408 0.0500376 0.994479 -0.0631917
-0.970853 0.213123 -0.109649 -1.01879 -0.217425 -0.975653 0.0287618 -0.376969 -0.100849 0.0517638 0.993554 -0.0631533
-0.969333 0.217653 -0.114112 -0.936332 -0.22082 -0.975188 0.0157358 -0.35071 -0.107855 0.0404513 0.993343 -0.0624507
-0.970451 0.210434 -0.118081 -0.867413 -0.214845 -0.976307 0.0258136 -0.323281 -0.109851 0.0504199 0.992668 -0.0609945
-0.968902 0.218436 -0.116254 -0.766174 -0.222771 -0.974536 0.0255463 -0.301987 -0.107714 0.05065 0.992891 -0.0413544
-0.966177 0.229772 -0.117078 -0.682677 -0.233563 -0.972145 0.0195727 -0.276614 -0.109319 0.0462557 0.99293 -0.0278396
-0.965514 0.234548 -0.113008 -0.60036 -0.238424 -0.970914 0.021905 -0.248196 -0.104583 0.0480934 0.993353 -0.0253125
-0.96735 0.228354 -0.109945 -0.523105 -0.232149 -0.972411 0.0228768 -0.220926 -0.101687 0.0476533 0.993674 -0.0313027
-0.968835 0.221237 -0.111413 -0.445886 -0.224833 -0.974178 0.0206621 -0.183557 -0.103965 0.0450675 0.993559 -0.0367356
-0.969522 0.213248 -0.120638 -0.365158 -0.217362 -0.975846 0.0218849 -0.143907 -0.113057 0.0474399 0.992455 -0.0337005
-0.971023 0.205536 -0.121943 -0.288745 -0.208591 -0.97792 0.0127049 -0.0985388 -0.11664 0.037773 0.992456 -0.0301034
-0.973776 0.195575 -0.116236 -0.228329 -0.197615 -0.98026 0.00618374 -0.058578 -0.112732 0.0289916 0.993202 -0.0111008
-0.976431 0.183228 -0.114062 -0.142503 -0.185991 -0.982452 0.0139761 -0.0207508 -0.109499 0.0348611 0.993375 -0.00606331
-0.977749 0.179767 -0.108122 -0.0717629 -0.182052 -0.983221 0.0115675 0.0117855 -0.104228 0.0309939 0.99407 -0.005445
-0.976285 0.188936 -0.105693 0.0206276 -0.191034 -0.981533 0.00999589 0.0442285 -0.101853 0.0299498 0.994349 -0.010486
-0.975769 0.190863 -0.106984 0.106229 -0.192171 -0.981359 0.00195994 0.0749029 -0.104616 0.0224717 0.994259 -0.0136953
-0.977334 0.183053 -0.10635 0.209547 -0.185492 -0.982554 0.0134241 0.103907 -0.102038 0.0328469 0.994238 -0.0112281
-0.978121 0.181199 -0.102202 0.283507 -0.183775 -0.982833 0.0162904 0.131746 -0.097496 0.0347162 0.99463 0.000883004
-0.977395 0.18447 -0.103293 0.380396 -0.187086 -0.982211 0.0161559 0.160524 -0.0984753 0.0351154 0.99452 0.015492
-0.977033 0.185334 -0.105157 0.462323 -0.187805 -0.982106 0.0140142 0.190977 -0.100678 0.0334414 0.994357 0.0259737
-0.978745 0.177543 -0.10265 0.545576 -0.179999 -0.983551 0.015113 0.220911 -0.0982779 0.0332687 0.994603 0.0252546
-0.980251 0.171023 -0.0992926 0.627872 -0.173265 -0.984771 0.0143561 0.257643 -0.0953252 0.0312765 0.994955 0.0163042
-0.980922 0.163449 -0.105241 0.706695 -0.165267 -0.98621 0.0087337 0.301675 -0.102363 0.02596 0.994408 0.0184536
-0.981299 0.15913 -0.108306 0.785898 -0.160598 -0.987008 0.00491204 0.338421 -0.106117 0.0222139 0.994106 0.0300979
-0.983693 0.14576 -0.105368 0.865178 -0.147908 -0.988918 0.0128278 0.38796 -0.102331 0.0282034 0.994351 0.050068
-0.984403 0.139936 -0.106625 0.948265 -0.142068 -0.989776 0.0126271 0.414274 -0.103768 0.0275781 0.994219 0.0557633
-0.985845 0.136896 -0.0967951 1.02244 -0.138166 -0.990388 0.00651943 0.44417 -0.0949722 0.019801 0.995283 0.0545823
-0.985323 0.136241 -0.102841 1.11501 -0.138325 -0.990296 0.0133825 0.480752 -0.10002 0.0274115 0.994608 0.0551998
-0.984365 0.139006 -0.10818 1.18961 -0.140266 -0.990105 0.00408704 0.504696 -0.106542 0.0191971 0.994123 0.0565146
-0.983174 0.13836 -0.11927 1.26275 -0.140728 -0.98998 0.0116298 0.532067 -0.116466 0.0282189 0.992794 0.060439
-0.983504 0.140419 -0.114031 1.35697 -0.14204 -0.989842 0.00617863 0.552594 -0.112005 0.0222737 0.993458 0.0761438
-0.982522 0.144832 -0.116936 1.43836 -0.14645 -0.989204 0.0053178 0.577404 -0.114904 0.0223501 0.993125 0.0886794
-0.983683 0.14114 -0.111568 1.53733 -0.143 -0.989683 0.00881476 0.609037 -0.109173 0.0246252 0.993718 0.0954375
-0.985183 0.129124 -0.112878 1.60885 -0.131843 -0.991126 0.0169366 0.634811 -0.109689 0.0315678 0.993465 0.0837916
-0.986832 0.120121 -0.108319 1.70107 -0.12317 -0.992144 0.0218917 0.671288 -0.104838 0.0349451 0.993875 0.0824394
-0.986609 0.109763 -0.12064 1.76509 -0.113424 -0.993259 0.0238908 0.711021 -0.117204 0.0372544 0.992409 0.0842232
-0.986253 0.108341 -0.124771 1.85988 -0.109759 -0.993948 0.00453063 0.741687 -0.123525 0.0181631 0.992175 0.0936276
-0.988557 0.0977843 -0.11486 1.93754 -0.0993343 -0.995023 0.00783509 0.778243 -0.113522 0.0191549 0.993351 0.110535
-0.989224 0.0911256 -0.114597 2.01972 -0.0927536 -0.995649 0.00894441 0.806385 -0.113284 0.0194773 0.993372 0.116509
-0.990898 0.088398 -0.101524 2.10302 -0.0895583 -0.995958 0.00691923 0.832334 -0.100502 0.0159486 0.994809 0.118204
-0.990667 0.0866315 -0.105237 2.19175 -0.0890654 -0.995851 0.0186442 0.860751 -0.103185 0.0278431 0.994272 0.111237
-0.990334 0.0904783 -0.105134 2.27915 -0.0922624 -0.99566 0.0122225 0.884789 -0.103572 0.0218043 0.994383 0.113987
-0.989211 0.0927292 -0.113415 2.35525 -0.0950991 -0.995345 0.0156553 0.90432 -0.111435 0.0262721 0.993424 0.126474
-0.988573 0.0954029 -0.116714 2.4393 -0.097123 -0.995231 0.00912721 0.92105 -0.115286 0.0203585 0.993124 0.142535
-0.988422 0.10157 -0.112715 2.52489 -0.10396 -0.99446 0.0155178 0.941088 -0.110514 0.0270559 0.993506 0.149385
-0.988196 0.105329 -0.111237 2.60076 -0.107238 -0.994169 0.0112991 0.964541 -0.109398 0.0230944 0.99373 0.155487
-0.988056 0.105525 -0.112291 2.68335 -0.107485 -0.99414 0.0115306 0.989542 -0.110416 0.0234624 0.993609 0.148488
-0.988618 0.0996122 -0.112744 2.7564 -0.101911 -0.994683 0.0147979 1.01581 -0.110671 0.0261193 0.993514 0.149
-0.987558 0.0970296 -0.12375 2.84556 -0.0988969 -0.995057 0.00902289 1.04922 -0.122262 0.0211491 0.992272 0.154873
-0.987597 0.0890208 -0.129333 2.9225 -0.0894572 -0.995988 -0.00244315 1.07553 -0.129031 0.00915689 0.991598 0.153611
-0.988708 0.080595 -0.126334 2.99886 -0.0815604 -0.996665 0.00247902 1.11359 -0.125713 0.0127549 0.991985 0.172576
-0.988744 0.0730717 -0.130557 3.07854 -0.0745341 -0.997198 0.00634396 1.14432 -0.129727 0.0160035 0.991421 0.17742
-0.98872 0.0722947 -0.131169 3.1554 -0.0731019 -0.997324 0.00134243 1.16984 -0.130721 0.010916 0.991359 0.185717
-0.987263 0.0698068 -0.142964 3.2392 -0.0706032 -0.997504 0.000498782 1.19554 -0.142573 0.0105862 0.989728 0.176432
-0.986541 0.0693028 -0.148103 3.31751 -0.070302 -0.997525 0.00151633 1.22124 -0.147631 0.0119078 0.988971 0.18077
-0.985614 0.063606 -0.156585 3.41066 -0.0665889 -0.997684 0.0138731 1.24556 -0.15534 0.0241004 0.987567 0.190098
-0.986111 0.0623974 -0.153919 3.50455 -0.0655397 -0.997731 0.0154209 1.26455 -0.152608 0.0252945 0.987963 0.198363
-0.98695 0.0622727 -0.148495 3.60019 -0.0672325 -0.997327 0.0286134 1.29114 -0.146316 0.0382237 0.988499 0.201487
-0.988002 0.0670781 -0.139113 3.69417 -0.0717868 -0.996995 0.0291051 1.3116 -0.136743 0.0387424 0.989849 0.216285
-0.988999 0.0645884 -0.133079 3.78671 -0.0683205 -0.997383 0.0236662 1.32942 -0.131202 0.0324978 0.990823 0.212247
-0.990595 0.0519634 -0.126575 3.87143 -0.0558674 -0.99806 0.0274891 1.35114 -0.124901 0.034302 0.991576 0.206281
-0.990328 0.0423626 -0.132121 3.96457 -0.0461513 -0.998603 0.0257455 1.38077 -0.130846 0.031594 0.990899 0.206956
-0.989605 0.0367429 -0.13904 4.04498 -0.0391067 -0.999133 0.0143065 1.40705 -0.138394 0.0195951 0.990183 0.229168
-0.991221 0.0231084 -0.130181 4.13364 -0.0240709 -0.999693 0.005825 1.42601 -0.130007 0.00890744 0.991473 0.247132
-0.991114 0.00172194 -0.133004 4.22368 -0.00324041 -0.999932 0.0112011 1.45089 -0.132976 0.0115325 0.991052 0.257172
-0.991807 -0.00853002 -0.127463 4.30162 0.00750304 -0.999935 0.00853507 1.46795 -0.127528 0.00750878 0.991807 0.260727
-0.991126 -0.0123681 -0.132349 4.38948 0.0101044 -0.999791 0.0177624 1.48132 -0.132541 0.0162675 0.991044 0.255874
-0.9904 -0.0138019 -0.137539 4.47804 0.011908 -0.999823 0.0145832 1.4901 -0.137716 0.0128054 0.990389 0.254331
-0.988969 -0.0264657 -0.145737 4.57129 0.0224927 -0.999331 0.0288419 1.50161 -0.146403 0.0252458 0.988903 0.26041
-0.98874 -0.0428778 -0.143368 4.64646 0.0381271 -0.998634 0.0357222 1.50889 -0.144704 0.0298538 0.989024 0.276886
-0.98628 -0.0553704 -0.155519 4.73322 0.0493041 -0.997875 0.0425999 1.51462 -0.157547 0.0343477 0.986914 0.28414
-0.984936 -0.069979 -0.158125 4.80179 0.0646449 -0.99716 0.0386347 1.52105 -0.16038 0.0278307 0.986663 0.292396
-0.982233 -0.10361 -0.156473 4.87599 0.0981469 -0.994274 0.0422694 1.52943 -0.159956 0.0261611 0.986777 0.289546
-0.979231 -0.136154 -0.150231 4.95193 0.130023 -0.990252 0.0499504 1.53543 -0.155567 0.0293795 0.987388 0.286395
-0.974502 -0.165069 -0.151977 5.02014 0.158984 -0.98594 0.0514456 1.54264 -0.158333 0.025972 0.987044 0.294706
-0.969142 -0.191066 -0.155751 5.08846 0.187392 -0.981547 0.03808 1.54205 -0.160153 0.0077184 0.987062 0.294317
-0.961359 -0.22253 -0.162078 5.15155 0.220589 -0.974902 0.0301087 1.55149 -0.164711 -0.0068074 0.986318 0.322459
-0.953365 -0.258806 -0.155289 5.20753 0.256626 -0.965903 0.0342751 1.54693 -0.158865 -0.00717468 0.987274 0.320066
-0.946051 -0.28998 -0.144568 5.27731 0.287302 -0.957024 0.0395366 1.5456 -0.149819 -0.00413088 0.988705 0.328447
-0.938243 -0.315939 -0.141008 5.33281 0.312622 -0.948779 0.0456733 1.5437 -0.148216 -0.00122972 0.988954 0.333448
-0.933391 -0.333727 -0.131935 5.40192 0.329021 -0.942622 0.0566436 1.53696 -0.143268 0.00946137 0.989639 0.331706
-0.92851 -0.348253 -0.128798 5.46571 0.342534 -0.937262 0.0648966 1.52662 -0.143318 0.0161393 0.989545 0.323571
-0.922172 -0.366475 -0.12367 5.53456 0.359869 -0.93015 0.0729036 1.51139 -0.141749 0.0227247 0.989642 0.343267
-0.917254 -0.376074 -0.1312 5.58934 0.368217 -0.926233 0.0806732 1.50001 -0.15186 0.0256879 0.988068 0.353343
-0.912042 -0.39016 -0.126312 5.6465 0.381018 -0.920091 0.0908755 1.49058 -0.151675 0.034755 0.987819 0.361987
-0.904201 -0.408789 -0.123739 5.69295 0.39858 -0.911725 0.0994572 1.48247 -0.153473 0.0406096 0.987318 0.366069
-0.893788 -0.42928 -0.129852 5.74504 0.418826 -0.90247 0.100659 1.47467 -0.160398 0.0355827 0.986411 0.370126
-0.882531 -0.452674 -0.127374 5.79347 0.442625 -0.891103 0.100095 1.46853 -0.158813 0.0319579 0.986791 0.372181
-0.868426 -0.478906 -0.128393 5.85004 0.469048 -0.877453 0.100351 1.46031 -0.160718 0.026925 0.986633 0.375503
-0.855182 -0.50123 -0.132034 5.89493 0.491979 -0.865116 0.0976269 1.46468 -0.163158 0.0185305 0.986426 0.369096
-0.841009 -0.523303 -0.137326 5.95746 0.5145 -0.852086 0.096126 1.45769 -0.167317 0.0101885 0.985851 0.385964
-0.826871 -0.544395 -0.141134 6.00658 0.536112 -0.838825 0.0946371 1.45526 -0.169906 0.0025892 0.985457 0.390466
-0.818985 -0.556661 -0.139251 6.06458 0.550643 -0.830686 0.0821728 1.449 -0.161417 -0.00937936 0.986842 0.398338
-0.804986 -0.578248 -0.13277 6.11421 0.572782 -0.81578 0.0801487 1.43916 -0.154657 -0.0115295 0.987901 0.405587
-0.788654 -0.602466 -0.122716 6.16112 0.597204 -0.79808 0.080096 1.42787 -0.146193 -0.0101187 0.989204 0.407377
-0.775645 -0.621328 -0.111027 6.20405 0.614862 -0.78355 0.0894125 1.41201 -0.142549 0.00108624 0.989787 0.407388
-0.769473 -0.629401 -0.108472 6.25326 0.62337 -0.777081 0.0869217 1.38303 -0.139 -0.000734607 0.990292 0.404667
-0.762338 -0.638165 -0.10764 6.29412 0.631735 -0.769899 0.0903671 1.35487 -0.140541 0.000890008 0.990074 0.412229
-0.75108 -0.650098 -0.115112 6.35047 0.643103 -0.759846 0.0951442 1.31821 -0.149321 -0.00256812 0.988786 0.418009
-0.743018 -0.660005 -0.110987 6.38751 0.652355 -0.751258 0.10022 1.28749 -0.149525 0.00206219 0.988756 0.422108
-0.733406 -0.671036 -0.10875 6.42391 0.664144 -0.741423 0.0959438 1.25201 -0.145011 -0.00185979 0.989428 0.430785
-0.717435 -0.689577 -0.0988482 6.45496 0.682894 -0.724212 0.0957799 1.21774 -0.137635 0.00121303 0.990482 0.428562
-0.697896 -0.710094 -0.0933157 6.49351 0.703558 -0.704105 0.0961329 1.18772 -0.133968 0.00143773 0.990985 0.433514
-0.67176 -0.734919 -0.092912 6.5282 0.729538 -0.678109 0.0891231 1.15844 -0.128503 -0.00791348 0.991678 0.43593
-0.637346 -0.765088 -0.0918213 6.56918 0.759493 -0.64384 0.0929494 1.13515 -0.130233 -0.0104967 0.991428 0.431748
-0.594434 -0.798367 -0.0962188 6.60552 0.791976 -0.60197 0.102009 1.11395 -0.139361 -0.0155656 0.990119 0.43767
-0.553776 -0.827187 -0.095363 6.65221 0.82174 -0.561406 0.0978135 1.08587 -0.134447 -0.0241969 0.990625 0.443651
-0.51058 -0.854017 -0.0998105 6.68529 0.848373 -0.519258 0.103124 1.06303 -0.139898 -0.0320232 0.989648 0.449497
-0.470708 -0.875877 -0.10618 6.71945 0.871883 -0.480205 0.0960441 1.04915 -0.135111 -0.0473681 0.989698 0.459947
-0.431023 -0.895202 -0.113284 6.73962 0.892633 -0.441378 0.0916056 1.02378 -0.132007 -0.0616368 0.989331 0.467352
-0.379285 -0.920053 -0.0982094 6.76473 0.916921 -0.38797 0.0934603 0.994637 -0.124091 -0.0546023 0.990767 0.467754
-0.328542 -0.940119 -0.0907515 6.77932 0.937107 -0.336456 0.0928856 0.968729 -0.117857 -0.054527 0.991532 0.458765
-0.285698 -0.955031 -0.0793259 6.78714 0.952153 -0.292261 0.0893797 0.932155 -0.108544 -0.0499948 0.992834 0.465197
-0.246109 -0.966074 -0.0783052 6.8072 0.963355 -0.252705 0.0899243 0.898914 -0.106662 -0.0533045 0.992866 0.455759
-0.212405 -0.974882 -0.0669982 6.8232 0.97186 -0.217897 0.0894934 0.854868 -0.101844 -0.046104 0.993731 0.453341
-0.181843 -0.980766 -0.070936 6.82933 0.97762 -0.188078 0.0942663 0.808455 -0.105795 -0.0522068 0.993017 0.462253
-0.14995 -0.986152 -0.070839 6.8348 0.982517 -0.156627 0.100641 0.76911 -0.110342 -0.0545094 0.992398 0.470334
-0.12446 -0.989483 -0.0737122 6.8332 0.985253 -0.132036 0.10883 0.725081 -0.117418 -0.0590801 0.991324 0.474584
-0.0973918 -0.99267 -0.0715642 6.84289 0.988731 -0.104718 0.106984 0.680488 -0.113694 -0.0603383 0.991682 0.477908
-0.0580704 -0.996345 -0.0626456 6.83509 0.992282 -0.0644929 0.105913 0.635323 -0.109566 -0.0560117 0.9924 0.484766
-0.0224957 -0.998305 -0.0536722 6.86095 0.994479 -0.0278489 0.101175 0.58904 -0.102498 -0.0510999 0.99342 0.481786
0.0236234 -0.998007 -0.0585079 6.85495 0.995069 0.0178341 0.0975654 0.541647 -0.0963276 -0.0605243 0.993508 0.478615
0.0759299 -0.995576 -0.0553363 6.86324 0.994133 0.0712988 0.081338 0.495685 -0.0770328 -0.0611877 0.995149 0.473344
0.139215 -0.988907 -0.0517827 6.87178 0.987374 0.134628 0.0834679 0.45455 -0.0755706 -0.0627489 0.995164 0.470555
0.203409 -0.977542 -0.0551059 6.88226 0.976161 0.198125 0.0886394 0.411411 -0.0757309 -0.0718223 0.994538 0.472623
0.267905 -0.96207 -0.0514574 6.89735 0.9597 0.261777 0.102223 0.367157 -0.084875 -0.0767696 0.99343 0.487943
0.33713 -0.939931 -0.053601 6.90842 0.937208 0.32966 0.113869 0.335486 -0.0893585 -0.0886238 0.992049 0.490783
0.400186 -0.914792 -0.0548314 6.90882 0.913078 0.39289 0.109206 0.306386 -0.0783579 -0.093768 0.992506 0.500643
0.463534 -0.884621 -0.0508138 6.90905 0.883591 0.457177 0.10127 0.265568 -0.0663549 -0.0918408 0.99356 0.499229
0.528686 -0.8476 -0.0454362 6.90414 0.847239 0.523683 0.0891234 0.243086 -0.0517469 -0.0856136 0.994984 0.496642
0.587212 -0.808503 -0.0387867 6.89626 0.808426 0.583419 0.077903 0.205602 -0.0403559 -0.0771018 0.996206 0.48875
0.633269 -0.773216 -0.033283 6.88573 0.773469 0.630816 0.0617803 0.174662 -0.0267741 -0.0648669 0.997535 0.486429
0.671674 -0.740351 -0.0270865 6.8704 0.740266 0.669252 0.0640892 0.153697 -0.0293208 -0.0630983 0.997577 0.485728
0.704092 -0.709698 -0.0241646 6.85083 0.7094 0.701462 0.0685756 0.121538 -0.0317174 -0.0654259 0.997353 0.475866
0.734003 -0.678575 -0.0278578 6.8218 0.678231 0.730269 0.0819069 0.0970887 -0.0352363 -0.0790139 0.996251 0.486998
0.766182 -0.64236 -0.0183903 6.79034 0.641336 0.762523 0.0851246 0.0750832 -0.0406576 -0.0770153 0.996201 0.487351
0.797807 -0.602884 -0.00592822 6.76419 0.601217 0.794786 0.0827819 0.0503187 -0.0451963 -0.0696081 0.99655 0.480607
0.82429 -0.566167 -0.000639171 6.73348 0.564233 0.821379 0.0835326 0.0243503 -0.0467684 -0.0692158 0.996505 0.487987
0.856034 -0.516895 0.00495305 6.70217 0.515246 0.853995 0.0722035 0.00170652 -0.0415515 -0.0592566 0.997378 0.485746
0.881561 -0.472049 0.00445639 6.6771 0.470727 0.879727 0.0670579 -0.0217097 -0.035575 -0.0570179 0.997739 0.480191
0.905243 -0.42489 0.00172169 6.65014 0.423994 0.903583 0.0613733 -0.0319639 -0.0276326 -0.0548278 0.998113 0.483644
0.924707 -0.380665 -0.00326477 6.61723 0.380317 0.923421 0.0514977 -0.0605269 -0.0165886 -0.048862 0.998668 0.480032
0.941254 -0.337682 -0.0032609 6.58586 0.337412 0.940017 0.050213 -0.0760423 -0.0138908 -0.0483635 0.998733 0.471991
0.955086 -0.296225 -0.00781252 6.54069 0.296177 0.953427 0.0570575 -0.102031 -0.00945317 -0.0568087 0.99834 0.472083
0.967828 -0.251577 -0.00432796 6.51543 0.251373 0.966003 0.0604183 -0.127971 -0.011019 -0.0595624 0.998164 0.474542
0.979896 -0.199431 0.00559131 6.47999 0.198764 0.978272 0.0589611 -0.1594 -0.0172285 -0.0566644 0.998245 0.476413
0.987602 -0.15697 0.00161417 6.4414 0.156577 0.985758 0.0613507 -0.179001 -0.0112214 -0.0603373 0.998115 0.480063
0.992117 -0.125311 0.000357542 6.41176 0.124993 0.989794 0.0684369 -0.206993 -0.0089298 -0.0678528 0.997655 0.475856
0.995644 -0.0932063 -0.00256138 6.36817 0.0931998 0.994001 0.0572389 -0.234393 -0.00278901 -0.0572282 0.998357 0.47323
0.997838 -0.0656784 -0.00222526 6.3299 0.0657134 0.996921 0.0427915 -0.26092 -0.000592071 -0.0428452 0.999082 0.470859
0.998556 -0.0536729 -0.00226108 6.27768 0.0537185 0.997993 0.0335431 -0.279409 0.00045619 -0.0336161 0.999435 0.464006
0.998588 -0.0529455 0.004283 6.2352 0.0527517 0.997924 0.0369562 -0.295378 -0.00623077 -0.0366781 0.999308 0.467644
0.998839 -0.0464791 0.012658 6.18459 0.046053 0.998423 0.0320998 -0.312991 -0.01413 -0.0314796 0.999405 0.448385
0.998891 -0.04522 0.0131387 6.11658 0.0447843 0.998492 0.0317532 -0.32146 -0.0145548 -0.0311296 0.999409 0.453291
0.998385 -0.0502518 0.0265118 6.065 0.049672 0.998521 0.022093 -0.334356 -0.0275828 -0.0207405 0.999404 0.450125
0.997848 -0.0613697 0.0231063 6.00035 0.0605846 0.997608 0.0332689 -0.337854 -0.0250928 -0.0317974 0.999179 0.442692
0.998016 -0.0596151 0.0202555 5.94472 0.0588609 0.997617 0.0359892 -0.345505 -0.0223527 -0.0347255 0.999147 0.435602
0.998503 -0.054489 0.00483 5.87239 0.0542983 0.997967 0.0333752 -0.342944 -0.00663877 -0.033063 0.999431 0.441359
0.99897 -0.0453285 0.00182022 5.81482 0.0452136 0.998109 0.0416427 -0.356076 -0.00370438 -0.0415175 0.999131 0.427549
0.999555 -0.0293047 -0.00564976 5.74638 0.0295007 0.998825 0.0384617 -0.377254 0.00451601 -0.0386113 0.999244 0.41485
0.999894 -0.0142957 0.0025854 5.68178 0.0142166 0.999496 0.0283908 -0.400195 -0.00298996 -0.028351 0.999594 0.415623
0.9999 -0.00226093 0.0139427 5.62948 0.00172536 0.999265 0.0383047 -0.421452 -0.0140191 -0.0382768 0.999169 0.404426
0.999535 0.0139196 0.0271115 5.56994 -0.0149128 0.999212 0.036784 -0.445413 -0.0265781 -0.0371713 0.998955 0.405704
0.999259 0.0276814 0.0267536 5.50704 -0.0285431 0.999068 0.0323816 -0.468183 -0.0258323 -0.0331212 0.999117 0.406742
0.999224 0.035955 0.0160761 5.44127 -0.0364255 0.998886 0.03 -0.486286 -0.0149795 -0.0305623 0.999421 0.410184
0.999103 0.040316 0.0129513 5.38487 -0.040727 0.998618 0.0332206 -0.498784 -0.0115941 -0.0337183 0.999364 0.405479
0.99909 0.0425916 0.00220199 5.32104 -0.0426362 0.998709 0.0276001 -0.524889 -0.00102362 -0.0276689 0.999617 0.39201
0.99926 0.0383351 0.00308243 5.24564 -0.0384203 0.998634 0.0354179 -0.53356 -0.00172047 -0.0355101 0.999368 0.38074
0.999313 0.0365354 0.00621387 5.17265 -0.0367346 0.998687 0.0357134 -0.546081 -0.00490091 -0.0359171 0.999343 0.379681
0.999176 0.0388396 0.0118073 5.11035 -0.0392343 0.998607 0.035273 -0.550774 -0.0104208 -0.0357072 0.999308 0.373902
0.999384 0.0297223 0.018654 5.03425 -0.0304407 0.998756 0.0394891 -0.55491 -0.0174571 -0.0400326 0.999046 0.377457
0.999544 0.0247163 0.0173695 4.96494 -0.0252908 0.999113 0.033675 -0.566355 -0.0165218 -0.0340989 0.999282 0.37744
0.999702 0.0234763 0.00673903 4.89347 -0.0236224 0.999468 0.0224828 -0.585809 -0.00620764 -0.0226353 0.999725 0.371618
0.999821 0.0169632 0.0083985 4.83033 -0.0171615 0.999562 0.0241306 -0.599371 -0.00798548 -0.0242704 0.999674 0.357854
0.999907 0.0134241 0.00236574 4.76131 -0.0134952 0.999359 0.0331557 -0.615412 -0.00191914 -0.0331845 0.999447 0.350811
0.999867 0.0137374 0.008809 4.70175 -0.0140102 0.999399 0.0316923 -0.634516 -0.00836834 -0.0318115 0.999459 0.339004
0.999704 0.0147696 0.0193121 4.63733 -0.0156261 0.998866 0.0449762 -0.656175 -0.0186259 -0.0452646 0.998801 0.338049
0.999241 0.0196839 0.0336271 4.56734 -0.0212757 0.998637 0.0476512 -0.67804 -0.0326434 -0.0483305 0.998298 0.340698
0.999055 0.0314852 0.029972 4.50432 -0.0328319 0.998422 0.0455544 -0.698177 -0.0284904 -0.0464954 0.998512 0.346277
0.999098 0.0386892 0.017506 4.43119 -0.0393658 0.998419 0.0401139 -0.719032 -0.0159264 -0.0407669 0.999042 0.340956
0.999038 0.0430954 0.00811328 4.37155 -0.0434007 0.998164 0.0422412 -0.732922 -0.00627799 -0.0425527 0.999074 0.333715
0.999147 0.041257 -0.00172589 4.28693 -0.0411631 0.998445 0.0375981 -0.756553 0.00327439 -0.037495 0.999291 0.317583
0.999288 0.0375491 -0.00381504 4.21615 -0.0373356 0.998254 0.0457617 -0.764164 0.00552669 -0.0455866 0.998945 0.307238
0.999303 0.0372215 0.00276623 4.14307 -0.0372882 0.998846 0.030267 -0.773113 -0.00163646 -0.030349 0.999538 0.30636
0.998791 0.0427852 0.0242108 4.08175 -0.0435672 0.998514 0.0327505 -0.776799 -0.0227735 -0.0337657 0.99917 0.308924
0.998813 0.0339407 0.0349377 4.00395 -0.0351771 0.998754 0.035404 -0.780056 -0.0336925 -0.036591 0.998762 0.313717
0.998972 0.0321037 0.0319897 3.92268 -0.0330879 0.99898 0.0307249 -0.782406 -0.0309707 -0.0317518 0.999016 0.310073
0.999223 0.0337837 0.0203018 3.8571 -0.0341848 0.99922 0.0197472 -0.805282 -0.0196188 -0.0204258 0.999599 0.30857
0.999337 0.0337861 0.0135672 3.78398 -0.0340605 0.999209 0.0205336 -0.813369 -0.0128627 -0.0209821 0.999697 0.293012
0.999339 0.0358746 0.00588229 3.71555 -0.0360092 0.999048 0.0246377 -0.823651 -0.00499282 -0.0248332 0.999679 0.276349
0.999078 0.0425233 0.00592541 3.64134 -0.0426588 0.998777 0.0249931 -0.83663 -0.00485537 -0.0252228 0.99967 0.261311
0.998834 0.0469904 0.0110611 3.58113 -0.0473507 0.998267 0.0349408 -0.859273 -0.00940007 -0.0354238 0.999328 0.266456
0.998201 0.0564071 0.0203023 3.50452 -0.0571452 0.997649 0.0378294 -0.872603 -0.0181208 -0.0389215 0.999078 0.273327
0.998017 0.0601119 0.0186939 3.43819 -0.0608403 0.997297 0.0411999 -0.888518 -0.0161667 -0.0422555 0.998976 0.270194
0.998162 0.0603385 0.0057249 3.3727 -0.0605405 0.997073 0.0466946 -0.900421 -0.00289066 -0.0469554 0.998893 0.270317
0.998112 0.0614089 0.000819025 3.30613 -0.0613832 0.997093 0.0451401 -0.916957 0.00195536 -0.0451052 0.99898 0.256962
0.998437 0.0549571 -0.0101364 3.23018 -0.0544903 0.997644 0.0416778 -0.929749 0.012403 -0.0410603 0.99908 0.243985
0.998821 0.0478904 -0.00796318 3.16097 -0.0474513 0.997703 0.0483475 -0.932606 0.0102603 -0.0479127 0.998799 0.233926
0.998889 0.0456389 -0.0117803 3.07471 -0.0450783 0.998009 0.0441242 -0.940525 0.0137706 -0.0435441 0.998957 0.229696
0.999159 0.0399373 -0.00929897 3.00189 -0.03949 0.998245 0.0441311 -0.951669 0.0110451 -0.0437267 0.998982 0.236349
0.999633 0.0270705 0.000808076 2.93936 -0.027079 0.998575 0.0459926 -0.958881 0.000438118 -0.0459976 0.998941 0.233684
0.999796 0.0192842 0.00594485 2.86283 -0.0195269 0.998845 0.0439129 -0.968809 -0.00509116 -0.04402 0.999018 0.230538
0.999876 0.0157173 0.000961756 2.79223 -0.0157436 0.999034 0.0410378 -0.970029 -0.000315821 -0.0410478 0.999157 0.225498
0.999817 0.0187157 -0.00405812 2.72408 -0.018523 0.998894 0.0432154 -0.987103 0.00486244 -0.0431323 0.999058 0.209662
0.999731 0.0197158 -0.0122075 2.64439 -0.0191194 0.998703 0.0471817 -0.99662 0.0131219 -0.0469356 0.998812 0.204589
0.999641 0.0240573 -0.0118113 2.57585 -0.0235159 0.998754 0.0440194 -1.0158 0.0128556 -0.0437258 0.998961 0.19559
0.999514 0.0280879 -0.0135385 2.48482 -0.0274185 0.998503 0.0473261 -1.03604 0.0148476 -0.0469319 0.998788 0.202109
0.999222 0.0384497 -0.00874116 2.41421 -0.0379941 0.998154 0.0473876 -1.06246 0.0105471 -0.0470186 0.998838 0.199697
0.998768 0.0490265 -0.00766587 2.34317 -0.0486783 0.997996 0.0404335 -1.07769 0.00963282 -0.0400105 0.999153 0.202797
0.998478 0.0544323 -0.00883224 2.27088 -0.054026 0.997693 0.0411005 -1.0944 0.0110491 -0.0405608 0.999116 0.195655
0.998412 0.0560235 -0.00593166 2.18288 -0.0558028 0.997914 0.0324555 -1.09871 0.00773756 -0.0320729 0.999456 0.188447
0.998635 0.0520904 -0.00394563 2.11611 -0.051929 0.998086 0.0335947 -1.10204 0.00568804 -0.0333439 0.999428 0.179216
0.999024 0.0438871 0.0050915 2.05289 -0.0439826 0.998823 0.0204705 -1.10973 -0.00418711 -0.0206745 0.999777 0.169168
0.998981 0.0391702 0.0224338 1.97666 -0.039582 0.99905 0.0182136 -1.1132 -0.0216991 -0.019083 0.999582 0.176161
0.999105 0.0271675 0.0324301 1.91154 -0.0276177 0.999527 0.0135177 -1.11165 -0.0320475 -0.0144012 0.999383 0.175348
0.999319 0.0235698 0.0283909 1.82759 -0.0239033 0.999649 0.0114667 -1.11018 -0.0281106 -0.0121375 0.999531 0.176061
0.999657 0.0222841 0.0137725 1.76603 -0.0223651 0.999733 0.00575591 -1.11005 -0.0136405 -0.00606196 0.999889 0.163508
0.999422 0.0326437 0.00943739 1.68153 -0.032718 0.999434 0.00783173 -1.11497 -0.00917639 -0.00813598 0.999925 0.145573
0.998993 0.0448653 0.00079292 1.60102 -0.0448701 0.998963 0.00769433 -1.12616 -0.00044689 -0.00772215 0.99997 0.132492
0.99869 0.0504296 0.0086135 1.53715 -0.0504748 0.998712 0.00511431 -1.13737 -0.00834449 -0.00554238 0.99995 0.125376
0.998575 0.0526841 0.00845835 1.4529 -0.0527445 0.998583 0.00708489 -1.1541 -0.0080731 -0.00752093 0.999939 0.126445
0.998265 0.0580154 0.0100774 1.37792 -0.0580571 0.998306 0.00390194 -1.16834 -0.00983399 -0.00448024 0.999942 0.133421
0.998302 0.057196 0.0110407 1.30797 -0.0571742 0.998362 -0.00227879 -1.17558 -0.011153 0.00164367 0.999936 0.13319
0.998333 0.0573741 -0.00624099 1.24066 -0.0573548 0.998349 0.00323405 -1.1841 0.00641624 -0.00287071 0.999975 0.13304
