1 0 0 0 0 1 0 0 -0 0 1 0
1 0 0 0 0 1 0 0 -0 0 1 0
0.999915 0.000282326 -0.0130512 -0.0950228 -0.000331433 0.999993 -0.00376062 -0.0361205 0.0130501 0.00376462 0.999908 0.0195285
0.999733 0.00204529 -0.0230081 -0.215309 -0.00200927 0.999997 0.00158867 -0.0581686 0.0230113 -0.00154201 0.999734 0.00838382
0.999719 -0.00132969 -0.0236799 -0.300479 0.00147269 0.999981 0.00602236 -0.0746892 0.0236714 -0.00605554 0.999701 -0.0193814
0.999504 -0.00364366 -0.0312656 -0.392674 0.00354 0.999988 -0.00337016 -0.0955794 0.0312775 0.00325781 0.999505 -0.0377594
0.999726 -0.00735878 -0.0222355 -0.479778 0.00736134 0.999973 3.32297e-05 -0.114474 0.0222347 -0.000196904 0.999753 -0.042707
0.99995 -0.00634823 -0.0077136 -0.561038 0.00632976 0.999977 -0.00241585 -0.118718 0.00772876 0.00236691 0.999967 -0.047144
0.999729 -0.0154895 -0.017381 -0.680861 0.0155996 0.999859 0.00621529 -0.124274 0.0172823 -0.00648474 0.99983 -0.0659039
0.999647 -0.00950779 -0.0248178 -0.763737 0.00950447 0.999955 -0.000251647 -0.139466 0.0248191 1.56773e-05 0.999692 -0.0653003
0.999368 -0.0049849 -0.0352015 -0.857146 0.00493195 0.999987 -0.00159108 -0.14832 0.0352089 0.00141646 0.999379 -0.0838922
0.99972 0.00310621 -0.023449 -0.954767 -0.00320072 0.999987 -0.00399394 -0.170836 0.0234363 0.00406788 0.999717 -0.0875448
0.999915 0.00976552 -0.00867754 -1.04419 -0.00981993 0.999932 -0.00624893 -0.191726 0.00861593 0.00633361 0.999943 -0.105381
0.999836 0.0180209 0.00175253 -1.13175 -0.0180063 0.999806 -0.00802835 -0.216841 -0.00189687 0.00799548 0.999966 -0.11165
0.999633 0.0260393 0.00748025 -1.22037 -0.02605 0.99966 0.00133354 -0.243921 -0.00744298 -0.00152791 0.999971 -0.115652
0.999147 0.0412204 -0.00227458 -1.32196 -0.0412394 0.999108 -0.00906847 -0.264609 0.00189875 0.00915454 0.999956 -0.128555
0.998898 0.0423508 -0.0202228 -1.41219 -0.0425798 0.999032 -0.0110307 -0.274749 0.019736 0.0118796 0.999735 -0.138516
0.998721 0.042735 -0.0270023 -1.50466 -0.0432735 0.998869 -0.0196833 -0.29054 0.0261306 0.0208266 0.999442 -0.159873
0.998733 0.0420902 -0.0275903 -1.60114 -0.042758 0.998795 -0.024077 -0.30619 0.0265436 0.0252261 0.999329 -0.175919
0.998888 0.0452533 -0.0131937 -1.6874 -0.0456873 0.998353 -0.0346904 -0.321208 0.0116022 0.0352546 0.999311 -0.179438
0.999143 0.0378892 -0.0166386 -1.78948 -0.038448 0.998659 -0.0346572 -0.327869 0.0153032 0.0352672 0.999261 -0.186718
0.99922 0.0297786 -0.0259492 -1.89132 -0.0305368 0.999103 -0.0293311 -0.337418 0.0250525 0.0301006 0.999233 -0.191702
0.9994 0.0216223 -0.0270709 -1.991 -0.0219317 0.999697 -0.0111837 -0.346162 0.0268209 0.0117707 0.999571 -0.205089
0.999335 0.0197119 -0.0306802 -2.08506 -0.0200701 0.999733 -0.0114128 -0.365498 0.0304471 0.0120209 0.999464 -0.224565
0.999523 0.0179444 -0.0251332 -2.17474 -0.0181311 0.99981 -0.0072177 -0.391373 0.0249989 0.00766995 0.999658 -0.239525
0.999675 0.0211005 -0.0143166 -2.2761 -0.0210227 0.999764 0.00556274 -0.411511 0.0144305 -0.00525996 0.999882 -0.251896
0.999621 0.0245177 -0.0125044 -2.36258 -0.0242293 0.999448 0.0227157 -0.435192 0.0130545 -0.0224041 0.999664 -0.255679
0.999173 0.0373019 -0.0161862 -2.44079 -0.0369014 0.999022 0.0243721 -0.458471 0.0170795 -0.0237546 0.999572 -0.263178
0.998382 0.0485015 -0.0296721 -2.53405 -0.0480329 0.998713 0.0163081 -0.477423 0.0304248 -0.0148564 0.999427 -0.267698
0.997896 0.0578946 -0.0291942 -2.61552 -0.0575359 0.998259 0.0129817 -0.497022 0.0298949 -0.0112747 0.999489 -0.294842
0.99777 0.0576958 -0.0335448 -2.70881 -0.0574264 0.99831 0.00894268 -0.504952 0.0340041 -0.00699639 0.999397 -0.30915
0.997846 0.0613194 -0.0233294 -2.81227 -0.0612326 0.998114 0.00441918 -0.512773 0.0235564 -0.00298114 0.999718 -0.330447
0.997977 0.0616806 -0.015416 -2.88977 -0.061642 0.998094 0.00296628 -0.523711 0.0155695 -0.00201001 0.999877 -0.331383
0.998313 0.0550933 -0.0183163 -2.99045 -0.0549221 0.998443 0.00972243 -0.524837 0.0188234 -0.00870007 0.999785 -0.336503
0.998323 0.0542025 -0.0203436 -3.07248 -0.0539282 0.99845 0.0137952 -0.53623 0.0210598 -0.012675 0.999698 -0.347779
0.998016 0.0580115 -0.024489 -3.16717 -0.0577753 0.998277 0.0102445 -0.542206 0.0250411 -0.00880935 0.999648 -0.374222
0.997319 0.0656471 -0.0323255 -3.25856 -0.0654853 0.997835 0.00604084 -0.557563 0.0326521 -0.0039078 0.999459 -0.381717
0.997204 0.0701602 -0.025725 -3.35594 -0.0697204 0.997411 0.0176129 -0.572694 0.0268941 -0.0157701 0.999514 -0.411048
0.996541 0.0805285 -0.0205349 -3.44021 -0.0800247 0.996497 0.0242783 -0.592936 0.0224181 -0.022551 0.999494 -0.410698
0.996113 0.0852299 -0.0222449 -3.52797 -0.0845958 0.996021 0.0280414 -0.609414 0.0245464 -0.0260506 0.999359 -0.41706
0.995261 0.0944873 -0.0229766 -3.61483 -0.0938951 0.995252 0.0256183 -0.623648 0.0252882 -0.0233395 0.999408 -0.417478
0.994644 0.0972 -0.0351475 -3.70752 -0.0963173 0.995011 0.0259938 -0.632527 0.0374988 -0.0224692 0.999044 -0.439944
0.993979 0.100388 -0.0439125 -3.79439 -0.099426 0.994766 0.0235791 -0.64061 0.0460498 -0.0190711 0.998757 -0.453342
0.993862 0.101532 -0.0439394 -3.88073 -0.100645 0.99468 0.0219396 -0.642649 0.0459332 -0.0173827 0.998793 -0.466859
0.993233 0.111069 -0.0339399 -3.96936 -0.110793 0.993794 0.00990483 -0.639785 0.0348294 -0.00607748 0.999375 -0.482658
0.993506 0.108591 -0.0339791 -4.06228 -0.108263 0.994057 0.0113547 -0.640066 0.0350102 -0.00760226 0.999358 -0.48171
0.993487 0.109618 -0.0311069 -4.14214 -0.109291 0.993937 0.0120186 -0.636429 0.0322357 -0.00854063 0.999444 -0.48515
0.993211 0.110652 -0.0358816 -4.22098 -0.110067 0.993763 0.0178924 -0.631401 0.0376376 -0.0138216 0.999196 -0.495193
0.99199 0.12015 -0.0389867 -4.30841 -0.119606 0.992692 0.0160123 -0.632922 0.0406257 -0.011221 0.999111 -0.5115
0.990683 0.130841 -0.0377789 -4.38485 -0.130319 0.991343 0.0159873 -0.631462 0.0395436 -0.0109151 0.999158 -0.531514
0.989314 0.141978 -0.033169 -4.48424 -0.141417 0.989774 0.0186977 -0.634159 0.0354844 -0.0138073 0.999275 -0.541392
0.98797 0.153155 -0.0213978 -4.56269 -0.152582 0.987942 0.0262626 -0.638172 0.025162 -0.0226818 0.999426 -0.547095
0.98502 0.170048 -0.0286134 -4.65153 -0.169476 0.985303 0.0213713 -0.6397 0.031827 -0.0162019 0.999362 -0.548985
0.982526 0.18405 -0.0277157 -4.72825 -0.183617 0.982843 0.0174683 -0.647164 0.0304552 -0.0120739 0.999463 -0.551608
0.981836 0.185717 -0.0388355 -4.81306 -0.184824 0.982442 0.0254689 -0.647661 0.0428836 -0.0178286 0.998921 -0.561735
0.980717 0.191183 -0.0405371 -4.89271 -0.190573 0.9815 0.018455 -0.647474 0.0433155 -0.0103739 0.999008 -0.585925
0.979722 0.194955 -0.0462418 -4.9706 -0.194573 0.980806 0.0126699 -0.644195 0.0478243 -0.00341558 0.99885 -0.596966
0.980962 0.191505 -0.032249 -5.0465 -0.191114 0.981456 0.0148146 -0.634948 0.034488 -0.0083693 0.99937 -0.605448
0.981956 0.187604 -0.0238126 -5.14179 -0.187376 0.982221 0.0114748 -0.625537 0.0255419 -0.00680586 0.999651 -0.60632
0.983469 0.17876 -0.0288807 -5.22149 -0.177982 0.983647 0.0276053 -0.606469 0.0333432 -0.0220087 0.999202 -0.609432
0.981949 0.186251 -0.0329489 -5.29852 -0.185376 0.982271 0.027913 -0.590717 0.0375636 -0.0213012 0.999067 -0.619148
0.980495 0.192754 -0.0384111 -5.38437 -0.192079 0.981164 0.0205771 -0.584229 0.0416539 -0.0127978 0.99905 -0.636585
0.979809 0.196304 -0.0379361 -5.46802 -0.195799 0.980503 0.0166336 -0.565739 0.0404617 -0.0088699 0.999142 -0.653119
0.978718 0.202546 -0.032973 -5.55645 -0.20203 0.979208 0.0183267 -0.557767 0.0359994 -0.0112752 0.999288 -0.672088
0.978104 0.206741 -0.0238933 -5.64564 -0.20643 0.978349 0.0148503 -0.551427 0.0264461 -0.00959284 0.999604 -0.677985
0.977396 0.210967 -0.0137551 -5.72612 -0.210568 0.977236 0.0259084 -0.539863 0.0189078 -0.0224264 0.99957 -0.684077
0.978394 0.206213 -0.0148866 -5.80264 -0.205913 0.978376 0.0194803 -0.535789 0.0185818 -0.015994 0.999699 -0.685563
0.979142 0.202034 -0.0215069 -5.88209 -0.201696 0.979302 0.0169047 -0.521353 0.0244771 -0.0122143 0.999626 -0.698983
0.980613 0.193981 -0.0277339 -5.96242 -0.193517 0.980922 0.0185365 -0.512262 0.0308005 -0.0128102 0.999443 -0.71493
0.982428 0.184121 -0.0305759 -6.04282 -0.183871 0.982891 0.0108146 -0.496972 0.0320439 -0.00500258 0.999474 -0.729006
0.984797 0.173037 -0.0152897 -6.12428 -0.172841 0.98486 0.0133199 -0.483236 0.017363 -0.0104747 0.999794 -0.743822
0.98691 0.161153 -0.0061013 -6.21454 -0.161121 0.98692 0.00543948 -0.480365 0.00689809 -0.00438523 0.999967 -0.757125
0.990175 0.139484 -0.00985092 -6.29584 -0.139473 0.990224 0.00177518 -0.457965 0.0100022 -0.000383804 0.99995 -0.762536
0.992084 0.123985 -0.0199346 -6.37535 -0.123874 0.992275 0.00672396 -0.440538 0.0206143 -0.00420135 0.999779 -0.765305
0.993533 0.110193 -0.0273736 -6.45246 -0.109974 0.99389 0.00937196 -0.428871 0.0282391 -0.00630097 0.999581 -0.77977
0.994034 0.101205 -0.0406578 -6.52817 -0.100807 0.994837 0.0117281 -0.421121 0.0416349 -0.00755951 0.999104 -0.789115
0.994025 0.0969505 -0.050155 -6.61222 -0.09624 0.995223 0.0163981 -0.413156 0.0515052 -0.0114732 0.998607 -0.811859
0.99397 0.0984711 -0.0482458 -6.68652 -0.0979283 0.995102 0.0134945 -0.413684 0.0493383 -0.00868847 0.998744 -0.827253
0.993753 0.104192 -0.0399802 -6.76833 -0.103428 0.994421 0.0207492 -0.41671 0.0419191 -0.0164845 0.998985 -0.83841
0.993924 0.102828 -0.0392612 -6.84371 -0.10179 0.994423 0.0275835 -0.415656 0.0418786 -0.0234195 0.998848 -0.834524
0.993975 0.0999665 -0.0449498 -6.91292 -0.0986643 0.994659 0.0303167 -0.413946 0.0477404 -0.0256991 0.998529 -0.83958
0.995134 0.0855958 -0.0487973 -6.97925 -0.0839165 0.995841 0.0354854 -0.412225 0.0516317 -0.0312179 0.998178 -0.844855
0.996569 0.0653407 -0.0508011 -7.0462 -0.0637799 0.997458 0.0317625 -0.417816 0.0527474 -0.0284134 0.998204 -0.862383
0.997801 0.0419145 -0.0513412 -7.11518 -0.040628 0.99884 0.0258515 -0.423367 0.0523652 -0.0237087 0.998347 -0.864379
0.999356 0.00817502 -0.0349401 -7.19049 -0.00755368 0.999812 0.0178782 -0.427119 0.0350796 -0.0176028 0.999229 -0.873959
0.999245 -0.0286181 -0.0262621 -7.25759 0.0288082 0.999561 0.00688756 -0.43397 0.0260535 -0.00763893 0.999631 -0.873659
0.996586 -0.0813623 -0.0140496 -7.31823 0.081623 0.99648 0.0190965 -0.435767 0.0124464 -0.0201781 0.999719 -0.871092
0.990823 -0.13478 -0.0102249 -7.38242 0.134975 0.990611 0.0217308 -0.450447 0.00720005 -0.0229115 0.999712 -0.877041
0.980161 -0.198107 -0.00611621 -7.43688 0.19819 0.979969 0.0195475 -0.475123 0.0021212 -0.0203718 0.99979 -0.881585
0.963495 -0.267674 -0.00531873 -7.4859 0.267724 0.963199 0.0239279 -0.504792 -0.00128189 -0.0244784 0.9997 -0.892454
0.943081 -0.332452 -0.00863964 -7.52808 0.332544 0.942413 0.0356697 -0.544329 -0.00371635 -0.0365124 0.999326 -0.899019
0.918852 -0.394539 -0.0071313 -7.57352 0.394441 0.917806 0.0452503 -0.589261 -0.0113078 -0.0443912 0.99895 -0.903948
0.892767 -0.45046 -0.00723329 -7.60855 0.450071 0.891052 0.05884 -0.637098 -0.0200598 -0.055786 0.998241 -0.902315
0.863768 -0.503879 -0.00346468 -7.63605 0.502945 0.861706 0.0671448 -0.686652 -0.0308473 -0.0597401 0.997737 -0.898589
0.82427 -0.566146 -0.00757156 -7.66363 0.565053 0.821684 0.0744998 -0.735367 -0.0359563 -0.0656864 0.997192 -0.903296
0.778453 -0.627521 -0.0151003 -7.69089 0.626509 0.775267 0.0802976 -0.786212 -0.0386816 -0.0719684 0.996657 -0.903532
0.72224 -0.691448 -0.0163927 -7.71484 0.689738 0.718291 0.0912146 -0.840098 -0.0512955 -0.0771855 0.995696 -0.909489
0.65969 -0.751416 -0.0135386 -7.72616 0.748855 0.655708 0.0962503 -0.893895 -0.0634467 -0.0736338 0.995265 -0.912574
0.583512 -0.811899 -0.018242 -7.73921 0.809101 0.579278 0.0989552 -0.951291 -0.0697745 -0.0725012 0.994925 -0.911625
0.500437 -0.865509 -0.0213899 -7.7556 0.862149 0.495931 0.103691 -1.0134 -0.0791379 -0.0703323 0.994379 -0.912102
0.416064 -0.909087 -0.0212426 -7.76549 0.904127 0.411072 0.11651 -1.06506 -0.0971852 -0.0676816 0.992962 -0.90756
0.316424 -0.947909 -0.0366716 -7.77908 0.940807 0.308633 0.140096 -1.12967 -0.12148 -0.0788305 0.989459 -0.909097
0.217558 -0.975 -0.0452046 -7.77958 0.966416 0.20869 0.149962 -1.1847 -0.136779 -0.0763119 0.987658 -0.911189
0.116388 -0.992013 -0.0486137 -7.76504 0.983032 0.108071 0.148216 -1.24211 -0.141778 -0.0650394 0.987759 -0.90757
0.00863616 -0.998594 -0.0523048 -7.74322 0.991059 0.00158283 0.133417 -1.30405 -0.133146 -0.0529893 0.989679 -0.904221
-0.0928416 -0.993525 -0.0654798 -7.71318 0.986897 -0.100539 0.126196 -1.35252 -0.131962 -0.0529057 0.989842 -0.905476
-0.182659 -0.979447 -0.0855573 -7.67606 0.972582 -0.192746 0.130125 -1.40406 -0.143941 -0.0594431 0.987799 -0.904611
-0.264486 -0.958829 -0.103415 -7.6349 0.953187 -0.276203 0.12307 -1.44543 -0.146566 -0.0660235 0.986995 -0.892615
-0.334956 -0.93382 -0.125639 -7.59027 0.928424 -0.349845 0.125049 -1.4839 -0.160727 -0.0747603 0.984163 -0.883873
-0.404498 -0.905339 -0.129392 -7.53258 0.89833 -0.419851 0.129336 -1.51958 -0.171419 -0.063921 0.983122 -0.876593
-0.472216 -0.87239 -0.126284 -7.47798 0.863118 -0.486699 0.134727 -1.55332 -0.178997 -0.0453772 0.982803 -0.858331
-0.537004 -0.833318 -0.131181 -7.4196 0.824492 -0.551361 0.127335 -1.58442 -0.178439 -0.0397776 0.983147 -0.857103
-0.589942 -0.796375 -0.133246 -7.36325 0.786332 -0.60413 0.129264 -1.62307 -0.183441 -0.0285176 0.982617 -0.851857
-0.642886 -0.754363 -0.132795 -7.31321 0.743365 -0.656272 0.129289 -1.65313 -0.184681 -0.0155973 0.982675 -0.847848
-0.687909 -0.710416 -0.148631 -7.24366 0.697845 -0.703683 0.133575 -1.68792 -0.199483 -0.0118337 0.97983 -0.842605
-0.730675 -0.663435 -0.161145 -7.18926 0.649604 -0.748209 0.134899 -1.71845 -0.210067 -0.00611317 0.977668 -0.832152
-0.775086 -0.605035 -0.18214 -7.1265 0.589545 -0.796197 0.136043 -1.74418 -0.22733 -0.00193506 0.973816 -0.820448
-0.817575 -0.54388 -0.189116 -7.06575 0.529769 -0.839163 0.123089 -1.78253 -0.225645 0.000446492 0.974209 -0.796315
-0.851946 -0.488371 -0.188896 -7.0033 0.474138 -0.872572 0.117521 -1.809 -0.222219 0.010559 0.974939 -0.78264
-0.88132 -0.435415 -0.183544 -6.92327 0.420952 -0.89994 0.113615 -1.82183 -0.214648 0.0228685 0.976424 -0.780818
-0.902397 -0.391269 -0.180524 -6.84428 0.378753 -0.920001 0.100722 -1.83722 -0.205491 0.0225178 0.9784 -0.781354
-0.916991 -0.352973 -0.185843 -6.76497 0.341432 -0.935402 0.0919115 -1.83846 -0.20628 0.0208293 0.978271 -0.778004
-0.928917 -0.318032 -0.189652 -6.67871 0.308472 -0.947966 0.0787682 -1.85086 -0.204835 0.0146666 0.978687 -0.752152
-0.934873 -0.295655 -0.196468 -6.60883 0.288365 -0.955284 0.0654072 -1.8546 -0.207021 0.00449301 0.978326 -0.738327
-0.939513 -0.279999 -0.197269 -6.52641 0.272598 -0.959977 0.064293 -1.85302 -0.207376 0.00662897 0.978239 -0.731347
-0.945098 -0.264812 -0.19148 -6.4501 0.258789 -0.964293 0.0562754 -1.8575 -0.199545 0.00363293 0.979882 -0.72283
-0.947742 -0.254094 -0.192929 -6.35925 0.247355 -0.967147 0.0586644 -1.86605 -0.201497 0.00787678 0.979457 -0.719084
-0.949955 -0.246905 -0.191371 -6.28031 0.238525 -0.968889 0.0660272 -1.87124 -0.201719 0.0170763 0.979294 -0.710723
-0.952531 -0.229283 -0.200287 -6.19967 0.219734 -0.973118 0.0689847 -1.8841 -0.210719 0.0217003 0.977306 -0.700135
-0.956697 -0.203676 -0.207957 -6.13018 0.193518 -0.978717 0.0682987 -1.90124 -0.217442 0.0250979 0.975751 -0.687959
-0.962372 -0.172215 -0.210195 -6.0448 0.163158 -0.984784 0.0598333 -1.92189 -0.217301 0.023287 0.975827 -0.675387
-0.967032 -0.151827 -0.204443 -5.96642 0.144556 -0.988226 0.0501281 -1.93522 -0.209647 0.018922 0.977594 -0.65417
-0.968894 -0.140582 -0.203668 -5.89631 0.132837 -0.98981 0.0512853 -1.94263 -0.208803 0.0226354 0.977696 -0.647583
-0.968927 -0.131426 -0.209543 -5.81825 0.123625 -0.991071 0.0499596 -1.94996 -0.214238 0.0225024 0.976522 -0.645442
-0.969081 -0.121458 -0.214779 -5.74153 0.1149 -0.992454 0.0428069 -1.94974 -0.218357 0.0168052 0.975724 -0.641329
-0.967407 -0.11055 -0.227823 -5.66771 0.104228 -0.993763 0.0396326 -1.94243 -0.230783 0.0145953 0.972896 -0.636605
-0.966775 -0.102974 -0.233969 -5.59313 0.0972404 -0.994612 0.0359438 -1.94398 -0.23641 0.0119983 0.971579 -0.621494
-0.969448 -0.097067 -0.225275 -5.5185 0.0924927 -0.995237 0.0307971 -1.9396 -0.227192 0.00901986 0.973808 -0.607394
-0.969764 -0.100825 -0.222242 -5.42908 0.0936343 -0.994691 0.0426859 -1.93886 -0.225366 0.0205858 0.974057 -0.597377
-0.972179 -0.0959428 -0.213688 -5.34035 0.0891049 -0.99516 0.041427 -1.94137 -0.216628 0.0212338 0.976023 -0.589806
-0.971903 -0.0951875 -0.215279 -5.26273 0.0859791 -0.994951 0.0517638 -1.95002 -0.219119 0.0317999 0.97518 -0.577489
-0.968705 -0.093183 -0.230059 -5.17804 0.0817355 -0.994917 0.0588188 -1.95198 -0.23437 0.0381741 0.971398 -0.574242
-0.967597 -0.0874353 -0.236877 -5.07875 0.0727951 -0.994896 0.0698789 -1.95749 -0.241778 0.0503711 0.969023 -0.557436
-0.968218 -0.068994 -0.240403 -5.00835 0.0554755 -0.996498 0.0625615 -1.96566 -0.243877 0.0472368 0.968655 -0.536684
-0.97233 -0.051585 -0.227846 -4.90426 0.04002 -0.997679 0.0550926 -1.9759 -0.230159 0.0444498 0.972137 -0.521909
-0.97529 -0.0412682 -0.217038 -4.8329 0.0288581 -0.997779 0.0600428 -1.97656 -0.219034 0.0522959 0.974315 -0.506617
-0.975744 -0.0396199 -0.215297 -4.74841 0.0271724 -0.9978 0.0604719 -1.96877 -0.21722 0.053155 0.974674 -0.508152
-0.975506 -0.0387146 -0.216541 -4.65655 0.0253319 -0.997613 0.064241 -1.95504 -0.218511 0.0571821 0.974158 -0.501072
-0.973651 -0.0312606 -0.225889 -4.59218 0.0194047 -0.998324 0.054517 -1.94304 -0.227215 0.0486973 0.972626 -0.500759
-0.971978 -0.0250647 -0.233731 -4.51105 0.0154338 -0.998958 0.0429438 -1.93193 -0.234563 0.0381331 0.971353 -0.488903
-0.97249 -0.0134188 -0.232556 -4.43711 0.00357644 -0.999082 0.0426925 -1.91503 -0.232915 0.0406863 0.971646 -0.478274
-0.974054 -0.00409463 -0.226277 -4.34863 -0.00400474 -0.999368 0.0353233 -1.9025 -0.226279 0.035313 0.973422 -0.467952
-0.975708 -0.00325182 -0.21905 -4.27577 -0.0048839 -0.999318 0.0365893 -1.89259 -0.219019 0.0367703 0.975027 -0.451864
-0.975806 -0.00774982 -0.218501 -4.19058 -0.00208866 -0.998996 0.0447601 -1.8826 -0.218629 0.0441336 0.97481 -0.444311
-0.975207 -0.00691396 -0.221186 -4.10539 -0.0019805 -0.999199 0.0399655 -1.87693 -0.221285 0.0394127 0.974412 -0.441165
-0.974132 -0.015548 -0.225443 -4.00648 0.00325741 -0.998493 0.0547872 -1.86716 -0.225955 0.0526356 0.972715 -0.426219
-0.97341 -0.00608201 -0.228991 -3.93292 -0.00508909 -0.998827 0.048162 -1.86905 -0.229015 0.0480467 0.972236 -0.405829
-0.973853 -0.00168117 -0.227174 -3.85358 -0.0052781 -0.999535 0.0300231 -1.86782 -0.227119 0.0304371 0.973391 -0.396682
-0.974845 -0.0107623 -0.222622 -3.76661 0.00252064 -0.999302 0.037272 -1.86459 -0.222868 0.0357732 0.974192 -0.38404
-0.974257 -0.0217869 -0.224385 -3.68035 0.0118167 -0.998886 0.0456811 -1.85935 -0.225131 0.0418537 0.973429 -0.377109
-0.973657 -0.0274296 -0.226363 -3.60402 0.0172943 -0.998762 0.046637 -1.8558 -0.227362 0.0414937 0.972926 -0.376371
-0.971996 -0.0348586 -0.232396 -3.51977 0.0230832 -0.998317 0.0531987 -1.84278 -0.233859 0.0463445 0.971165 -0.367192
-0.971259 -0.0393699 -0.234746 -3.43407 0.0280782 -0.998291 0.0512529 -1.82351 -0.236363 0.0431886 0.970705 -0.353095
-0.971771 -0.046609 -0.231275 -3.35791 0.0349598 -0.997917 0.0542168 -1.81743 -0.23332 0.044601 0.971377 -0.336545
-0.973209 -0.0433923 -0.225792 -3.27256 0.0339058 -0.998378 0.0457256 -1.80526 -0.22741 0.0368449 0.973102 -0.328067
-0.976437 -0.044035 -0.211263 -3.19249 0.0343575 -0.998195 0.0492637 -1.79757 -0.213051 0.0408444 0.976187 -0.316617
-0.976935 -0.0422209 -0.209321 -3.11064 0.0318848 -0.998111 0.0525115 -1.78801 -0.211143 0.0446262 0.976436 -0.305855
-0.978465 -0.0366297 -0.203138 -3.03054 0.0238611 -0.997603 0.0649541 -1.77772 -0.20503 0.0587082 0.976993 -0.304288
-0.977856 -0.0261407 -0.207638 -2.93858 0.0137009 -0.998036 0.0611251 -1.7818 -0.208828 0.0569268 0.976294 -0.297179
-0.976098 -0.021522 -0.216265 -2.8719 0.00710346 -0.997712 0.0672284 -1.77549 -0.217217 0.0640852 0.974017 -0.285137
-0.975869 -0.0107365 -0.218091 -2.78658 -0.00522164 -0.997357 0.0724638 -1.772 -0.218293 0.071854 0.973234 -0.266116
-0.976615 -0.00245034 -0.214982 -2.70934 -0.0134093 -0.997294 0.0722824 -1.77256 -0.214578 0.0734749 0.973939 -0.25659
-0.976339 0.00509999 -0.216187 -2.63926 -0.0217005 -0.996986 0.0744836 -1.772 -0.215155 0.0774126 0.973507 -0.246434
-0.974724 0.0117114 -0.223104 -2.56278 -0.0268961 -0.997513 0.0651449 -1.76851 -0.221786 0.069499 0.972615 -0.246093
-0.974045 0.0124947 -0.226009 -2.48115 -0.026491 -0.997906 0.0590015 -1.75681 -0.224798 0.0634573 0.972337 -0.243513
-0.972507 0.00775475 -0.232746 -2.39857 -0.0221578 -0.997992 0.0593326 -1.73979 -0.231819 0.0628584 0.970726 -0.231724
-0.970881 0.00480223 -0.239514 -2.31526 -0.0170072 -0.998658 0.0489163 -1.72659 -0.238958 0.0515654 0.96966 -0.222171
-0.974681 -0.00783691 -0.223464 -2.23845 -0.00484222 -0.998411 0.0561348 -1.71256 -0.223549 0.0557956 0.973094 -0.207463
-0.976099 -0.0135421 -0.216904 -2.16574 0.000530549 -0.998202 0.0599341 -1.69322 -0.217326 0.0583865 0.974351 -0.193539
-0.978003 -0.0077953 -0.208445 -2.07776 -0.00237964 -0.998819 0.0485184 -1.68747 -0.208577 0.0479471 0.97683 -0.174447
-0.976169 -0.00848582 -0.216846 -2.00406 -0.00317421 -0.99857 0.0533662 -1.67771 -0.216989 0.0527828 0.974746 -0.174184
-0.97413 -0.00265703 -0.225973 -1.94379 -0.0103895 -0.998347 0.0565258 -1.66924 -0.22575 0.0574112 0.972492 -0.172194
-0.968909 -0.00109331 -0.247415 -1.84297 -0.0144595 -0.998031 0.0610355 -1.66581 -0.246994 0.0627154 0.966985 -0.155819
-0.965132 0.00422129 -0.261729 -1.78239 -0.0219146 -0.997663 0.06472 -1.66022 -0.260844 0.068199 0.962969 -0.139178
-0.967267 0.0164194 -0.253231 -1.69087 -0.032624 -0.99767 0.0599253 -1.6625 -0.251657 0.0662251 0.965548 -0.119298
-0.967685 0.0147601 -0.251729 -1.60128 -0.0310102 -0.997674 0.0607095 -1.65699 -0.250247 0.0665538 0.965892 -0.110616
-0.969348 0.0135118 -0.245318 -1.52432 -0.0285722 -0.997911 0.0579363 -1.66369 -0.244023 0.0631697 0.96771 -0.103592
-0.971906 0.00524366 -0.23531 -1.43463 -0.0191915 -0.998188 0.0570232 -1.67134 -0.234585 0.0599372 0.970246 -0.0993273
-0.972145 -0.0148751 -0.233908 -1.34377 0.00167584 -0.9984 0.0565271 -1.67108 -0.234375 0.0545605 0.970614 -0.0968241
-0.971519 -0.0296698 -0.235097 -1.25902 0.0173123 -0.998366 0.0544545 -1.66963 -0.236329 0.0488335 0.970445 -0.0833113
-0.968703 -0.0475511 -0.243625 -1.18261 0.036716 -0.998132 0.0488266 -1.6696 -0.245492 0.0383535 0.96864 -0.0632437
-0.970457 -0.0583939 -0.234103 -1.08694 0.0468478 -0.997409 0.0545864 -1.67975 -0.236684 0.0420066 0.970678 -0.0477736
-0.973903 -0.0614377 -0.218489 -0.999641 0.0512396 -0.997329 0.0520445 -1.67826 -0.221103 0.0394911 0.974451 -0.0402016
-0.975218 -0.0623989 -0.212263 -0.916184 0.0542009 -0.99755 0.0442293 -1.68042 -0.214503 0.0316284 0.976211 -0.0436778
-0.97633 -0.0633744 -0.206794 -0.821568 0.0533681 -0.997134 0.0536184 -1.67744 -0.2096 0.041313 0.976914 -0.0355891
-0.975707 -0.0613008 -0.21033 -0.728883 0.0521055 -0.997439 0.0489905 -1.68207 -0.212794 0.0368411 0.976402 -0.0305941
-0.974046 -0.0675103 -0.216047 -0.647559 0.0574025 -0.996958 0.0527301 -1.68704 -0.21895 0.0389599 0.974958 -0.0123823
-0.974182 -0.0650973 -0.216174 -0.562695 0.0557795 -0.997243 0.0489351 -1.69324 -0.218764 0.0356136 0.975128 0.00106597
-0.977122 -0.0673104 -0.201748 -0.457043 0.0607843 -0.997413 0.0383777 -1.7023 -0.20381 0.0252365 0.978685 0.0244385
-0.97755 -0.0772251 -0.196041 -0.37085 0.0711005 -0.996741 0.0380996 -1.70561 -0.198345 0.0233057 0.979855 0.0374942
-0.976048 -0.0893783 -0.198348 -0.291452 0.0828578 -0.99572 0.0409508 -1.71522 -0.201159 0.0235352 0.979276 0.0391538
-0.976414 -0.0992951 -0.191717 -0.204479 0.093601 -0.994863 0.0385549 -1.71362 -0.194561 0.0197007 0.980693 0.044366
-0.974711 -0.105592 -0.196951 -0.127919 0.100026 -0.994258 0.0380263 -1.70883 -0.199835 0.0173644 0.979676 0.0531206
-0.971327 -0.115827 -0.207626 -0.0525704 0.110923 -0.993207 0.0351487 -1.70171 -0.210286 0.0111104 0.977577 0.0725901
-0.97047 -0.127667 -0.204669 0.0363937 0.123715 -0.9918 0.0320412 -1.69705 -0.207081 0.00577435 0.978307 0.101547
-0.966606 -0.147065 -0.209869 0.105897 0.140629 -0.989023 0.0453512 -1.6875 -0.214235 0.014323 0.976677 0.0977281
-0.967112 -0.151258 -0.204486 0.191001 0.144605 -0.988364 0.0471855 -1.69381 -0.209244 0.016064 0.977732 0.112284
-0.968597 -0.146944 -0.200569 0.264376 0.139091 -0.988872 0.0527774 -1.68917 -0.206093 0.0232226 0.978257 0.112272
-0.969534 -0.136396 -0.203469 0.352726 0.128324 -0.990346 0.0524116 -1.69307 -0.208653 0.0247049 0.977678 0.117889
-0.967978 -0.132743 -0.213069 0.443772 0.122678 -0.99064 0.059847 -1.69495 -0.219019 0.0317916 0.975202 0.139672
-0.966033 -0.122503 -0.227538 0.515964 0.11321 -0.99213 0.0535008 -1.70546 -0.232301 0.0259239 0.972298 0.150261
-0.968562 -0.109913 -0.223173 0.597938 0.103208 -0.993793 0.0415255 -1.71326 -0.226352 0.0171868 0.973894 0.17153
-0.969757 -0.110053 -0.217853 0.683173 0.103016 -0.993731 0.0434364 -1.71766 -0.221268 0.0196804 0.975014 0.184194
-0.971233 -0.108702 -0.211874 0.758487 0.101955 -0.993879 0.0425487 -1.71754 -0.215202 0.0197232 0.97637 0.181502
-0.972681 -0.107852 -0.205572 0.837486 0.101553 -0.993986 0.0409811 -1.71732 -0.208755 0.0189851 0.977784 0.181282
-0.972239 -0.105235 -0.208991 0.91313 0.0986033 -0.994243 0.0419303 -1.71084 -0.2122 0.0201591 0.977018 0.188891
-0.970021 -0.104826 -0.21925 0.996481 0.0987328 -0.994365 0.038599 -1.70578 -0.222061 0.0157946 0.974905 0.200235
-0.968111 -0.110424 -0.224874 1.0736 0.105881 -0.993857 0.0322 -1.70003 -0.227049 0.00736315 0.973856 0.217041
-0.970352 -0.112719 -0.213804 1.16196 0.109192 -0.993619 0.0282709 -1.69502 -0.215627 0.00408695 0.976467 0.232988
-0.971616 -0.118589 -0.204691 1.23821 0.114605 -0.992919 0.0312523 -1.69329 -0.206948 0.00690656 0.978328 0.241094
-0.973654 -0.117631 -0.195347 1.32584 0.114527 -0.993049 0.0271503 -1.69379 -0.197183 0.00406242 0.980358 0.243281
-0.973082 -0.121141 -0.196051 1.40167 0.114838 -0.992442 0.0432485 -1.69476 -0.199808 0.0195702 0.97964 0.250015
-0.973566 -0.112771 -0.198624 1.48526 0.106339 -0.993409 0.04279 -1.70208 -0.20214 0.0205373 0.979141 0.263298
-0.972881 -0.107351 -0.204888 1.56892 0.0977947 -0.993616 0.0562392 -1.71166 -0.209618 0.0346771 0.977168 0.273412
-0.97287 -0.0878801 -0.214011 1.65137 0.0796543 -0.995724 0.0467783 -1.71793 -0.217207 0.0284623 0.975711 0.298278
-0.973846 -0.0794804 -0.212856 1.71799 0.0718103 -0.996468 0.0435389 -1.7285 -0.215565 0.0271149 0.976113 0.301108
-0.975518 -0.0766778 -0.20612 1.79391 0.0682443 -0.996526 0.047729 -1.72913 -0.209064 0.032494 0.977362 0.319183
-0.976049 -0.0721768 -0.205229 1.87324 0.0635265 -0.996804 0.0484394 -1.7326 -0.20807 0.0342417 0.977514 0.325155
-0.977412 -0.0619243 -0.202069 1.94172 0.0536108 -0.997485 0.0463638 -1.72809 -0.204432 0.0344834 0.978273 0.323927
-0.977449 -0.0524375 -0.204556 2.01957 0.0436329 -0.997926 0.047321 -1.71379 -0.206613 0.0373285 0.97771 0.333382
-0.975271 -0.0424498 -0.216899 2.08389 0.0343038 -0.998562 0.0411866 -1.70608 -0.218336 0.0327277 0.975325 0.34071
-0.973007 -0.0443061 -0.226481 2.1529 0.0347268 -0.998333 0.0461087 -1.6882 -0.228146 0.0369991 0.972924 0.35176
-0.972272 -0.0384434 -0.230673 2.23595 0.0296456 -0.998699 0.0414864 -1.67738 -0.231968 0.0334976 0.972146 0.365374
-0.975077 -0.0342394 -0.21921 2.30833 0.0240094 -0.998502 0.0491634 -1.66066 -0.220565 0.042675 0.974438 0.373987
-0.976415 -0.0211449 -0.214866 2.37042 0.0117739 -0.998927 0.0447997 -1.65423 -0.215583 0.0412132 0.975615 0.380915
-0.977136 -0.0149582 -0.212089 2.44489 0.0044809 -0.998749 0.0497952 -1.64247 -0.212569 0.0477064 0.975981 0.376829
-0.976873 -0.0041351 -0.21378 2.51513 -0.00732256 -0.99858 0.0527759 -1.61968 -0.213695 0.0531208 0.975455 0.384691
-0.974945 0.00462183 -0.222397 2.5782 -0.0173509 -0.998318 0.0553162 -1.60675 -0.221767 0.0577891 0.973386 0.398154
-0.97291 0.0226054 -0.230077 2.65148 -0.0349504 -0.998151 0.0497224 -1.58883 -0.228528 0.0564168 0.971901 0.413476
-0.972686 0.0555552 -0.225377 2.7182 -0.0634209 -0.997599 0.0278061 -1.58112 -0.223292 0.0413402 0.973875 0.423886
-0.972171 0.0698751 -0.223611 2.80232 -0.0772965 -0.996705 0.0245986 -1.56948 -0.221155 0.0411984 0.974368 0.434079
-0.97281 0.0854782 -0.215253 2.87492 -0.0937871 -0.995179 0.0286683 -1.55937 -0.211765 0.0480767 0.976137 0.443321
-0.972802 0.100421 -0.208738 2.94344 -0.109768 -0.993387 0.0336549 -1.53603 -0.203978 0.0556523 0.977392 0.443492
-0.971573 0.121958 -0.202908 3.0128 -0.129705 -0.99123 0.0252775 -1.51616 -0.198045 0.0508771 0.978872 0.453245
-0.966991 0.136521 -0.215153 3.07874 -0.145403 -0.989033 0.0259308 -1.49196 -0.209253 0.0563586 0.976236 0.456775
-0.963123 0.155262 -0.219746 3.14515 -0.162976 -0.986478 0.0173112 -1.46364 -0.214087 0.0524863 0.975404 0.466872
-0.961012 0.167859 -0.219726 3.21421 -0.175399 -0.984381 0.0151238 -1.43346 -0.213756 0.0530739 0.975444 0.484945
-0.958313 0.182809 -0.219583 3.28426 -0.191905 -0.981196 0.0206458 -1.4049 -0.211679 0.0619242 0.975375 0.483904
-0.955619 0.206799 -0.209823 3.34775 -0.215912 -0.976182 0.0212391 -1.3767 -0.200434 0.0655999 0.977509 0.496957
-0.950281 0.23293 -0.206663 3.40777 -0.243944 -0.969351 0.0291506 -1.35251 -0.193539 0.0781156 0.977978 0.503323
-0.942103 0.265794 -0.20444 3.48087 -0.278741 -0.959659 0.0368389 -1.31672 -0.186401 0.091692 0.978186 0.501778
-0.927546 0.306243 -0.214183 3.54689 -0.318952 -0.947396 0.0266533 -1.30125 -0.194754 0.0930362 0.97643 0.502084
-0.909606 0.34839 -0.226367 3.61545 -0.362489 -0.931713 0.0226319 -1.27315 -0.203025 0.102642 0.973779 0.518737
-0.885445 0.404639 -0.228592 3.68247 -0.419197 -0.907737 0.0169296 -1.24971 -0.200651 0.110815 0.973375 0.534682
-0.858367 0.46408 -0.218716 3.75072 -0.477814 -0.878387 0.0114188 -1.22003 -0.186818 0.114307 0.975722 0.545066
-0.827156 0.521047 -0.210527 3.79535 -0.535733 -0.844247 0.0154023 -1.18597 -0.169712 0.125527 0.977467 0.557669
-0.788983 0.578533 -0.206897 3.83713 -0.593636 -0.804614 0.013884 -1.14531 -0.15844 0.133776 0.978264 0.559602
-0.746996 0.634264 -0.199264 3.88503 -0.648773 -0.760915 0.0100913 -1.0966 -0.145223 0.136816 0.979894 0.556091
-0.705125 0.680777 -0.198347 3.92562 -0.695166 -0.718838 0.00408963 -1.04528 -0.139795 0.140768 0.980123 0.556899
-0.65972 0.727094 -0.190013 3.94859 -0.739745 -0.672857 -0.0063448 -0.985581 -0.132465 0.136376 0.981761 0.555586
-0.614465 0.765535 -0.190758 3.97149 -0.778087 -0.628003 -0.0138955 -0.930552 -0.130434 0.139888 0.981539 0.558514
-0.55799 0.80943 -0.182949 3.98057 -0.820615 -0.571 -0.0234468 -0.875004 -0.123442 0.137047 0.982843 0.559223
-0.497528 0.848176 -0.181834 3.99116 -0.86014 -0.509529 -0.0232442 -0.818268 -0.112365 0.144838 0.983054 0.562579
-0.430906 0.884657 -0.178049 3.99656 -0.896456 -0.442257 -0.0278472 -0.771119 -0.103378 0.147613 0.983628 0.561961
-0.354842 0.919105 -0.171272 4.00659 -0.929918 -0.365904 -0.0369617 -0.72401 -0.0966409 0.146154 0.98453 0.556152
-0.274187 0.946835 -0.168301 4.01384 -0.957603 -0.284904 -0.0427468 -0.671335 -0.0884237 0.149445 0.984808 0.557261
-0.191824 0.967458 -0.165013 4.00478 -0.977463 -0.20343 -0.0564167 -0.616608 -0.0881494 0.150472 0.984677 0.555734
-0.104927 0.980055 -0.168768 4.0044 -0.990115 -0.118833 -0.0744993 -0.559358 -0.0930686 0.159283 0.982836 0.55699
0.000876918 0.987216 -0.159386 3.99525 -0.995788 -0.0137509 -0.0906497 -0.514719 -0.0916826 0.158794 0.983046 0.567733
0.10791 0.982371 -0.152651 3.9898 -0.990557 0.0931825 -0.100566 -0.462544 -0.0845686 0.162062 0.98315 0.564187
0.206914 0.967762 -0.143611 3.96822 -0.976196 0.194465 -0.096044 -0.409541 -0.0650206 0.160065 0.984963 0.560849
0.309354 0.941216 -0.135695 3.94001 -0.949991 0.299484 -0.0884649 -0.36943 -0.042626 0.156276 0.986793 0.552665
0.401803 0.909057 -0.110312 3.91283 -0.915253 0.394799 -0.0802858 -0.323193 -0.0294331 0.133223 0.990649 0.536185
0.47642 0.873175 -0.102899 3.8751 -0.879159 0.471766 -0.0671985 -0.281855 -0.0101319 0.122479 0.992419 0.521931
0.543372 0.834255 -0.0936227 3.82032 -0.839456 0.540994 -0.0513758 -0.244008 0.00778874 0.106508 0.994281 0.512313
0.600008 0.794809 -0.0909364 3.75904 -0.799859 0.59811 -0.0499036 -0.209615 0.0147261 0.102679 0.994606 0.501952
0.655371 0.750742 -0.082919 3.71081 -0.754855 0.654819 -0.037497 -0.184312 0.0261464 0.0871662 0.995851 0.497787
0.706698 0.702973 -0.0800422 3.64593 -0.70671 0.706758 -0.0324722 -0.144186 0.0337434 0.0795147 0.996262 0.498321
0.749311 0.656456 -0.0871664 3.58565 -0.65995 0.751132 -0.0163251 -0.111296 0.0547567 0.0697581 0.99606 0.483014
0.783868 0.614113 -0.0917394 3.52502 -0.617527 0.786461 -0.0118086 -0.0819415 0.0648976 0.0659079 0.995713 0.475494
0.814468 0.572401 -0.0948655 3.47227 -0.576064 0.817276 -0.0145004 -0.0503522 0.0692313 0.0664586 0.995384 0.466104
0.842159 0.532767 -0.0832344 3.41932 -0.535224 0.844664 -0.00882412 -0.0108651 0.065604 0.0519804 0.996491 0.440282
0.863623 0.498483 -0.0752987 3.35741 -0.501091 0.865171 -0.0196691 0.0234064 0.0553416 0.0547181 0.996967 0.441363
0.886862 0.4585 -0.057034 3.30205 -0.460244 0.887525 -0.0218028 0.0641051 0.0406225 0.0455857 0.998134 0.447345
0.908583 0.414134 -0.0544964 3.23477 -0.415216 0.909671 -0.00976403 0.0960301 0.0455301 0.0314992 0.998466 0.441173
0.925685 0.374772 -0.051518 3.17912 -0.37556 0.926777 -0.00621689 0.120481 0.0454158 0.025103 0.998653 0.431342
0.93936 0.33883 -0.0528819 3.11949 -0.33986 0.940404 -0.0116031 0.140248 0.0457989 0.028872 0.998533 0.427459
0.949714 0.307088 -0.0611594 3.04781 -0.307845 0.951431 -0.00313502 0.159481 0.0572262 0.021805 0.998123 0.405996
0.957505 0.28153 -0.0626454 2.98123 -0.281997 0.959414 0.00143372 0.162963 0.0605065 0.016293 0.998035 0.38662
0.96395 0.259725 -0.0578204 2.91737 -0.259658 0.96566 0.00879818 0.167928 0.05812 0.00653254 0.998288 0.380008
0.969642 0.238957 -0.0519011 2.84379 -0.238379 0.971021 0.017151 0.176448 0.0544954 -0.00425821 0.998505 0.375954
0.975337 0.215933 -0.0457337 2.78015 -0.214382 0.976066 0.0365347 0.17847 0.0525282 -0.0258292 0.998285 0.374011
0.978619 0.199214 -0.0511652 2.71952 -0.197654 0.979683 0.0339731 0.180072 0.0568935 -0.0231337 0.998112 0.377622
0.981278 0.183849 -0.0573826 2.64225 -0.182045 0.982657 0.0352664 0.184273 0.0628711 -0.0241599 0.997729 0.373102
0.983807 0.170545 -0.0551177 2.57337 -0.169176 0.985169 0.0286589 0.181633 0.0591879 -0.0188702 0.998068 0.354838
0.986608 0.153502 -0.0551507 2.50203 -0.152401 0.988035 0.023663 0.188317 0.0581232 -0.014941 0.998198 0.338837
0.989853 0.135341 -0.0432798 2.41823 -0.134339 0.990613 0.0252856 0.199697 0.0462957 -0.0192149 0.998743 0.326113
0.992771 0.114903 -0.0346974 2.34678 -0.113967 0.993094 0.0278469 0.209821 0.0376574 -0.0236912 0.99901 0.311599
0.995037 0.0918529 -0.0382597 2.27402 -0.090704 0.995403 0.0307579 0.224206 0.040909 -0.027135 0.998794 0.312218
0.995901 0.0792138 -0.043657 2.19196 -0.0775424 0.996236 0.038735 0.236704 0.046561 -0.035191 0.998295 0.306416
0.9961 0.0703121 -0.0533068 2.11886 -0.0688114 0.997194 0.0294858 0.245486 0.0552304 -0.0257027 0.998143 0.290344
0.996692 0.0607176 -0.0540248 2.04471 -0.0590989 0.997768 0.0310736 0.250883 0.055791 -0.027778 0.998056 0.279726
0.997206 0.0551786 -0.0503621 1.97882 -0.0535081 0.997991 0.0339379 0.25797 0.0521336 -0.0311482 0.998154 0.26006
0.997598 0.0478315 -0.050101 1.90852 -0.0464159 0.9985 0.0290476 0.251717 0.0514152 -0.0266524 0.998322 0.248221
0.998141 0.0392569 -0.0466289 1.82407 -0.0372149 0.998343 0.0438818 0.251666 0.0482743 -0.0420649 0.997948 0.239181
0.998512 0.0356998 -0.0412338 1.74687 -0.0345658 0.999013 0.0278945 0.237207 0.0421889 -0.0264277 0.99876 0.237757
0.998877 0.0230715 -0.0413892 1.67567 -0.0223565 0.999594 0.0176547 0.226846 0.0417797 -0.0167095 0.998987 0.235666
0.998386 0.00342041 -0.0566885 1.60584 -0.00229598 0.9998 0.0198886 0.215197 0.0567451 -0.0197263 0.998194 0.230034
0.998265 -0.0196376 -0.0555028 1.52765 0.0206313 0.999636 0.0173886 0.210527 0.0551411 -0.0185035 0.998307 0.213894
0.997436 -0.0428208 -0.0573355 1.46136 0.0439258 0.99887 0.0181524 0.204401 0.0564934 -0.0206244 0.99819 0.202699
0.996529 -0.0673138 -0.0489746 1.3861 0.0683402 0.99747 0.0195916 0.197741 0.0475319 -0.0228706 0.998608 0.181676
0.995087 -0.0901581 -0.0409012 1.30839 0.0906016 0.995845 0.00911897 0.189472 0.0399091 -0.0127799 0.999122 0.184226
0.991796 -0.122066 -0.0379604 1.23088 0.12269 0.992338 0.0145607 0.184522 0.0358922 -0.0190986 0.999173 0.190889
0.98797 -0.149468 -0.0396712 1.15825 0.150375 0.988407 0.020937 0.18283 0.0360819 -0.0266507 0.998993 0.182184
0.984129 -0.172659 -0.0409725 1.10023 0.173472 0.984689 0.0171618 0.170852 0.0373821 -0.023997 0.999013 0.178863
0.980835 -0.189887 -0.0436577 1.03091 0.190863 0.981426 0.0193496 0.155611 0.0391726 -0.0273114 0.998859 0.162971
0.977978 -0.201993 -0.0525126 0.972717 0.20327 0.978914 0.0201881 0.131848 0.0473275 -0.0304178 0.998416 0.147038
0.976702 -0.2104 -0.0422568 0.914569 0.211296 0.977257 0.0179564 0.105384 0.0375178 -0.0264667 0.998945 0.1325
0.975229 -0.217071 -0.0425233 0.846443 0.218094 0.975701 0.021046 0.0746869 0.0369215 -0.0297987 0.998874 0.127241
0.975674 -0.217241 -0.0294254 0.775419 0.217877 0.975761 0.0204691 0.0414404 0.0242655 -0.0263823 0.999357 0.123681
0.974085 -0.224502 -0.027528 0.71489 0.224983 0.974235 0.0157858 0.0108858 0.0232747 -0.02157 0.999496 0.126934
0.971121 -0.236396 -0.0322718 0.641513 0.237098 0.971281 0.0199414 -0.0131915 0.026631 -0.0270171 0.99928 0.122223
0.968388 -0.246263 -0.0397417 0.580708 0.247591 0.968308 0.03285 -0.0406829 0.0303925 -0.0416512 0.99867 0.104892
0.965566 -0.256466 -0.0436795 0.519531 0.257734 0.965857 0.0263288 -0.0757945 0.0354357 -0.0366799 0.998699 0.0918716
0.96144 -0.271258 -0.0453001 0.449606 0.272599 0.961762 0.0265331 -0.10534 0.0363706 -0.0378588 0.998621 0.0864262
0.957699 -0.285195 -0.0384253 0.382763 0.286332 0.957715 0.0282177 -0.136327 0.0287529 -0.0380265 0.998863 0.0743507
0.955355 -0.293579 -0.0332803 0.308298 0.294676 0.954956 0.0350113 -0.168995 0.0215026 -0.0432551 0.998833 0.0704821
0.950725 -0.308727 -0.0284424 0.233282 0.309668 0.950055 0.0387386 -0.198637 0.0150622 -0.0456375 0.998845 0.0695253
0.946337 -0.32054 -0.041245 0.166121 0.322295 0.945472 0.0469876 -0.231604 0.0239346 -0.0577591 0.998044 0.0679957
0.944587 -0.32476 -0.047817 0.0952969 0.326539 0.944511 0.0356606 -0.269014 0.0335826 -0.0492987 0.998219 0.0568977
0.9445 -0.324744 -0.049605 0.0328042 0.326347 0.944822 0.028428 -0.313409 0.0376361 -0.0430387 0.998364 0.0371097
0.943863 -0.326705 -0.0488481 -0.0316923 0.328152 0.944292 0.0250911 -0.350998 0.0379295 -0.0397122 0.998491 0.0347468
0.94465 -0.32616 -0.035441 -0.0858019 0.327309 0.944317 0.0336872 -0.395652 0.0224801 -0.0434228 0.998804 0.0193046
0.945898 -0.323353 -0.0268217 -0.142159 0.324287 0.944875 0.045267 -0.440441 0.0107059 -0.0515159 0.998615 0.0191253
0.946842 -0.320791 -0.0241334 -0.19805 0.321589 0.945808 0.0450274 -0.485293 0.00838116 -0.0503949 0.998694 0.0263712
0.94418 -0.327829 -0.03244 -0.26058 0.329032 0.943297 0.0439254 -0.534772 0.0162005 -0.0521473 0.998508 0.0195939
0.940702 -0.336027 -0.0465373 -0.320845 0.337876 0.940341 0.0399821 -0.584546 0.0303259 -0.0533351 0.998116 0.0195746
0.93699 -0.344979 -0.0551378 -0.387172 0.347227 0.937007 0.0380896 -0.627383 0.0385244 -0.0548349 0.997752 0.00927752
0.933995 -0.353323 -0.0530607 -0.443611 0.355209 0.934258 0.0314312 -0.672952 0.0384671 -0.0482042 0.998097 0.000524405
0.931271 -0.361472 -0.0455308 -0.501099 0.363232 0.930878 0.0391122 -0.722083 0.0282456 -0.0529623 0.998197 -0.0200316
0.928973 -0.368967 -0.0295557 -0.56326 0.369936 0.92818 0.0403734 -0.764135 0.0125365 -0.0484395 0.998747 -0.011176
0.924078 -0.381714 -0.0193198 -0.626144 0.382199 0.922657 0.051267 -0.806626 -0.00174383 -0.0547587 0.998498 -0.0101033
0.919316 -0.392928 -0.0215676 -0.695669 0.393518 0.918064 0.047979 -0.852113 0.000948127 -0.0525951 0.998615 -0.00886564
0.917771 -0.396553 -0.0210264 -0.768019 0.397107 0.916678 0.0447944 -0.896756 0.00151107 -0.0494608 0.998775 -0.0203418
0.916351 -0.399436 -0.0274201 -0.834963 0.400262 0.915573 0.0389367 -0.944589 0.00955238 -0.0466548 0.998865 -0.0342166
