1 0 0 0 0 1 0 0 -0 0 1 0
0.999996 0.00290559 -0.000366469 -0.0798331 -0.00290563 0.999996 -0.00010555 0.000527456 0.000366161 0.000106614 1 -0.00646637
0.999977 0.00563307 0.00376356 -0.171917 -0.00566528 0.999947 0.00860434 -0.00184201 -0.00371489 -0.00862546 0.999956 0.00491333
0.999788 0.00596051 0.0196859 -0.256186 -0.00641678 0.99971 0.0231962 0.00451138 -0.019542 -0.0233176 0.999537 -0.0100753
0.999543 0.0148262 0.0263348 -0.34348 -0.0154056 0.999641 0.0219352 0.0105046 -0.0260001 -0.0223308 0.999412 0.0011146
0.999265 0.0109241 0.0367494 -0.442147 -0.0117299 0.999694 0.0217836 0.0103101 -0.0365002 -0.0221986 0.999087 0.0251417
0.998957 0.0100507 0.044548 -0.527002 -0.0108769 0.999773 0.0183428 0.0154722 -0.0443535 -0.0188082 0.998839 0.0377011
0.999697 0.0104376 0.022298 -0.616016 -0.0106186 0.999912 0.0080124 0.0104296 -0.0222124 -0.00824674 0.999719 0.0380758
0.999823 0.0153436 0.0108561 -0.709788 -0.0155391 0.999714 0.0181677 0.0127786 -0.0105743 -0.0183331 0.999776 0.0317786
0.999654 0.023342 0.0120916 -0.790381 -0.0235452 0.999579 0.0169455 -0.00197029 -0.011691 -0.0172244 0.999783 0.0111427
0.999445 0.0228873 0.0242088 -0.886297 -0.0232189 0.999639 0.0135057 -0.0208866 -0.023891 -0.0140603 0.999616 0.0322399
0.999087 0.0296967 0.0306991 -0.969091 -0.0300191 0.999498 0.0100944 -0.0326653 -0.030384 -0.0110067 0.999478 0.0200872
0.998962 0.0276432 0.0361937 -1.06906 -0.0278655 0.999596 0.00564994 -0.0516941 -0.0360229 -0.00665263 0.999329 0.0566293
0.999487 0.0277205 0.0160254 -1.15969 -0.0278673 0.999571 0.00901225 -0.0605093 -0.0157687 -0.00945422 0.999831 0.0574523
0.999647 0.0264194 0.00281345 -1.24365 -0.0264328 0.999639 0.00485753 -0.0715899 -0.0026841 -0.00493018 0.999984 0.0343175
0.999804 0.0196645 -0.00222183 -1.34038 -0.0196656 0.999806 -0.000477599 -0.0816934 0.00221201 0.000521199 0.999997 0.0254319
0.999897 0.0121041 -0.00765657 -1.43903 -0.0120602 0.999911 0.00576368 -0.0805275 0.00772565 -0.00567075 0.999954 0.0226082
0.999847 0.0141985 -0.0102172 -1.52635 -0.0141961 0.999899 0.000303564 -0.0873335 0.0102204 -0.000158474 0.999948 0.0265862
0.999896 0.00909085 -0.0111581 -1.61876 -0.00893648 0.999865 0.0138082 -0.0825139 0.0112821 -0.0137071 0.999842 0.042789
0.999971 0.00175136 -0.0073671 -1.70624 -0.001703 0.999977 0.00656522 -0.0839637 0.00737842 -0.00655248 0.999951 0.0521015
0.999867 -6.34851e-05 -0.0162869 -1.79428 0.000186701 0.999971 0.00756393 -0.0954945 0.016286 -0.00756597 0.999839 0.0389231
0.999672 0.000629219 -0.0255928 -1.88823 -0.000570461 0.999997 0.00230311 -0.0981463 0.0255942 -0.00228776 0.99967 0.0545289
0.999658 0.00596542 -0.0254803 -1.98959 -0.00581933 0.999966 0.00580346 -0.103087 0.0255141 -0.00565319 0.999658 0.0463634
0.999676 0.00849058 -0.0240012 -2.0601 -0.00841027 0.999959 0.00344541 -0.117063 0.0240295 -0.00324243 0.999706 0.03762
0.999825 0.0121933 -0.0141675 -2.13849 -0.0120024 0.999837 0.0134781 -0.134199 0.0143295 -0.0133057 0.999809 0.0274154
0.999559 0.029579 -0.00244099 -2.23207 -0.0295304 0.999402 0.017993 -0.155212 0.00297174 -0.017913 0.999835 0.0447632
0.999099 0.0420233 -0.00590729 -2.32619 -0.0418941 0.998911 0.0205187 -0.159427 0.00676313 -0.0202527 0.999772 0.0517133
0.998581 0.0519141 -0.0118491 -2.41383 -0.0516227 0.998385 0.0237009 -0.174951 0.0130604 -0.0230556 0.999649 0.067685
0.998395 0.0563025 -0.00610797 -2.49576 -0.0561582 0.998187 0.0216725 -0.175242 0.0073171 -0.0212947 0.999746 0.0557863
0.998179 0.0590661 -0.012277 -2.57565 -0.0588125 0.998067 0.0200833 -0.179004 0.0134396 -0.0193247 0.999723 0.0481501
0.998185 0.0587542 -0.0132437 -2.66456 -0.0584573 0.998052 0.0217884 -0.180702 0.0144981 -0.0209747 0.999675 0.0424675
0.997936 0.0631027 -0.0119405 -2.7625 -0.0628797 0.997855 0.018215 -0.177882 0.0130643 -0.0174266 0.999763 0.062091
0.998329 0.057654 -0.00391103 -2.84264 -0.0575943 0.998243 0.0139507 -0.179877 0.00470847 -0.0137021 0.999895 0.0815277
0.998473 0.0542659 0.0103482 -2.93081 -0.0544492 0.998348 0.0183336 -0.173944 -0.0093362 -0.018869 0.999778 0.0765704
0.998471 0.0551374 -0.00392368 -3.0149 -0.0550736 0.998372 0.0148414 -0.175057 0.0047356 -0.0146026 0.999882 0.087327
0.998039 0.0624162 -0.00479491 -3.11588 -0.0623236 0.997903 0.0174979 -0.165512 0.005877 -0.0171647 0.999835 0.0755935
0.997435 0.0714873 -0.00352193 -3.20149 -0.071444 0.997382 0.0111818 -0.178096 0.00431207 -0.0109015 0.999931 0.066633
0.997845 0.065594 0.00168025 -3.29432 -0.0656128 0.99771 0.0164164 -0.181199 -0.000599584 -0.0164913 0.999864 0.0618387
0.997487 0.0708007 -0.00244536 -3.39567 -0.0707551 0.997375 0.0153618 -0.193453 0.00352657 -0.0151502 0.999879 0.077887
0.997487 0.0704575 -0.00741585 -3.48925 -0.0703403 0.99741 0.0150235 -0.194462 0.00845516 -0.0144641 0.99986 0.0741132
0.997232 0.0718933 -0.0189454 -3.58115 -0.0716273 0.997328 0.0143633 -0.198642 0.0199274 -0.0129666 0.999717 0.086018
0.997528 0.0684847 -0.0157279 -3.66583 -0.0682502 0.997556 0.0149907 -0.200297 0.0167161 -0.0138802 0.999764 0.0836926
0.997896 0.0634909 -0.0131289 -3.76186 -0.0632748 0.997864 0.0162664 -0.194748 0.0141336 -0.0154015 0.999781 0.081629
0.998116 0.0610933 -0.00571902 -3.86193 -0.0610263 0.998073 0.0112469 -0.182087 0.00639511 -0.0108767 0.99992 0.0635799
0.998074 0.0619131 -0.00398999 -3.96293 -0.0619035 0.998079 0.00249145 -0.18987 0.00413658 -0.00223966 0.999989 0.0824918
0.998781 0.0488935 0.00682396 -4.05395 -0.0489049 0.998802 0.0015124 -0.176721 -0.00674184 -0.00184428 0.999976 0.0949207
0.999227 0.0375006 0.011808 -4.14188 -0.0375391 0.99929 0.0030561 -0.173355 -0.011685 -0.003497 0.999926 0.105359
0.999458 0.0312964 -0.0101899 -4.23356 -0.0313177 0.999508 -0.0019374 -0.160819 0.0101243 0.00225547 0.999946 0.0896995
0.999244 0.0319804 -0.0220889 -4.32845 -0.0319259 0.999486 0.00281677 -0.172766 0.0221676 -0.00210944 0.999752 0.0896056
0.998733 0.0396089 -0.0310402 -4.42856 -0.0397249 0.999206 -0.00313065 -0.17411 0.0308916 0.00435976 0.999513 0.0774076
0.99908 0.037337 -0.0211204 -4.50827 -0.0374409 0.999289 -0.00454496 -0.177563 0.0209357 0.00533155 0.999767 0.063455
0.998994 0.0445687 -0.00499623 -4.60144 -0.0445384 0.998989 0.00602598 -0.205121 0.00525976 -0.00579739 0.999969 0.0906748
0.998426 0.0551978 0.00992525 -4.6964 -0.0552805 0.998437 0.00825802 -0.212691 -0.00945391 -0.0087937 0.999917 0.102175
0.997638 0.0685608 -0.00425417 -4.77914 -0.0684986 0.997562 0.0133645 -0.217854 0.00516008 -0.0130415 0.999902 0.114263
0.997499 0.0694139 -0.0133028 -4.87664 -0.069152 0.997421 0.0192287 -0.224149 0.0146032 -0.0182607 0.999727 0.110696
0.997603 0.0671539 -0.0166763 -4.9806 -0.0668536 0.997601 0.017953 -0.218836 0.0178419 -0.0167951 0.9997 0.0835078
0.997286 0.0693676 -0.0246781 -5.06152 -0.0686593 0.997234 0.0284794 -0.227962 0.0265854 -0.0267078 0.99929 0.078903
0.997171 0.068169 -0.0316643 -5.15705 -0.0676541 0.997563 0.0170594 -0.22875 0.0327501 -0.0148689 0.999353 0.0927514
0.998104 0.0579093 -0.0208661 -5.2444 -0.0575862 0.998216 0.015768 -0.218933 0.021742 -0.0145365 0.999658 0.108912
0.998369 0.0566161 -0.00735628 -5.32372 -0.0565826 0.998387 0.00468976 -0.223548 0.00760993 -0.00426588 0.999962 0.129243
0.998368 0.0562769 -0.00971466 -5.41265 -0.056272 0.998415 0.000777691 -0.21518 0.00974303 -0.000229758 0.999953 0.122574
0.997868 0.0639517 -0.0129926 -5.5005 -0.0640009 0.997944 -0.00340497 -0.218023 0.0127482 0.00422925 0.99991 0.125854
0.997447 0.0701592 -0.0133149 -5.5873 -0.0703082 0.997464 -0.0110711 -0.231468 0.0125044 0.011979 0.99985 0.117466
0.99755 0.0682642 -0.0153127 -5.67996 -0.0684603 0.997573 -0.0126731 -0.236541 0.0144104 0.0136904 0.999802 0.109127
0.997031 0.0764129 -0.00951906 -5.76687 -0.0764854 0.997042 -0.00750468 -0.247812 0.00891746 0.00821047 0.999927 0.129463
0.996018 0.0891434 0.00139436 -5.84978 -0.0891294 0.995987 -0.00806723 -0.26042 -0.00210791 0.00791083 0.999966 0.142266
0.99542 0.0954228 0.00581856 -5.94584 -0.0954446 0.995428 0.00359653 -0.247327 -0.00544876 -0.00413541 0.999977 0.155816
0.994705 0.102466 -0.00791765 -6.04257 -0.102411 0.994718 0.00699668 -0.246035 0.00859275 -0.00614877 0.999944 0.146828
0.994725 0.10215 -0.00936289 -6.12592 -0.102072 0.994741 0.00849305 -0.242048 0.0101812 -0.00749256 0.99992 0.137139
0.994297 0.106399 -0.00721953 -6.21335 -0.106307 0.994259 0.0121552 -0.238769 0.00847138 -0.0113184 0.9999 0.130061
0.994564 0.103603 -0.0104443 -6.30141 -0.103634 0.994612 -0.00253308 -0.239419 0.0101256 0.0036017 0.999942 0.134256
0.995392 0.0956096 0.00727699 -6.38641 -0.0955618 0.995401 -0.00664767 -0.225761 -0.00787911 0.00592164 0.999951 0.155536
0.996576 0.0794017 0.0230491 -6.491 -0.0790706 0.996757 -0.0149378 -0.20985 -0.0241604 0.0130642 0.999623 0.16623
0.997177 0.074782 0.00678914 -6.575 -0.074634 0.997012 -0.0199254 -0.194929 -0.00825891 0.0193624 0.999778 0.16893
0.996696 0.0788423 -0.0194989 -6.66361 -0.079245 0.996638 -0.020821 -0.198448 0.0177918 0.0222974 0.999593 0.175889
0.995626 0.0903969 -0.0236247 -6.75849 -0.0908401 0.995695 -0.0184109 -0.180435 0.0218587 0.0204764 0.999551 0.154387
0.995043 0.0983684 -0.0146021 -6.8409 -0.0986559 0.994911 -0.0204813 -0.18182 0.0125131 0.0218204 0.999684 0.154298
0.995456 0.0951918 -0.00256922 -6.92636 -0.0952168 0.995376 -0.0126415 -0.182656 0.00135397 0.0128287 0.999917 0.153958
0.994869 0.101114 0.00350352 -7.01306 -0.101026 0.994687 -0.019765 -0.187008 -0.00548342 0.0193096 0.999799 0.182069
0.994165 0.107341 0.0106626 -7.09691 -0.107142 0.994085 -0.0177406 -0.188191 -0.0125039 0.0164947 0.999786 0.188161
0.993746 0.111499 0.00600642 -7.18352 -0.111408 0.993679 -0.0137839 -0.181632 -0.00750535 0.0130286 0.999887 0.187238
0.993345 0.115069 0.00492686 -7.27531 -0.114982 0.993249 -0.0153156 -0.177159 -0.00665595 0.0146471 0.999871 0.198724
0.993456 0.114029 -0.00644797 -7.36263 -0.114109 0.993373 -0.0137757 -0.174368 0.0048344 0.0144214 0.999884 0.183816
0.994035 0.109019 -0.00309647 -7.44075 -0.109037 0.994017 -0.00647058 -0.154435 0.00237253 0.00676961 0.999974 0.172609
0.994329 0.106244 -0.00470705 -7.53829 -0.106301 0.994231 -0.0143395 -0.148741 0.00315641 0.0147585 0.999886 0.189892
0.995705 0.0912819 0.0154757 -7.62754 -0.0910755 0.995752 -0.0135601 -0.132133 -0.0166477 0.0120924 0.999788 0.218471
0.996332 0.0822978 0.0234576 -7.7199 -0.0820731 0.996572 -0.0103886 -0.128024 -0.0242322 0.00842527 0.999671 0.221524
0.997003 0.0770325 0.00715118 -7.81331 -0.0769531 0.996976 -0.0107909 -0.116239 -0.00796081 0.0102083 0.999916 0.224405
0.996775 0.0802371 -0.00147492 -7.89927 -0.0802497 0.996684 -0.0134462 -0.117259 0.000391153 0.0135211 0.999909 0.219995
0.996905 0.0785222 0.00371288 -7.98447 -0.0784805 0.996863 -0.0102913 -0.113719 -0.00450932 0.00996804 0.99994 0.198477
0.997664 0.0675617 0.0100729 -8.08102 -0.0674567 0.997668 -0.0104145 -0.11557 -0.0107531 0.00971073 0.999895 0.196518
0.996977 0.0740547 0.0235073 -8.15549 -0.074085 0.997252 0.000419475 -0.131544 -0.0234116 -0.00215974 0.999724 0.201692
0.995599 0.0813183 0.0465886 -8.25962 -0.0814294 0.996679 0.000488121 -0.143923 -0.0463941 -0.00427965 0.998914 0.222936
0.99557 0.0855203 0.0390602 -8.34481 -0.0859411 0.996258 0.00922225 -0.156407 -0.0381253 -0.0125383 0.999194 0.238182
0.995977 0.0861007 0.0248394 -8.43191 -0.0863796 0.996208 0.0103813 -0.161769 -0.0238514 -0.0124852 0.999638 0.236967
0.996806 0.0780353 0.0170003 -8.52955 -0.078157 0.996919 0.00661869 -0.162981 -0.0164314 -0.00792624 0.999834 0.213992
0.997479 0.0708139 0.00455686 -8.62073 -0.0708554 0.997439 0.00972489 -0.168662 -0.00385653 -0.0100233 0.999942 0.203779
0.997289 0.0734087 0.005059 -8.71685 -0.0734434 0.997274 0.00705811 -0.166664 -0.00452708 -0.00741053 0.999962 0.208928
0.997582 0.0694235 0.00328974 -8.82206 -0.0694471 0.997556 0.00767581 -0.169498 -0.00274882 -0.00788571 0.999965 0.217826
0.998359 0.0563802 0.00999604 -8.90917 -0.0564021 0.998406 0.00192041 -0.179218 -0.00987183 -0.00248106 0.999948 0.236544
0.998978 0.0445514 0.00768949 -8.99359 -0.0446329 0.998945 0.0107757 -0.184568 -0.00720131 -0.0111079 0.999912 0.239212
0.999004 0.0444603 -0.00387191 -9.08589 -0.0444683 0.999009 -0.0020281 -0.196064 0.0037779 0.00219826 0.99999 0.23837
0.999047 0.0435078 -0.0034241 -9.18647 -0.0435206 0.999045 -0.00375373 -0.217524 0.00325751 0.00389917 0.999987 0.236189
0.999304 0.0371818 0.00313895 -9.26974 -0.037191 0.999304 0.0029057 -0.234911 -0.00302872 -0.00302042 0.999991 0.2271
0.999284 0.0370582 0.00764993 -9.35683 -0.0371813 0.99917 0.0166351 -0.258216 -0.00702711 -0.0169076 0.999832 0.244629
0.999095 0.0361231 0.02246 -9.44651 -0.0364521 0.999231 0.0144136 -0.275393 -0.0219221 -0.0152193 0.999644 0.260538
0.998754 0.0472983 0.0159103 -9.53832 -0.0477347 0.99846 0.0282722 -0.291636 -0.0145485 -0.0289964 0.999474 0.252955
0.998575 0.0530414 -0.00587203 -9.6351 -0.0529074 0.998378 0.0210108 -0.296172 0.00697695 -0.0206702 0.999762 0.264253
0.998705 0.0501509 -0.0085058 -9.72423 -0.0499589 0.998521 0.0214603 -0.307081 0.00956948 -0.0210076 0.999734 0.249413
0.998237 0.0543511 -0.0238579 -9.82286 -0.0537802 0.998265 0.0239523 -0.303705 0.0251184 -0.022627 0.999428 0.235505
0.997319 0.0653688 -0.032904 -9.93182 -0.0646781 0.997672 0.0216375 -0.300623 0.0342418 -0.0194513 0.999224 0.232563
0.997437 0.0594603 -0.0398095 -10.0347 -0.0588731 0.998141 0.0157656 -0.301263 0.0406729 -0.0133815 0.999083 0.259908
0.998371 0.0511465 -0.0252705 -10.1093 -0.0507447 0.998579 0.0162939 -0.30842 0.026068 -0.014985 0.999548 0.273058
0.998366 0.0455471 -0.0344986 -10.2146 -0.0451909 0.998917 0.0110354 -0.305363 0.0349639 -0.00945838 0.999344 0.273274
0.998136 0.0474517 -0.0383717 -10.3021 -0.0473221 0.998871 0.00427932 -0.312462 0.0385314 -0.00245552 0.999254 0.269861
0.997877 0.056 -0.0332631 -10.396 -0.055887 0.998428 0.00431649 -0.322649 0.0334525 -0.00244835 0.999437 0.258321
0.998133 0.0559248 -0.0245526 -10.488 -0.0557251 0.998408 0.00874411 -0.340408 0.0250026 -0.00735959 0.99966 0.25108
0.997947 0.0628354 -0.0124043 -10.5819 -0.0626946 0.997967 0.0114255 -0.356141 0.013097 -0.0106243 0.999858 0.261238
0.996886 0.0788583 -0.000352247 -10.6608 -0.0788558 0.996875 0.00470221 -0.375698 0.000721955 -0.00465979 0.999989 0.281313
0.996431 0.0838375 -0.00978648 -10.7584 -0.0836747 0.996365 0.0160041 -0.381191 0.0110926 -0.0151281 0.999824 0.282345
0.995986 0.0865212 -0.0229312 -10.8548 -0.0860909 0.996104 0.019131 -0.380608 0.0244971 -0.01708 0.999554 0.271206
0.995904 0.0850773 -0.0306108 -10.9539 -0.0844641 0.996209 0.0207981 -0.38387 0.0322642 -0.0181274 0.999315 0.258511
0.9953 0.0851348 -0.0461579 -11.0398 -0.0842107 0.996214 0.021612 -0.376085 0.047823 -0.0176234 0.9987 0.252793
0.996053 0.0805786 -0.037226 -11.1238 -0.0800846 0.996681 0.0145795 -0.379929 0.0382772 -0.0115407 0.999201 0.269464
0.997492 0.0698215 -0.011598 -11.2216 -0.0695422 0.997315 0.0229517 -0.366238 0.0131694 -0.0220876 0.999669 0.278487
0.997942 0.063147 -0.0111435 -11.3096 -0.0630228 0.99795 0.0111576 -0.372371 0.0118253 -0.0104324 0.999876 0.292153
0.99828 0.0551431 -0.0199127 -11.4011 -0.0550417 0.998468 0.00560696 -0.374451 0.0201914 -0.00450129 0.999786 0.297863
0.99776 0.0565161 -0.0357941 -11.4875 -0.0563555 0.998396 0.00548181 -0.37396 0.0360465 -0.00345234 0.999344 0.294149
0.997313 0.0632939 -0.0368987 -11.5824 -0.0633587 0.997991 -0.00058845 -0.373296 0.0367873 0.00292472 0.999319 0.284079
0.99753 0.0636146 -0.0297691 -11.6659 -0.0637104 0.997966 -0.00227811 -0.386352 0.0295636 0.00416908 0.999554 0.267416
0.997608 0.0672458 -0.0160309 -11.7504 -0.0672428 0.997736 0.000724121 -0.389485 0.0160433 0.000355573 0.999871 0.28828
0.99665 0.0816912 0.00395152 -11.8406 -0.0816699 0.996645 -0.00527654 -0.400889 -0.00436932 0.00493614 0.999978 0.29478
0.996475 0.0837594 -0.00465375 -11.9333 -0.0837609 0.996486 -0.000133125 -0.396515 0.00462625 0.000522458 0.999989 0.305844
0.995973 0.0876574 -0.0188197 -12.026 -0.0875976 0.996148 0.00398292 -0.391444 0.0190963 -0.00231832 0.999815 0.307151
0.995922 0.0861961 -0.0266558 -12.1288 -0.0860915 0.996274 0.00504935 -0.389688 0.0269917 -0.00273392 0.999632 0.294811
0.995789 0.0837145 -0.037354 -12.2147 -0.0834553 0.996476 0.00844823 -0.387521 0.0379296 -0.00529526 0.999266 0.278099
0.99644 0.0766105 -0.0351745 -12.3049 -0.0765958 0.997061 0.00176716 -0.376418 0.0352065 0.000933354 0.99938 0.289535
0.99749 0.0701804 -0.00939351 -12.3963 -0.0700991 0.997502 0.00872633 -0.360842 0.00998246 -0.00804595 0.999918 0.303316
0.998111 0.0614292 0.000417096 -12.4876 -0.0614297 0.998038 0.0121268 -0.346202 0.000328662 -0.0121295 0.999926 0.313909
0.998067 0.061901 -0.00546652 -12.5951 -0.0618327 0.998016 0.0118776 -0.330608 0.0061909 -0.0115166 0.999915 0.306598
0.997096 0.0696239 -0.0308643 -12.6966 -0.0694336 0.997561 0.00719634 -0.329716 0.03129 -0.00503243 0.999498 0.296075
0.99584 0.0830886 -0.0373946 -12.7902 -0.0827524 0.996515 0.0104528 -0.315643 0.0381328 -0.0073148 0.999246 0.297126
0.99489 0.0937822 -0.0374131 -12.8746 -0.0938271 0.995588 0.000556004 -0.326201 0.0373002 0.0029572 0.9993 0.281159
0.994326 0.101122 -0.0330257 -12.9704 -0.101227 0.994862 -0.00149206 -0.332427 0.0327052 0.00482667 0.999453 0.303751
0.993473 0.112687 -0.0177004 -13.0564 -0.112791 0.993606 -0.00498017 -0.342941 0.017026 0.0069441 0.999831 0.307991
0.992588 0.120225 -0.0177525 -13.1518 -0.120182 0.992746 0.00347694 -0.332636 0.0180417 -0.00131764 0.999836 0.31162
0.991302 0.128111 -0.0301159 -13.2335 -0.128085 0.991759 0.00281917 -0.330718 0.0302289 0.00106274 0.999542 0.319118
0.991489 0.124108 -0.0393218 -13.3354 -0.124035 0.992268 0.00430906 -0.329035 0.0395526 0.0006049 0.999217 0.3161
0.991461 0.121234 -0.0480355 -13.4271 -0.120893 0.992616 0.00996732 -0.315885 0.0488892 -0.00407506 0.998796 0.312134
0.991857 0.117843 -0.0482891 -13.5205 -0.117372 0.99301 0.0124811 -0.303611 0.0494224 -0.00671165 0.998755 0.296461
0.993447 0.108477 -0.0359968 -13.62 -0.107986 0.994034 0.0153226 -0.296158 0.0374442 -0.011335 0.999234 0.323788
0.995531 0.0913555 -0.023932 -13.705 -0.091323 0.995818 0.0024525 -0.280609 0.024056 -0.000255998 0.999711 0.337447
0.996378 0.0806314 -0.0270023 -13.7866 -0.0804351 0.996725 0.00828006 -0.264204 0.0275815 -0.00607814 0.999601 0.349489
0.996031 0.0801627 -0.0386801 -13.8895 -0.0802286 0.996776 -0.000153039 -0.258405 0.0385431 0.00325568 0.999252 0.348488
0.995305 0.0878394 -0.0406364 -13.9834 -0.0878181 0.996134 0.00231073 -0.254988 0.0406823 0.00126873 0.999171 0.328926
0.994737 0.0937331 -0.0413696 -14.0552 -0.093786 0.995592 0.000666078 -0.261848 0.0412497 0.00321732 0.999144 0.329692
0.995054 0.0916869 -0.0382244 -14.1499 -0.0916927 0.995786 0.00160517 -0.263869 0.0382105 0.00190767 0.999268 0.332112
0.994638 0.101182 -0.0214107 -14.25 -0.101533 0.994704 -0.015992 -0.277689 0.0196792 0.0180801 0.999643 0.333654
0.994458 0.103172 -0.0202043 -14.333 -0.103442 0.994553 -0.0128234 -0.28137 0.0187712 0.0148423 0.999714 0.356415
0.995122 0.0946529 -0.0278023 -14.4161 -0.0949615 0.995431 -0.00999474 -0.284746 0.0267292 0.0125861 0.999563 0.371289
0.995945 0.0835502 -0.0333745 -14.5136 -0.0836328 0.996496 -0.00108413 -0.275276 0.0331669 0.00387093 0.999442 0.372217
0.996946 0.0693427 -0.0359104 -14.6018 -0.0693089 0.997593 0.00218582 -0.271256 0.0359755 0.000309771 0.999353 0.352422
0.99776 0.0579073 -0.0334862 -14.6924 -0.0575613 0.998279 0.0112051 -0.257688 0.0340774 -0.00925245 0.999376 0.357329
0.998788 0.0439199 -0.0222351 -14.7743 -0.043791 0.999021 0.0062507 -0.258663 0.0224878 -0.00526943 0.999733 0.365863
0.999585 0.0265778 0.0111419 -14.8536 -0.0268567 0.999309 0.0256815 -0.242948 -0.0104517 -0.0259701 0.999608 0.370805
0.999422 0.0294285 0.0170045 -14.9326 -0.0297958 0.999319 0.0217677 -0.237458 -0.0163523 -0.0222618 0.999618 0.392572
0.999381 0.035148 -0.0016063 -15.0268 -0.0351217 0.999282 0.0142044 -0.230117 0.0021044 -0.0141392 0.999898 0.387652
0.998843 0.0462286 -0.013256 -15.1241 -0.0460527 0.998851 0.0132807 -0.22754 0.0138547 -0.0126549 0.999824 0.381314
0.998324 0.0578183 0.0026255 -15.1878 -0.0578396 0.998286 0.00896921 -0.22915 -0.00210241 -0.00910603 0.999956 0.378549
0.998245 0.0586029 0.00849507 -15.2817 -0.0586081 0.998281 0.00036822 -0.231264 -0.00845889 -0.000865453 0.999964 0.372614
0.998089 0.0606888 0.0115926 -15.3627 -0.0607073 0.998155 0.00124954 -0.258108 -0.0114954 -0.00195091 0.999932 0.373103
0.997382 0.0638313 0.0339811 -15.4375 -0.0635849 0.997942 -0.00828598 -0.267824 -0.0344401 0.0061036 0.999388 0.400384
0.99764 0.0605198 0.0324398 -15.5341 -0.06065 0.998154 0.00304576 -0.276874 -0.0321956 -0.00500604 0.999469 0.404653
0.998113 0.0605729 0.0100463 -15.6242 -0.0606116 0.998155 0.00359851 -0.279705 -0.00980981 -0.00420064 0.999943 0.399833
0.998505 0.0546652 -0.000268069 -15.7015 -0.0546632 0.998492 0.00497852 -0.288632 0.000539816 -0.00495642 0.999988 0.399968
0.99884 0.0474756 -0.00808221 -15.7881 -0.0474179 0.998849 0.00719469 -0.292779 0.00841448 -0.0068031 0.999941 0.388335
0.999018 0.0433502 -0.00912681 -15.869 -0.0432277 0.998978 0.0132128 -0.295707 0.00969025 -0.0128053 0.999871 0.37866
0.999367 0.0353036 -0.00432607 -15.9523 -0.0352814 0.999364 0.005105 -0.300929 0.00450354 -0.00494914 0.999978 0.382817
0.999699 0.0225893 0.00958069 -16.0447 -0.0227181 0.99965 0.0135555 -0.292806 -0.00927113 -0.0137691 0.999862 0.395372
0.999918 0.0115918 0.00544545 -16.1188 -0.0116579 0.999857 0.0122701 -0.300816 -0.00530244 -0.0123325 0.99991 0.411299
0.999959 0.00899752 0.000453078 -16.2065 -0.00900044 0.999936 0.00691611 -0.306782 -0.000390821 -0.00691991 0.999976 0.418653
0.999929 0.00788315 -0.00892851 -16.2802 -0.00781216 0.999938 0.00795756 -0.303287 0.00899068 -0.00788724 0.999928 0.416414
0.999675 0.0136844 -0.0215297 -16.3748 -0.0134514 0.99985 0.0109302 -0.308019 0.021676 -0.010637 0.999708 0.408131
0.999555 0.0221182 -0.0199954 -16.467 -0.0219224 0.99971 0.00996008 -0.316494 0.0202099 -0.00951731 0.99975 0.393986
0.999419 0.0274746 -0.0201608 -16.5474 -0.0273268 0.999598 0.00756979 -0.322729 0.0203606 -0.00701446 0.999768 0.403618
0.999343 0.0362486 -2.79054e-05 -16.6138 -0.0362486 0.999343 0.000659716 -0.346289 5.18009e-05 -0.000658271 1 0.419432
0.999223 0.0391192 0.00472222 -16.6976 -0.0391526 0.999207 0.00719259 -0.359248 -0.00443711 -0.00737189 0.999963 0.434768
0.998932 0.0456787 -0.00693662 -16.7876 -0.0456227 0.998926 0.00802782 -0.359862 0.00729587 -0.00770278 0.999944 0.439144
0.998719 0.0484297 -0.0146739 -16.8697 -0.0482796 0.99878 0.010417 -0.364504 0.0151605 -0.0096952 0.999838 0.425685
0.998369 0.050983 -0.0256912 -16.9547 -0.0507365 0.99866 0.010157 -0.354728 0.0261746 -0.00883699 0.999618 0.416424
0.998118 0.0557618 -0.0255118 -17.0355 -0.0554494 0.99838 0.0127936 -0.352221 0.0261838 -0.0113549 0.999593 0.425713
0.998292 0.0552248 -0.0190751 -17.1158 -0.055093 0.998454 0.00736769 -0.351371 0.0194525 -0.00630419 0.999791 0.429592
0.998616 0.0515913 -0.0101775 -17.197 -0.0514845 0.998619 0.0104862 -0.345714 0.0107044 -0.00994767 0.999893 0.444029
0.998882 0.0465268 -0.0083903 -17.2939 -0.0465407 0.998915 -0.00146226 -0.342455 0.00831316 0.00185111 0.999964 0.45664
0.999075 0.0409626 -0.0130905 -17.3754 -0.0410038 0.999155 -0.00289254 -0.337488 0.012961 0.00342663 0.99991 0.454315
0.998853 0.0401025 -0.0261552 -17.4615 -0.0401928 0.999188 -0.00293602 -0.33758 0.0260162 0.0039839 0.999654 0.459115
0.998582 0.0450517 -0.028349 -17.5396 -0.0449848 0.998983 0.00299188 -0.328341 0.0284549 -0.00171237 0.999594 0.445035
0.99831 0.049544 -0.0303863 -17.6265 -0.0496707 0.99876 -0.0034271 -0.332989 0.0301788 0.00493061 0.999532 0.430245
0.998157 0.0500504 -0.034314 -17.7203 -0.0499094 0.998741 0.00495386 -0.339611 0.0345188 -0.00323214 0.999399 0.448363
0.99822 0.0583203 -0.012457 -17.7977 -0.0584124 0.998267 -0.00715946 -0.355501 0.0120179 0.00787437 0.999897 0.462692
0.998414 0.0553766 -0.010143 -17.8722 -0.0553964 0.998463 -0.001682 -0.366829 0.0100343 0.00224122 0.999947 0.477748
0.99872 0.0497797 -0.0089739 -17.955 -0.0497521 0.998756 0.00327178 -0.36755 0.00912561 -0.00282112 0.999954 0.47559
0.998607 0.0493743 -0.0186063 -18.0422 -0.0493195 0.998777 0.00339199 -0.367287 0.018751 -0.00246961 0.999821 0.457511
0.998532 0.04756 -0.0259328 -18.1234 -0.0475692 0.998868 0.000262348 -0.372215 0.025916 0.000971642 0.999664 0.463636
0.99852 0.0467799 -0.0277211 -18.211 -0.0465831 0.998885 0.00770422 -0.366653 0.0280506 -0.00640149 0.999586 0.453129
0.998557 0.0466288 -0.0266463 -18.3092 -0.0464644 0.998897 0.00675764 -0.372753 0.0269321 -0.00550978 0.999622 0.462104
0.99916 0.0374319 -0.0166962 -18.3925 -0.0371304 0.999148 0.0180141 -0.372698 0.0173563 -0.017379 0.999698 0.474858
0.999347 0.0332973 -0.0140573 -18.4773 -0.0331331 0.999382 0.0117593 -0.368606 0.0144401 -0.0112859 0.999832 0.489008
0.9993 0.0260148 -0.026889 -18.5687 -0.025749 0.999617 0.0101861 -0.366988 0.0271437 -0.00948665 0.999587 0.492479
0.999077 0.0240688 -0.0355809 -18.646 -0.0237222 0.999667 0.0101297 -0.379909 0.0358129 -0.00927624 0.999315 0.486632
0.999286 0.0235042 -0.029597 -18.7356 -0.0231516 0.999657 0.012202 -0.381058 0.0298736 -0.0115081 0.999487 0.482517
0.99935 0.0245347 -0.0264165 -18.8255 -0.0243193 0.999669 0.00844251 -0.385772 0.0266149 -0.00779459 0.999615 0.47937
0.998929 0.0298064 -0.035376 -18.9175 -0.0294577 0.999513 0.0103372 -0.402331 0.0356669 -0.00928408 0.999321 0.493532
0.999215 0.0396189 -0.000672488 -18.9912 -0.0396127 0.999187 0.00754985 -0.422144 0.000971058 -0.00751728 0.999971 0.49668
0.998763 0.0496988 -0.00133994 -19.0764 -0.0496698 0.998628 0.0165855 -0.425445 0.00216238 -0.0164984 0.999862 0.512468
0.997999 0.0620307 -0.0122332 -19.1666 -0.0617985 0.997917 0.0185261 -0.432819 0.0133569 -0.017733 0.999754 0.517799
0.997675 0.0671897 -0.0113743 -19.2464 -0.0669935 0.997611 0.0168375 -0.439154 0.0124785 -0.0160364 0.999794 0.516892
0.997658 0.067007 -0.0137667 -19.3431 -0.0667269 0.997573 0.0198879 -0.447527 0.015066 -0.0189227 0.999707 0.504438
0.997626 0.066953 -0.0160835 -19.4316 -0.0664546 0.997346 0.0297502 -0.436503 0.0180327 -0.0286108 0.999428 0.492986
0.997749 0.0648313 -0.0171562 -19.5208 -0.0644679 0.9977 0.02095 -0.441857 0.0184749 -0.0197968 0.999633 0.51383
0.998898 0.0465496 -0.00597355 -19.6036 -0.0463846 0.998603 0.0252955 -0.447046 0.0071427 -0.0249905 0.999662 0.527407
0.999385 0.0319558 0.0144716 -19.6816 -0.0323174 0.999153 0.0254855 -0.443595 -0.0136449 -0.0259375 0.99957 0.539873
0.99976 0.0215924 0.00379062 -19.7739 -0.021677 0.999479 0.0239238 -0.446223 -0.00327208 -0.0240002 0.999707 0.539809
0.999798 0.0200973 0.000473521 -19.8586 -0.0201029 0.999467 0.0257162 -0.447511 4.35595e-05 -0.0257206 0.999669 0.533559
0.999702 0.0231855 -0.0076598 -19.9434 -0.0229881 0.999425 0.0249189 -0.458081 0.00823316 -0.0247354 0.99966 0.529185
0.9997 0.0220667 -0.0105956 -20.0433 -0.021867 0.999588 0.0186074 -0.470299 0.0110019 -0.0183702 0.999771 0.521197
0.999501 0.0315517 0.00159521 -20.1163 -0.0315829 0.999151 0.0264538 -0.500949 -0.000759191 -0.026491 0.999649 0.526623
0.998518 0.0444186 0.0314465 -20.2017 -0.045058 0.998786 0.0199248 -0.517219 -0.0305233 -0.0213122 0.999307 0.544252
0.998182 0.055213 0.0241619 -20.2898 -0.0556787 0.998267 0.0190451 -0.526752 -0.0230685 -0.0203558 0.999527 0.54392
0.998094 0.0616214 0.00345417 -20.3769 -0.0616814 0.997867 0.0213935 -0.540551 -0.0021285 -0.0215658 0.999765 0.55657
0.998228 0.0591855 -0.00609592 -20.4706 -0.0590522 0.998052 0.0201249 -0.545775 0.00727514 -0.0197292 0.999779 0.527488
0.998146 0.0556408 -0.0246609 -20.5603 -0.0552282 0.998327 0.0171083 -0.549767 0.0255716 -0.0157146 0.999549 0.523854
0.998413 0.0486453 -0.0283869 -20.6591 -0.0479519 0.998546 0.0246181 -0.555152 0.0295432 -0.0232178 0.999294 0.528018
0.998953 0.0396278 -0.0228744 -20.7529 -0.0389852 0.998851 0.0278837 -0.560916 0.0239531 -0.0269627 0.999349 0.527279
0.999409 0.0269187 -0.0213778 -20.8452 -0.0263872 0.999345 0.0247665 -0.557867 0.0220304 -0.0241878 0.999465 0.545467
0.999587 0.0175181 -0.02278 -20.927 -0.0170132 0.999609 0.0221716 -0.558435 0.0231595 -0.0217748 0.999495 0.559438
0.999122 0.0143061 -0.0393896 -21.0207 -0.0135673 0.999728 0.0189593 -0.562275 0.0396502 -0.0184082 0.999044 0.56109
0.999235 0.0139587 -0.0365252 -21.1103 -0.0130832 0.999624 0.0241017 -0.569628 0.0368478 -0.0236054 0.999042 0.557076
0.999023 0.0238459 -0.0372079 -21.199 -0.0230234 0.999484 0.0223778 -0.566407 0.0377224 -0.0214993 0.999057 0.553798
0.998983 0.0248345 -0.0376432 -21.2883 -0.0240388 0.999481 0.0214462 -0.577289 0.0381563 -0.0205195 0.999061 0.547366
0.999225 0.0297041 -0.0258277 -21.3685 -0.0290803 0.999284 0.0242016 -0.595267 0.0265281 -0.0234318 0.999373 0.559891
0.999227 0.039292 -0.00152813 -21.4475 -0.0392507 0.999003 0.0212549 -0.605742 0.00236176 -0.0211784 0.999773 0.576618
0.998933 0.0459004 0.00519282 -21.5308 -0.0460365 0.998485 0.0301466 -0.603569 -0.00380121 -0.0303535 0.999532 0.579867
0.998527 0.0535226 -0.00893163 -21.6125 -0.0531865 0.997993 0.0343683 -0.612727 0.0107532 -0.0338426 0.999369 0.58735
0.998515 0.0539908 -0.00731896 -21.6995 -0.0536877 0.997883 0.036697 -0.618637 0.00928477 -0.0362496 0.9993 0.57053
0.998336 0.0573943 -0.00551109 -21.7903 -0.0570851 0.99733 0.0455427 -0.607555 0.00811027 -0.0451524 0.998947 0.55894
0.998084 0.0599118 -0.0154332 -21.8786 -0.0592765 0.997488 0.0387737 -0.607185 0.0177175 -0.0377846 0.999129 0.565023
0.998649 0.0514321 -0.0073815 -21.9601 -0.0510607 0.997732 0.0438575 -0.598757 0.00962044 -0.0434213 0.999011 0.5809
0.999071 0.043018 0.00262645 -22.05 -0.0430843 0.998437 0.0355898 -0.596722 -0.00109135 -0.0356699 0.999363 0.591652
0.999178 0.0379915 0.0141351 -22.1264 -0.0384758 0.99862 0.0357325 -0.591506 -0.0127581 -0.036247 0.999261 0.60335
0.999497 0.0316408 0.0021878 -22.2091 -0.0316951 0.998973 0.0323717 -0.595553 -0.00116129 -0.0324248 0.999474 0.617127
0.999503 0.0315063 -0.00138908 -22.3046 -0.0314229 0.998663 0.0410356 -0.591202 0.00268011 -0.0409715 0.999157 0.598941
0.999195 0.0389155 0.00971816 -22.3781 -0.0392559 0.998517 0.0377065 -0.592782 -0.00823638 -0.0380577 0.999242 0.595547
0.998774 0.0453892 0.0197546 -22.4653 -0.0461371 0.998165 0.0392103 -0.60607 -0.0179387 -0.0400736 0.999036 0.583815
0.997301 0.0546771 0.0489983 -22.5443 -0.0564326 0.997786 0.0351906 -0.618939 -0.0469657 -0.0378608 0.998179 0.602788
0.996252 0.0632847 0.0589591 -22.6249 -0.0649232 0.997544 0.0263005 -0.633122 -0.0571498 -0.0300298 0.997914 0.613034
0.996908 0.0570431 0.054047 -22.7072 -0.0588394 0.997746 0.0322484 -0.64003 -0.0520857 -0.0353288 0.998018 0.624584
0.99807 0.0531752 0.0320617 -22.797 -0.054329 0.997864 0.0362613 -0.641625 -0.0300651 -0.0379333 0.998828 0.623562
0.998438 0.050084 0.0247496 -22.8771 -0.0509586 0.998049 0.0360725 -0.638051 -0.0228947 -0.0372774 0.999043 0.605438
0.998392 0.0557463 0.0102629 -22.9816 -0.0561146 0.997622 0.0400136 -0.633521 -0.00800787 -0.0405251 0.999146 0.605992
0.998 0.0631359 0.00322197 -23.0728 -0.0632148 0.997171 0.0406742 -0.628416 -0.000644853 -0.0407965 0.999167 0.595581
0.997912 0.0634423 0.0121367 -23.1489 -0.0638747 0.997181 0.0393732 -0.628665 -0.00960451 -0.0400662 0.999151 0.623161
0.99827 0.0530823 0.0252791 -23.2415 -0.0541871 0.997506 0.0452329 -0.616964 -0.022815 -0.0465245 0.998657 0.629132
0.998014 0.0569662 0.0268828 -23.3235 -0.0582443 0.997078 0.0494316 -0.615231 -0.0239883 -0.0508992 0.998416 0.634923
0.997991 0.063281 0.00315435 -23.4204 -0.0633584 0.997033 0.0437106 -0.603371 -0.00037894 -0.0438226 0.999039 0.640682
0.997389 0.0718799 -0.00698271 -23.5096 -0.0713999 0.995981 0.0540738 -0.598536 0.0108415 -0.053434 0.998513 0.625708
0.995963 0.0882604 -0.0163582 -23.6008 -0.0872467 0.994679 0.0547891 -0.590758 0.0211068 -0.0531407 0.998364 0.622069
0.995448 0.0945238 -0.0121479 -23.6878 -0.0937797 0.994251 0.0516668 -0.587876 0.0169618 -0.0502924 0.99859 0.613388
0.994047 0.108638 0.00829303 -23.7666 -0.108909 0.992945 0.0469001 -0.595293 -0.00313936 -0.0475241 0.998865 0.630452
0.992415 0.121977 0.0153309 -23.8481 -0.122539 0.991507 0.0435764 -0.592132 -0.00988541 -0.0451245 0.998932 0.645843
0.990543 0.135465 0.0217747 -23.9343 -0.136347 0.98959 0.0460449 -0.582608 -0.0153106 -0.0485784 0.998702 0.659652
0.989074 0.147064 0.0101877 -24.0242 -0.147396 0.987735 0.0515196 -0.573728 -0.00248603 -0.0524583 0.99862 0.656327
0.987944 0.154802 -0.00198266 -24.1182 -0.154485 0.986594 0.0525956 -0.553444 0.010098 -0.0516552 0.998614 0.647838
0.987097 0.160063 -0.00432617 -24.2055 -0.159586 0.985644 0.0551285 -0.538011 0.0130881 -0.0537268 0.99847 0.638244
0.987081 0.160181 -0.00371766 -24.288 -0.159744 0.985653 0.0545016 -0.515127 0.0123944 -0.0532036 0.998507 0.642045
0.98865 0.150212 0.00276882 -24.3827 -0.150156 0.987335 0.0512095 -0.502071 0.00495855 -0.051044 0.998684 0.652327
0.990261 0.138914 0.00923347 -24.4569 -0.139181 0.989375 0.0420216 -0.485525 -0.00329799 -0.0428975 0.999074 0.673323
0.991705 0.127827 0.013466 -24.5442 -0.12836 0.99037 0.0518774 -0.460557 -0.00670492 -0.0531756 0.998563 0.675842
0.991868 0.127043 -0.00761751 -24.6287 -0.126547 0.990831 0.0473198 -0.451774 0.0135593 -0.045971 0.998851 0.674507
0.990875 0.133984 -0.0146404 -24.721 -0.133175 0.989994 0.0466526 -0.43119 0.0207446 -0.0442772 0.998804 0.664255
0.989814 0.141363 -0.0168465 -24.8014 -0.140502 0.989082 0.0444524 -0.4185 0.0229465 -0.0416327 0.998869 0.658097
0.989076 0.146311 -0.0179636 -24.8972 -0.145373 0.988328 0.0455459 -0.427088 0.0244178 -0.0424369 0.998801 0.659818
0.988451 0.151528 0.00180332 -24.9703 -0.151489 0.987754 0.0373232 -0.423284 0.00387426 -0.0371653 0.999302 0.679861
0.987367 0.158155 0.00962754 -25.0494 -0.158415 0.986574 0.039707 -0.423605 -0.00321843 -0.0407305 0.999165 0.701836
0.987184 0.158935 0.0144131 -25.1256 -0.159401 0.986367 0.0408819 -0.41407 -0.00771901 -0.0426554 0.99906 0.696075
0.987603 0.156704 0.0091822 -25.2004 -0.156959 0.986596 0.0446374 -0.407765 -0.00206427 -0.0455252 0.998961 0.702154
0.988167 0.153328 0.00396222 -25.2893 -0.153354 0.987207 0.0436491 -0.406531 0.00278111 -0.0437402 0.999039 0.690668
0.988437 0.151589 -0.00352919 -25.3776 -0.151272 0.987435 0.0457005 -0.395957 0.0104125 -0.0446382 0.998949 0.680391
0.989365 0.145455 -0.000498828 -25.4543 -0.145316 0.98856 0.0404136 -0.384056 0.00637147 -0.0399113 0.999183 0.700599
0.990887 0.133919 0.0144095 -25.5308 -0.134464 0.989758 0.0479431 -0.373551 -0.00784142 -0.0494437 0.998746 0.704139
0.992855 0.118609 0.0130781 -25.6183 -0.119015 0.992218 0.0365836 -0.365286 -0.00863716 -0.0378787 0.999245 0.721406
0.99458 0.103537 0.00952848 -25.7067 -0.10386 0.993602 0.0443611 -0.35733 -0.00487451 -0.0451103 0.99897 0.728379
0.995383 0.0959278 -0.00335568 -25.7891 -0.095687 0.99443 0.0441896 -0.345379 0.007576 -0.0436645 0.999018 0.727128
0.995298 0.0964026 -0.00936867 -25.8709 -0.09587 0.994311 0.0464193 -0.339362 0.0137903 -0.0453029 0.998878 0.722718
0.994872 0.100749 -0.00885522 -25.957 -0.10027 0.993994 0.0438449 -0.33501 0.0132194 -0.0427322 0.998999 0.713247
0.994505 0.104323 -0.0087458 -26.0438 -0.103863 0.993681 0.0425536 -0.338419 0.0131299 -0.0414114 0.999056 0.711009
0.993761 0.110653 0.0139867 -26.1248 -0.111122 0.993041 0.0389974 -0.352972 -0.00957425 -0.0403083 0.999141 0.731366
0.993582 0.11149 0.0191228 -26.2023 -0.112277 0.992575 0.0467873 -0.350648 -0.0137645 -0.048634 0.998722 0.734606
0.993061 0.116941 0.0124259 -26.2941 -0.117406 0.991936 0.0477367 -0.349003 -0.0067433 -0.0488643 0.998783 0.739938
0.992509 0.122161 0.0016513 -26.3777 -0.122093 0.991289 0.0493842 -0.333938 0.00439591 -0.0492158 0.998778 0.742404
0.992065 0.125728 0.000341103 -26.4631 -0.125565 0.99064 0.053537 -0.329166 0.00639317 -0.053155 0.998566 0.733392
0.991701 0.128516 0.00362115 -26.5536 -0.128538 0.990475 0.0493776 -0.309771 0.00275917 -0.0494332 0.998774 0.732205
0.992504 0.122105 0.00512035 -26.6522 -0.122213 0.991669 0.0407103 -0.28529 -0.000106747 -0.0410309 0.999158 0.732887
0.994067 0.107299 0.0178201 -26.734 -0.107909 0.99344 0.0378381 -0.267333 -0.0136432 -0.0395365 0.999125 0.755529
0.995351 0.0928768 0.0254922 -26.8332 -0.093728 0.994999 0.0345168 -0.2529 -0.0221589 -0.0367456 0.999079 0.771889
0.996941 0.0768126 0.0144296 -26.9222 -0.0773361 0.996197 0.0401262 -0.232804 -0.0112925 -0.0411194 0.99909 0.771864
0.997069 0.0763359 0.00507289 -27.0152 -0.0764664 0.996468 0.0346969 -0.213286 -0.00240635 -0.0349831 0.999385 0.763228
0.996429 0.0844286 0.00102374 -27.1081 -0.0844111 0.995788 0.0357882 -0.204021 0.00200212 -0.0357468 0.999359 0.750832
0.996296 0.0859714 0.0018373 -27.1941 -0.0859867 0.995804 0.0313077 -0.205012 0.000861981 -0.0313497 0.999508 0.741213
0.995684 0.0928055 -0.000243756 -27.2873 -0.0927342 0.995016 0.0366614 -0.223468 0.00364492 -0.0364806 0.999328 0.747505
0.995084 0.0971315 0.0193211 -27.3699 -0.0977748 0.994567 0.0357298 -0.228025 -0.0157456 -0.0374433 0.999175 0.761653
0.995092 0.0979744 0.013873 -27.456 -0.0985389 0.993947 0.0485815 -0.220616 -0.00902931 -0.0497102 0.998723 0.780662
0.994045 0.1089 -0.00393347 -27.5493 -0.108625 0.993119 0.0437684 -0.219765 0.00867278 -0.0430805 0.999034 0.780787
0.994039 0.108311 -0.0124703 -27.6382 -0.107637 0.993134 0.0458208 -0.213182 0.0173476 -0.0442053 0.998872 0.765111
0.993929 0.107051 -0.0254049 -27.7228 -0.105754 0.993241 0.0478274 -0.205561 0.0303532 -0.0448504 0.998532 0.764887
0.994607 0.101664 -0.0205315 -27.8088 -0.100631 0.993846 0.0462907 -0.200089 0.0251113 -0.0439749 0.998717 0.769446
0.995675 0.0928694 -0.00258443 -27.8943 -0.0926176 0.994395 0.0510042 -0.192829 0.00730668 -0.0505443 0.998695 0.76987
0.996084 0.0870788 0.0152722 -27.979 -0.0876553 0.99525 0.0423535 -0.184024 -0.0115116 -0.0435263 0.998986 0.777878
0.995735 0.0903481 0.0187017 -28.0617 -0.0910142 0.995105 0.0385058 -0.168882 -0.0151312 -0.0400437 0.999083 0.791959
0.9957 0.0926347 0.00056239 -28.1501 -0.0926035 0.995165 0.0327267 -0.15628 0.00247196 -0.032638 0.999464 0.798967
0.994578 0.103975 -0.00189232 -28.2352 -0.103837 0.993923 0.0365414 -0.151265 0.00568022 -0.0361468 0.99933 0.790647
0.992702 0.120575 -0.00220184 -28.325 -0.120447 0.992223 0.031402 -0.148956 0.00597102 -0.0309076 0.999504 0.773927
0.991739 0.128135 -0.00594823 -28.4163 -0.127923 0.991391 0.0279092 -0.151315 0.00947317 -0.0269178 0.999593 0.770892
0.990656 0.135888 0.0116279 -28.5073 -0.136119 0.990446 0.0221127 -0.150469 -0.0085119 -0.0234889 0.999688 0.779691
0.990006 0.13975 0.0189209 -28.5813 -0.140141 0.989905 0.0211915 -0.159004 -0.0157684 -0.0236313 0.999596 0.800163
0.989554 0.142517 0.0217368 -28.6671 -0.143129 0.989255 0.0298174 -0.152303 -0.0172538 -0.0326171 0.999319 0.809762
0.989464 0.143389 0.0200041 -28.746 -0.144002 0.989007 0.0335923 -0.145477 -0.0149674 -0.036119 0.999235 0.804243
0.989819 0.14084 0.0205324 -28.827 -0.141532 0.989227 0.0373991 -0.136834 -0.0150439 -0.0399243 0.999089 0.794749
0.990336 0.136959 0.0218349 -28.9093 -0.137782 0.989566 0.0421239 -0.125086 -0.0158378 -0.0447253 0.998874 0.786518
0.991853 0.124874 0.0251714 -28.9968 -0.125604 0.99163 0.0298971 -0.114746 -0.0212273 -0.0328152 0.999236 0.795837
0.993488 0.101623 0.0515201 -29.079 -0.104197 0.993298 0.0500239 -0.0965609 -0.0460913 -0.0550664 0.997418 0.802077
0.993664 0.0957827 0.0588007 -29.1564 -0.0982019 0.994373 0.0397263 -0.0895259 -0.0546647 -0.045249 0.997479 0.819212
0.994268 0.0910653 0.0560218 -29.2432 -0.0930096 0.995114 0.0331321 -0.0702326 -0.0527309 -0.0381527 0.99788 0.814554
0.995651 0.0851577 0.0377911 -29.3328 -0.0859954 0.996072 0.0211203 -0.0646096 -0.0358441 -0.0242783 0.999062 0.815659
0.995992 0.0839992 0.0307265 -29.4066 -0.0844012 0.996359 0.0120272 -0.0590802 -0.0296044 -0.0145723 0.999455 0.815826
0.99671 0.0715033 0.0381723 -29.483 -0.071703 0.997418 0.00388668 -0.0653495 -0.0377958 -0.00661096 0.999264 0.802381
0.997424 0.0597718 0.0396668 -29.5651 -0.0601299 0.998159 0.00789513 -0.0693748 -0.0391218 -0.0102599 0.999182 0.807754
0.996718 0.0562404 0.058233 -29.6431 -0.056101 0.998417 -0.00402716 -0.0777919 -0.0583673 0.000747016 0.998295 0.815856
0.997068 0.0436416 0.0628587 -29.719 -0.043952 0.999027 0.00356303 -0.076834 -0.0626421 -0.00631535 0.998016 0.821317
