1 0 0 0 0 1 0 0 -0 0 1 0
0.999888 0.0146257 -0.00301459 -0.0970608 -0.014642 0.999878 -0.00546452 -0.00832105 0.0029343 0.00550805 0.999981 0.0144559
0.999438 0.0316914 -0.0108806 -0.196194 -0.0318006 0.999444 -0.0100158 -0.0271521 0.0105572 0.0103562 0.999891 0.0181455
0.998841 0.0476207 -0.00699592 -0.278596 -0.0477147 0.998764 -0.0139507 -0.040729 0.00632293 0.0142684 0.999878 0.00471846
0.998227 0.0594351 -0.00330374 -0.378038 -0.0594883 0.99804 -0.0194117 -0.0572073 0.00214353 0.0195738 0.999806 -0.0120771
0.99803 0.0624573 0.00585935 -0.473999 -0.0623354 0.997873 -0.0190864 -0.0778778 -0.00703897 0.0186836 0.999801 -0.0135192
0.996501 0.0826302 0.0125355 -0.568414 -0.0823106 0.996314 -0.0241697 -0.0971104 -0.0144864 0.0230534 0.999629 -0.0239476
0.99468 0.101289 0.0187654 -0.664278 -0.100636 0.994378 -0.0329438 -0.122978 -0.0219967 0.0308801 0.999281 -0.0204448
0.993833 0.110082 0.0133246 -0.762843 -0.109741 0.993668 -0.0240866 -0.140341 -0.0158917 0.0224758 0.999621 -0.010433
0.992091 0.125476 -0.00329324 -0.852323 -0.125517 0.991873 -0.0208071 -0.143516 0.000655698 0.0210559 0.999778 -0.0257099
0.989785 0.142546 -0.00264909 -0.95372 -0.142565 0.989417 -0.0269843 -0.148467 -0.00122545 0.0270863 0.999632 -0.0497077
0.987815 0.155577 -0.00418673 -1.04549 -0.155633 0.987513 -0.0244299 -0.149856 0.00033372 0.0247838 0.999693 -0.049169
0.984334 0.176307 0.00142983 -1.13743 -0.176218 0.984037 -0.0248768 -0.141052 -0.00579297 0.0242351 0.99969 -0.0546811
0.982561 0.185428 0.0138131 -1.23225 -0.185068 0.982435 -0.0238812 -0.138675 -0.0179987 0.0209084 0.999619 -0.047111
0.981142 0.192623 0.0160191 -1.30922 -0.192043 0.98086 -0.0321396 -0.148978 -0.0219034 0.0284572 0.999355 -0.0368541
0.979319 0.201859 0.0137041 -1.40397 -0.201182 0.978742 -0.0398691 -0.150144 -0.0214607 0.0362875 0.999111 -0.0308013
0.977241 0.211737 0.0129443 -1.4871 -0.211069 0.976632 -0.0404915 -0.16197 -0.0212154 0.0368378 0.999096 -0.0504906
0.975016 0.222065 0.0055875 -1.57674 -0.221614 0.974141 -0.0440177 -0.168117 -0.0152178 0.0416797 0.999015 -0.0591196
0.971338 0.236949 0.0189048 -1.65608 -0.236002 0.970831 -0.0423066 -0.181828 -0.0283779 0.0366324 0.998926 -0.0687019
0.967253 0.252574 0.0250794 -1.74685 -0.251603 0.967147 -0.0363693 -0.193852 -0.0334414 0.0288683 0.999024 -0.0638158
0.965863 0.256982 0.0326849 -1.82895 -0.256262 0.966293 -0.0246671 -0.200079 -0.0379222 0.0154492 0.999161 -0.0585521
0.962204 0.271504 0.0211885 -1.92817 -0.271156 0.962369 -0.0179254 -0.203407 -0.0252579 0.0115025 0.999615 -0.0569737
0.958305 0.285603 0.00903858 -2.01399 -0.285139 0.957851 -0.0348816 -0.210854 -0.0186199 0.03085 0.999351 -0.069564
0.956996 0.289911 0.0105089 -2.10743 -0.289201 0.956252 -0.0441122 -0.211607 -0.0228378 0.039176 0.998971 -0.0880825
0.954306 0.298826 0.00169664 -2.20276 -0.298411 0.953252 -0.047559 -0.204672 -0.0158292 0.0448795 0.998867 -0.107085
0.949601 0.313237 0.0118739 -2.29879 -0.312039 0.948218 -0.059287 -0.189045 -0.0298299 0.0525938 0.99817 -0.116561
0.947826 0.318695 0.00772887 -2.39504 -0.317681 0.946274 -0.0603635 -0.175047 -0.0265512 0.0547588 0.998147 -0.101564
0.945712 0.324968 -0.00498171 -2.49161 -0.324646 0.943831 -0.0615468 -0.148388 -0.0152988 0.0598228 0.998092 -0.107656
0.943088 0.332134 -0.0165136 -2.59055 -0.332476 0.940732 -0.0669557 -0.134995 -0.00670338 0.0686355 0.997619 -0.0997035
0.941441 0.337036 -0.00983299 -2.67235 -0.336946 0.939304 -0.0646261 -0.115634 -0.0125451 0.0641548 0.997861 -0.123389
0.939648 0.341888 -0.0131853 -2.7718 -0.342018 0.93757 -0.0631438 -0.102797 -0.00922596 0.0638425 0.997917 -0.133208
0.938127 0.34629 -0.000599201 -2.86381 -0.34571 0.936453 -0.0594988 -0.0927648 -0.0200427 0.0560246 0.998228 -0.145408
0.931636 0.363077 0.0151433 -2.94885 -0.361497 0.930223 -0.0632874 -0.0904111 -0.0370649 0.0534866 0.99788 -0.140024
0.925955 0.377021 0.0215231 -3.0392 -0.374847 0.924537 -0.0687095 -0.0845594 -0.0458038 0.055554 0.997405 -0.140756
0.921312 0.388391 0.0183806 -3.1316 -0.38675 0.920247 -0.0597415 -0.061549 -0.0401177 0.0479319 0.998045 -0.14402
0.917288 0.398214 0.00276073 -3.22454 -0.397243 0.915495 -0.0637716 -0.0493734 -0.0279222 0.0574003 0.997961 -0.152594
0.917052 0.398766 0.000608676 -3.31804 -0.39788 0.915114 -0.0652482 -0.0276772 -0.0265758 0.0595938 0.997869 -0.173369
0.915641 0.401996 -0.000764813 -3.41089 -0.401415 0.914213 -0.055499 -0.00779133 -0.0216112 0.0511242 0.998458 -0.187949
0.909623 0.415433 0.00134684 -3.50588 -0.414287 0.907345 -0.0713487 0.017552 -0.0308626 0.0643425 0.997451 -0.194851
0.910633 0.413069 -0.011014 -3.60518 -0.412919 0.908647 -0.0621087 0.0425478 -0.0156473 0.0611061 0.998009 -0.191794
0.911617 0.410923 -0.00981393 -3.70624 -0.41082 0.910088 -0.0544775 0.0675043 -0.0134545 0.0536944 0.998467 -0.188586
0.909377 0.41524 -0.0246848 -3.80004 -0.415967 0.907429 -0.0595335 0.0938035 -0.00232104 0.0644065 0.997921 -0.190381
0.908307 0.417519 -0.0256276 -3.89582 -0.418304 0.906472 -0.0577151 0.114867 -0.000866485 0.0631431 0.998004 -0.205776
0.907137 0.420485 -0.0171418 -3.9854 -0.420728 0.905238 -0.0594243 0.129591 -0.00946961 0.061118 0.998086 -0.222173
0.906756 0.421653 -0.00180817 -4.07616 -0.421143 0.905431 -0.0532367 0.134118 -0.0208102 0.0490342 0.99858 -0.222413
0.905299 0.42477 0.00203305 -4.16598 -0.424164 0.904242 -0.0493084 0.149297 -0.0227831 0.0437765 0.998782 -0.224165
0.903784 0.427979 0.00295985 -4.25913 -0.427225 0.902563 -0.0534604 0.159228 -0.0255514 0.0470521 0.998566 -0.213521
0.903369 0.428834 -0.00504835 -4.34881 -0.428575 0.902268 -0.0472781 0.176276 -0.0157195 0.0448732 0.998869 -0.212627
0.902514 0.430646 -0.00338014 -4.43396 -0.430278 0.901356 -0.0491856 0.192139 -0.0181349 0.0458452 0.998784 -0.227094
0.901113 0.433434 -0.0114312 -4.53099 -0.433437 0.899804 -0.0498582 0.220407 -0.0113245 0.0498825 0.998691 -0.24762
0.899322 0.437276 -0.00299156 -4.61941 -0.436794 0.897964 -0.0535938 0.249065 -0.020749 0.0495048 0.998558 -0.272018
0.896384 0.443174 -0.0096369 -4.7105 -0.442857 0.894373 -0.0630445 0.284453 -0.0193207 0.0607798 0.997964 -0.270506
0.895489 0.445071 -0.00327383 -4.80826 -0.444525 0.893976 -0.056611 0.315557 -0.0222692 0.0521498 0.998391 -0.270613
0.893895 0.448263 0.0034233 -4.89807 -0.447284 0.892398 -0.05969 0.350896 -0.0298117 0.0518254 0.998211 -0.267639
0.890114 0.455485 -0.0152064 -5.00181 -0.455521 0.888162 -0.0605762 0.378444 -0.0140858 0.0608466 0.998048 -0.272518
0.888209 0.459329 -0.0100551 -5.09393 -0.459026 0.886269 -0.0618241 0.4093 -0.0194861 0.0595283 0.998036 -0.292762
0.887161 0.461349 -0.0101419 -5.17737 -0.46101 0.885111 -0.0636218 0.4352 -0.0203751 0.0611183 0.997923 -0.312674
0.8842 0.4671 0.00285643 -5.26695 -0.465687 0.881969 -0.072572 0.453343 -0.0364177 0.062838 0.997359 -0.30924
0.879785 0.475296 0.00845726 -5.37747 -0.473249 0.877399 -0.0787812 0.472519 -0.0448648 0.0653082 0.996856 -0.308333
0.879697 0.475534 0.00131873 -5.47056 -0.474224 0.877473 -0.0717852 0.509413 -0.0352934 0.0625238 0.997419 -0.306757
0.878048 0.47846 -0.0103483 -5.57073 -0.478156 0.876179 -0.0606452 0.539566 -0.0199493 0.0581975 0.998106 -0.309962
0.878843 0.476968 -0.0117031 -5.65745 -0.476754 0.876968 -0.060269 0.581392 -0.0184832 0.0585465 0.998114 -0.335342
0.880621 0.473252 -0.0232108 -5.74437 -0.473811 0.879227 -0.0496258 0.622963 -0.00307796 0.0546991 0.998498 -0.347579
0.878641 0.476923 -0.0230995 -5.84405 -0.477468 0.877215 -0.0501795 0.671329 -0.00366854 0.055119 0.998473 -0.363511
0.881313 0.471954 -0.023386 -5.9393 -0.472502 0.87961 -0.0550311 0.716374 -0.00540163 0.0595495 0.998211 -0.354723
0.883546 0.468194 -0.0118783 -6.03437 -0.468068 0.881868 -0.0567454 0.75132 -0.0160928 0.055697 0.998318 -0.348491
0.885542 0.464154 -0.0193989 -6.12693 -0.464485 0.883882 -0.0548372 0.787208 -0.00830659 0.0575711 0.998307 -0.347836
0.885725 0.463899 -0.016993 -6.21009 -0.464157 0.884471 -0.0476444 0.816144 -0.00707243 0.0500872 0.99872 -0.361326
0.88342 0.468234 -0.0180578 -6.29914 -0.468501 0.881894 -0.0526256 0.855522 -0.00871602 0.0549506 0.998451 -0.375745
0.881521 0.471992 -0.0119834 -6.40283 -0.471979 0.880258 -0.0487946 0.877805 -0.0124821 0.0486694 0.998737 -0.39438
0.881878 0.471462 -0.00397089 -6.49458 -0.47127 0.881206 -0.0371664 0.914185 -0.0140234 0.0346476 0.999301 -0.407842
0.880177 0.474591 -0.00720152 -6.59986 -0.47457 0.879666 -0.0311496 0.945433 -0.00844838 0.0308348 0.999489 -0.392744
0.875922 0.481673 -0.0274019 -6.69148 -0.482377 0.875373 -0.0321582 0.979717 0.00849714 0.0413861 0.999107 -0.394219
0.874424 0.484588 -0.0236118 -6.78957 -0.485149 0.873739 -0.0348102 1.00887 0.0037619 0.0418941 0.999115 -0.399467
0.874198 0.484871 -0.0260421 -6.87669 -0.485549 0.873407 -0.0374626 1.04596 0.00458082 0.0453944 0.998959 -0.415477
0.872152 0.488526 -0.0263077 -6.97256 -0.489234 0.870947 -0.0458431 1.09051 0.00051708 0.0528528 0.998602 -0.423108
0.871676 0.489305 -0.0276059 -7.06486 -0.490082 0.870169 -0.0512375 1.13688 -0.00104894 0.0581917 0.998305 -0.427265
0.876302 0.481217 -0.0229315 -7.15989 -0.481747 0.874898 -0.0497277 1.17768 -0.00386704 0.0546236 0.9985 -0.4172
0.880874 0.472864 -0.0214644 -7.23866 -0.473328 0.879474 -0.0498592 1.22203 -0.00469927 0.0540793 0.998526 -0.418666
0.882881 0.46816 -0.0367155 -7.34054 -0.469468 0.88177 -0.0456219 1.25053 0.0110163 0.0575155 0.998284 -0.42145
0.883177 0.467892 -0.0327962 -7.43099 -0.468965 0.882127 -0.0438695 1.28188 0.00840417 0.0541248 0.998499 -0.439979
0.884299 0.466 -0.0293189 -7.53194 -0.466911 0.882946 -0.0489927 1.29784 0.00305642 0.0570135 0.998369 -0.457295
0.883904 0.467417 -0.0153141 -7.63093 -0.467618 0.88286 -0.0434951 1.32645 -0.0068101 0.0456067 0.998936 -0.453977
0.885391 0.464532 -0.0171308 -7.73697 -0.464743 0.883805 -0.0538836 1.33894 -0.00989037 0.0556694 0.9984 -0.444075
0.886639 0.462031 -0.0199895 -7.82787 -0.462462 0.88572 -0.0403601 1.36042 -0.000942471 0.0450292 0.998985 -0.444814
0.886797 0.461858 -0.0166635 -7.91444 -0.462142 0.885882 -0.0404711 1.38992 -0.00393001 0.0435905 0.999042 -0.460948
0.885391 0.464255 -0.023452 -8.00004 -0.464847 0.884279 -0.0443528 1.41855 0.000147099 0.0501712 0.998741 -0.474888
0.885294 0.464589 -0.0202742 -8.11004 -0.465025 0.884211 -0.0438586 1.45328 -0.00244957 0.0482558 0.998832 -0.48637
0.880633 0.473622 -0.0129349 -8.20071 -0.473676 0.879458 -0.0467379 1.49487 -0.0107604 0.047286 0.998823 -0.505577
0.882581 0.469187 -0.0302301 -8.29388 -0.470063 0.881878 -0.0364923 1.53745 0.00953754 0.0464174 0.998877 -0.489193
0.88162 0.470728 -0.0340788 -8.3875 -0.471696 0.881242 -0.0302536 1.56611 0.0157904 0.042747 0.998961 -0.482916
0.881281 0.470398 -0.0454962 -8.48282 -0.472155 0.880518 -0.0419318 1.59386 0.0203356 0.0584349 0.998084 -0.496804
0.883584 0.466455 -0.0412311 -8.57362 -0.467941 0.882844 -0.0402209 1.62298 0.0176394 0.0548323 0.99834 -0.496727
0.885896 0.462446 -0.0364885 -8.67191 -0.46374 0.884831 -0.0449245 1.64782 0.011511 0.0567197 0.998324 -0.507912
0.88855 0.457919 -0.0280839 -8.77021 -0.458771 0.887232 -0.0484538 1.6652 0.00272904 0.0559377 0.998431 -0.509562
0.890915 0.453439 -0.0257441 -8.86629 -0.454155 0.889907 -0.0425209 1.69319 0.0036292 0.0495744 0.998764 -0.501775
0.894063 0.447104 -0.0273822 -8.97188 -0.447835 0.893512 -0.0328627 1.71575 0.00977329 0.041644 0.999085 -0.515539
0.894526 0.445568 -0.0359578 -9.06243 -0.446587 0.894295 -0.0282184 1.75649 0.0195837 0.0413004 0.998955 -0.511211
0.896817 0.441147 -0.0332999 -9.16288 -0.442119 0.896393 -0.031785 1.7927 0.0158279 0.0432279 0.99894 -0.530442
0.900484 0.433703 -0.0321043 -9.24444 -0.434727 0.899708 -0.0392191 1.84764 0.0118751 0.0492728 0.998715 -0.541739
0.904926 0.424841 -0.0248903 -9.32909 -0.425565 0.903653 -0.0480258 1.89099 0.00208881 0.0540522 0.998536 -0.531408
0.90909 0.416469 -0.0104796 -9.417 -0.416376 0.907484 -0.0557203 1.93502 -0.0136957 0.0550182 0.998391 -0.513304
0.910614 0.412838 -0.0186419 -9.50655 -0.413137 0.908323 -0.0653249 1.97388 -0.0100357 0.0671874 0.99769 -0.525504
0.913149 0.406987 -0.0228018 -9.59184 -0.407609 0.911188 -0.0599314 2.00767 -0.00361459 0.0640205 0.997942 -0.529824
0.913252 0.406892 -0.0202296 -9.68659 -0.407334 0.911138 -0.0625058 2.05101 -0.00700115 0.0653238 0.99784 -0.54153
0.913286 0.40666 -0.0231711 -9.77682 -0.407306 0.911312 -0.0600947 2.08447 -0.00332206 0.0643214 0.997924 -0.560488
0.913134 0.407286 -0.0174513 -9.872 -0.407548 0.911045 -0.0624587 2.10813 -0.00953962 0.0641454 0.997895 -0.565273
0.914101 0.405467 -0.00405743 -9.95155 -0.40487 0.912113 -0.0642706 2.13986 -0.0223588 0.0603925 0.997924 -0.561627
0.916076 0.400702 -0.0155649 -10.0451 -0.400893 0.914219 -0.0590567 2.15943 -0.0094344 0.0603404 0.998133 -0.561221
0.916999 0.397654 -0.0313828 -10.1443 -0.398783 0.915736 -0.0489817 2.19445 0.00926064 0.0574311 0.998307 -0.575352
0.919128 0.392917 -0.0286135 -10.2301 -0.393883 0.917946 -0.0472486 2.22476 0.00770082 0.0546979 0.998473 -0.585057
0.921858 0.386216 -0.031855 -10.3246 -0.387318 0.920944 -0.0429832 2.25828 0.0127359 0.0519625 0.998568 -0.59488
0.926035 0.377028 -0.0175841 -10.4168 -0.377435 0.92483 -0.047256 2.29387 -0.00155452 0.0503976 0.998728 -0.59894
0.928999 0.370055 -0.00439644 -10.5015 -0.36993 0.928214 -0.0396378 2.33676 -0.0105873 0.0384499 0.999204 -0.589556
0.933707 0.35797 -0.0070296 -10.6023 -0.357916 0.932694 -0.0444745 2.3624 -0.00936407 0.0440422 0.998986 -0.586311
0.93772 0.347392 -0.000724384 -10.7012 -0.347196 0.937119 -0.0355466 2.39971 -0.0116698 0.0335843 0.999368 -0.586207
0.939172 0.343246 -0.0117619 -10.7794 -0.343447 0.938531 -0.0346878 2.42439 -0.000867538 0.0366174 0.999329 -0.595739
0.939131 0.34343 -0.00947116 -10.8775 -0.343546 0.938481 -0.0350711 2.44025 -0.00315598 0.0361902 0.99934 -0.609338
0.938551 0.345102 -0.00509093 -10.9705 -0.344996 0.937635 -0.0426498 2.46155 -0.0099451 0.0417854 0.999077 -0.616781
0.938076 0.346429 0.000464754 -11.065 -0.346079 0.937187 -0.043711 2.47163 -0.0155783 0.0408434 0.999044 -0.61331
0.936787 0.349726 0.0110759 -11.1638 -0.348818 0.935908 -0.0490181 2.49717 -0.0275089 0.042056 0.998736 -0.623096
0.934809 0.355146 0.00187459 -11.2519 -0.354819 0.93415 -0.0382977 2.51971 -0.0153524 0.0351359 0.999265 -0.61717
0.934365 0.35622 -0.0083655 -11.3452 -0.356289 0.93373 -0.0347217 2.53602 -0.00455745 0.0354232 0.999362 -0.623903
0.937414 0.348049 0.0107806 -11.4276 -0.347362 0.936834 -0.0410111 2.56862 -0.0243735 0.0346996 0.999101 -0.628704
0.940398 0.338921 0.0280033 -11.5007 -0.337812 0.94045 -0.037903 2.59266 -0.0391819 0.0261841 0.998889 -0.649892
0.940119 0.336442 0.0546129 -11.6024 -0.333801 0.941202 -0.0521174 2.60852 -0.0689362 0.0307667 0.997147 -0.664471
0.943138 0.327786 0.0551927 -11.6798 -0.324358 0.943848 -0.0627922 2.64964 -0.0726759 0.0413195 0.996499 -0.660446
0.947613 0.317656 0.0335291 -11.7878 -0.315241 0.946972 -0.0621798 2.67523 -0.0515029 0.0483526 0.997502 -0.649784
0.950493 0.310652 0.00763408 -11.8807 -0.309509 0.948615 -0.0658316 2.71274 -0.0276925 0.0602096 0.997802 -0.652885
0.951393 0.307878 -0.00787116 -11.9804 -0.307815 0.949742 -0.0569302 2.74105 -0.010052 0.0565859 0.998347 -0.673501
0.950252 0.309854 -0.0317973 -12.0949 -0.311194 0.948799 -0.0542148 2.7787 0.0133705 0.0614129 0.998023 -0.718409
0.947803 0.315867 -0.0435595 -12.1893 -0.3179 0.946675 -0.0524031 2.79841 0.0246843 0.0635154 0.997676 -0.734324
0.946729 0.31871 -0.0461309 -12.3114 -0.320849 0.945789 -0.0503914 2.82392 0.0275699 0.062508 0.997664 -0.728357
0.946605 0.317827 -0.0540805 -12.4137 -0.320142 0.946467 -0.041344 2.84846 0.0380452 0.0564499 0.99768 -0.724584
0.947666 0.314681 -0.053905 -12.5106 -0.316369 0.948277 -0.0261046 2.88261 0.0429022 0.0417923 0.998205 -0.719485
0.947713 0.312865 -0.0628967 -12.6138 -0.314888 0.948797 -0.0250888 2.90619 0.0518268 0.0435824 0.997705 -0.731403
0.950601 0.302976 -0.0675493 -12.7217 -0.304943 0.952144 -0.020761 2.93749 0.0580266 0.0403341 0.9975 -0.761672
0.952897 0.297487 -0.0590594 -12.8285 -0.29927 0.95387 -0.0238744 2.97565 0.0492327 0.0404245 0.997969 -0.772381
0.953362 0.296318 -0.0574052 -12.9348 -0.297929 0.954342 -0.0216921 2.99815 0.0483564 0.0377831 0.998115 -0.779065
0.95644 0.285664 -0.0601488 -13.0448 -0.287509 0.957465 -0.0244673 3.0293 0.050601 0.0406949 0.99789 -0.775176
0.959336 0.273908 -0.0681869 -13.14 -0.276353 0.96061 -0.0292882 3.05158 0.0574787 0.0469408 0.997243 -0.761843
0.961729 0.266122 -0.0652419 -13.2414 -0.268226 0.963011 -0.0257738 3.06463 0.0559697 0.042287 0.997537 -0.782454
0.963512 0.261515 -0.0570436 -13.3448 -0.263194 0.964442 -0.0241021 3.09583 0.0487121 0.0382362 0.998081 -0.802276
0.961716 0.268892 -0.0529191 -13.4339 -0.270232 0.962589 -0.0199222 3.10639 0.0455825 0.0334599 0.9984 -0.823794
0.959774 0.277993 -0.0394081 -13.5415 -0.279239 0.959734 -0.0306175 3.11213 0.0293099 0.0403901 0.998754 -0.817669
0.958887 0.279864 -0.0470213 -13.6462 -0.281137 0.959393 -0.0229391 3.13871 0.0386921 0.0352154 0.99863 -0.822543
0.959318 0.275383 -0.0622319 -13.7444 -0.276445 0.960988 -0.00897888 3.15378 0.0573315 0.0258173 0.998021 -0.819661
0.960878 0.269135 -0.0654123 -13.8519 -0.270289 0.962734 -0.00930681 3.17546 0.0604699 0.0266229 0.997815 -0.8452
0.962238 0.261319 -0.0762225 -13.966 -0.26257 0.96489 -0.00669744 3.20368 0.0717962 0.0264583 0.997068 -0.86437
0.963495 0.260698 -0.0609351 -14.0666 -0.26178 0.965072 -0.0103634 3.22244 0.056105 0.0259367 0.998088 -0.860853
0.964555 0.257063 -0.0596015 -14.1583 -0.25812 0.966054 -0.0106336 3.23721 0.0548447 0.025641 0.998166 -0.854858
0.965027 0.253651 -0.0662146 -14.2599 -0.254851 0.966926 -0.0102179 3.26967 0.0614329 0.0267354 0.997753 -0.854453
0.964337 0.252808 -0.0783713 -14.3552 -0.254864 0.966822 -0.0172925 3.28469 0.0713994 0.0366498 0.996774 -0.86083
0.964572 0.252781 -0.075513 -14.4569 -0.254713 0.966867 -0.0170014 3.30566 0.0687135 0.0356332 0.997 -0.884542
0.964331 0.25313 -0.0774037 -14.5519 -0.254849 0.966893 -0.0130395 3.32548 0.0715404 0.0323007 0.996915 -0.895102
0.963783 0.258205 -0.0667276 -14.6525 -0.259567 0.965645 -0.0124544 3.33308 0.0612193 0.0293236 0.997694 -0.904768
0.961217 0.271394 -0.0490604 -14.7536 -0.27271 0.961837 -0.0223445 3.32318 0.0411239 0.0348571 0.998546 -0.911789
0.960955 0.271861 -0.051548 -14.8496 -0.273386 0.961575 -0.0251594 3.33254 0.0427275 0.0382696 0.998354 -0.908777
0.961789 0.266832 -0.0613438 -14.9531 -0.268139 0.963278 -0.0140245 3.34995 0.0553489 0.0299373 0.998018 -0.902173
0.963375 0.26214 -0.0564857 -15.0374 -0.263124 0.964704 -0.0106039 3.35985 0.0517123 0.0250783 0.998347 -0.925516
0.964151 0.259005 -0.0577006 -15.1357 -0.260147 0.96548 -0.013131 3.3619 0.0523078 0.0276709 0.998248 -0.941651
0.967919 0.246764 -0.047323 -15.2375 -0.247466 0.96885 -0.0095012 3.37553 0.0435043 0.0209072 0.998834 -0.959683
0.970802 0.23645 -0.0404451 -15.3337 -0.237077 0.971424 -0.0114107 3.39769 0.0365913 0.0206661 0.999117 -0.948687
0.973063 0.228979 -0.0267779 -15.4308 -0.228975 0.973427 0.0032669 3.40875 0.0268143 0.00295256 0.999636 -0.949154
0.97043 0.239207 -0.0323315 -15.5318 -0.239516 0.970874 -0.00601325 3.41343 0.0299514 0.0135794 0.999459 -0.950994
0.966753 0.251651 -0.0453824 -15.6353 -0.252589 0.967438 -0.0161815 3.43705 0.0398326 0.0271066 0.998839 -0.962233
0.962126 0.266081 -0.0592766 -15.7319 -0.26696 0.96368 -0.00729141 3.46743 0.0551836 0.0228397 0.998215 -0.988084
0.957249 0.28062 -0.0701869 -15.8355 -0.281996 0.95936 -0.0103265 3.47364 0.0644367 0.0296775 0.99748 -1.01629
0.954165 0.290974 -0.0700285 -15.9341 -0.292155 0.956345 -0.00703444 3.47997 0.0649245 0.0271712 0.99752 -1.00988
0.949851 0.305497 -0.0667361 -16.0373 -0.306939 0.95165 -0.0122795 3.49386 0.0597581 0.0321476 0.997695 -1.00065
0.949214 0.307461 -0.0667874 -16.1331 -0.308982 0.950972 -0.0135221 3.50207 0.0593554 0.0334714 0.997676 -1.00165
0.946207 0.313246 -0.0810491 -16.2244 -0.31522 0.948937 -0.0124895 3.52364 0.0729981 0.0373659 0.996632 -0.982036
0.946056 0.31545 -0.073954 -16.3161 -0.316943 0.948401 -0.0090902 3.53627 0.0672706 0.032039 0.99722 -1.0026
0.946598 0.315314 -0.067297 -16.4039 -0.316527 0.94855 -0.00791959 3.57128 0.0613374 0.028798 0.997702 -1.02686
0.947404 0.316219 -0.0493012 -16.4978 -0.31665 0.948542 -0.000983564 3.6068 0.0464532 0.0165431 0.998783 -1.01678
0.9466 0.31991 -0.0400866 -16.5909 -0.320543 0.947178 -0.010325 3.62444 0.034666 0.0226231 0.999143 -1.01436
0.945999 0.321161 -0.0440649 -16.6982 -0.322073 0.946591 -0.0152836 3.66606 0.036803 0.0286504 0.998912 -1.02184
0.946813 0.317119 -0.0545963 -16.7774 -0.31809 0.948009 -0.00989138 3.68981 0.048621 0.0267318 0.99846 -1.01156
0.94649 0.317719 -0.0566626 -16.8716 -0.318703 0.947812 -0.00902985 3.71469 0.0508365 0.0266052 0.998353 -1.02732
0.945842 0.318195 -0.0643076 -16.963 -0.319289 0.94763 -0.00724874 3.74472 0.0586333 0.0273889 0.997904 -1.03812
0.946421 0.316635 -0.0634777 -17.0603 -0.317692 0.948168 -0.00704877 3.77128 0.0579556 0.0268374 0.997958 -1.05065
0.944079 0.324369 -0.0591601 -17.1686 -0.325286 0.945594 -0.00633102 3.77912 0.0538879 0.0252209 0.998228 -1.05872
0.941786 0.331812 -0.0542267 -17.261 -0.333293 0.942595 -0.0207609 3.7861 0.0442251 0.0376257 0.998313 -1.03781
0.942613 0.328692 -0.0586798 -17.3566 -0.329982 0.94389 -0.0135752 3.80863 0.0509252 0.0321595 0.998185 -1.04165
0.941841 0.329769 -0.0647105 -17.4485 -0.330884 0.943645 -0.00703262 3.82885 0.0587446 0.0280353 0.997879 -1.04881
0.943106 0.326731 -0.0616307 -17.5394 -0.327844 0.944693 -0.00862288 3.84908 0.0554047 0.0283375 0.998062 -1.06628
0.945159 0.321905 -0.0552361 -17.6234 -0.32249 0.946571 -0.00176977 3.87714 0.0517152 0.0194858 0.998472 -1.08597
0.944016 0.325913 -0.05113 -17.7106 -0.326521 0.945182 -0.00379267 3.90282 0.0470911 0.0202754 0.998685 -1.08553
0.943862 0.32746 -0.0435194 -17.8032 -0.327739 0.944768 0.000777063 3.9291 0.0413702 0.0135296 0.999052 -1.07595
0.943898 0.328328 -0.0354641 -17.895 -0.328805 0.94436 -0.00840453 3.94711 0.0307314 0.0195938 0.999336 -1.05294
0.942039 0.333188 -0.0393449 -17.9917 -0.333942 0.942486 -0.0142698 3.97797 0.0323274 0.0265816 0.999124 -1.06381
0.941482 0.334815 -0.0388669 -18.0863 -0.335583 0.94189 -0.0150883 4.00787 0.0315565 0.0272485 0.99913 -1.06549
0.93924 0.34107 -0.0387149 -18.1619 -0.341764 0.939699 -0.0127944 4.03814 0.0320166 0.0252483 0.999168 -1.08865
0.935373 0.351601 -0.0381317 -18.2664 -0.352342 0.935757 -0.0146286 4.05467 0.0305386 0.0271186 0.999166 -1.10778
0.930369 0.364697 -0.0375484 -18.366 -0.365486 0.930668 -0.0166413 4.07667 0.028876 0.029206 0.999156 -1.11067
0.925851 0.375719 -0.040431 -18.4601 -0.376856 0.925925 -0.0253438 4.09142 0.027914 0.0387012 0.998861 -1.11144
0.923604 0.380984 -0.0424995 -18.5526 -0.381886 0.924083 -0.015301 4.12724 0.0334436 0.030362 0.998979 -1.12376
0.919874 0.388896 -0.0509097 -18.6416 -0.389942 0.92076 -0.0121361 4.15087 0.0421559 0.0310155 0.99863 -1.11553
0.917781 0.393741 -0.0514321 -18.7362 -0.395039 0.918494 -0.017702 4.1766 0.04027 0.0365642 0.99852 -1.13343
0.918314 0.392238 -0.0533704 -18.8243 -0.393481 0.919214 -0.014792 4.2021 0.0432568 0.034584 0.998465 -1.14032
0.917704 0.394532 -0.0465257 -18.9125 -0.395841 0.91803 -0.0230467 4.23202 0.0336193 0.0395668 0.998651 -1.13919
0.919251 0.391865 -0.0376767 -19.0032 -0.392779 0.919398 -0.020778 4.27202 0.0264977 0.0338988 0.999074 -1.13309
0.92138 0.387002 -0.0358939 -19.0914 -0.387929 0.921383 -0.0237619 4.29541 0.0238761 0.035818 0.999073 -1.14247
0.920776 0.387077 -0.048403 -19.1709 -0.388532 0.921093 -0.0251347 4.3307 0.0348546 0.0419495 0.998512 -1.13383
0.921272 0.384641 -0.057523 -19.2644 -0.386293 0.922146 -0.0206192 4.35605 0.0451136 0.0412166 0.998131 -1.1506
0.922519 0.381381 -0.0592207 -19.36 -0.383132 0.923448 -0.0212993 4.38863 0.046564 0.0423384 0.998018 -1.16377
0.923808 0.379106 -0.0534504 -19.4556 -0.380861 0.924228 -0.0273423 4.41081 0.0390347 0.0456162 0.998196 -1.178
0.922104 0.384346 -0.0447462 -19.5562 -0.385633 0.922323 -0.024633 4.42761 0.0318029 0.0399698 0.998695 -1.16478
0.923003 0.383524 -0.0312355 -19.6472 -0.38447 0.922512 -0.0339744 4.43746 0.0157851 0.0433675 0.998934 -1.16356
0.922104 0.384996 -0.0387653 -19.7366 -0.385909 0.922331 -0.0194783 4.46584 0.0282553 0.0329209 0.999058 -1.16717
0.919015 0.391929 -0.0424683 -19.8319 -0.392849 0.919469 -0.015715 4.48909 0.0328892 0.0311259 0.998974 -1.17529
0.917161 0.395295 -0.050568 -19.9221 -0.396552 0.917847 -0.0174203 4.51388 0.0395275 0.03603 0.998569 -1.18934
0.918225 0.393061 -0.048645 -20.0019 -0.393891 0.919119 -0.00844416 4.544 0.0413914 0.0269144 0.99878 -1.19766
0.920544 0.388805 -0.0378014 -20.0997 -0.389481 0.920953 -0.0122374 4.57467 0.0300554 0.025988 0.99921 -1.19525
0.922799 0.384469 -0.0249945 -20.1947 -0.384658 0.923054 -0.00308043 4.61246 0.0218869 0.0124569 0.999683 -1.20162
0.924037 0.381957 -0.01626 -20.2808 -0.382107 0.924089 -0.00729381 4.64194 0.0122398 0.0129528 0.999841 -1.20455
0.921486 0.387022 -0.0328201 -20.3768 -0.387536 0.921791 -0.0108165 4.66447 0.026067 0.0226862 0.999403 -1.20078
0.920901 0.388229 -0.034916 -20.466 -0.388788 0.921265 -0.0106907 4.70136 0.0280165 0.0234199 0.999333 -1.20823
0.91988 0.390914 -0.0317247 -20.5544 -0.391331 0.920215 -0.00798239 4.73107 0.0260731 0.0197577 0.999465 -1.23983
0.917745 0.395448 -0.036943 -20.6542 -0.395952 0.918243 -0.00718398 4.75285 0.0310818 0.0212207 0.999292 -1.24397
0.914724 0.403005 -0.0294444 -20.7506 -0.403472 0.914914 -0.0119144 4.78449 0.0221375 0.0227784 0.999495 -1.23905
0.913972 0.405413 -0.0171882 -20.8397 -0.405681 0.913858 -0.0169408 4.80995 0.00883958 0.0224564 0.999709 -1.23951
0.913164 0.406924 -0.0233411 -20.937 -0.407204 0.913297 -0.00862288 4.83896 0.0178085 0.0173787 0.99969 -1.24333
0.913415 0.405834 -0.0311575 -21.0211 -0.406184 0.913774 -0.00558384 4.8668 0.0262048 0.0177561 0.999499 -1.25812
0.917041 0.397161 -0.0360307 -21.1175 -0.397586 0.91755 -0.00521311 4.90916 0.0309895 0.0191059 0.999337 -1.26638
0.919917 0.3901 -0.0396914 -21.2028 -0.390452 0.920622 -0.00123211 4.95086 0.0360602 0.016631 0.999211 -1.27728
0.922231 0.384951 -0.036101 -21.2925 -0.385498 0.922661 -0.00940657 4.98617 0.0296879 0.0225919 0.999304 -1.26477
0.92497 0.378432 -0.0349143 -21.3823 -0.379114 0.925223 -0.0153099 5.0235 0.0265098 0.0273977 0.999273 -1.26986
0.928759 0.369344 -0.0315014 -21.4724 -0.370002 0.92885 -0.0183409 5.05679 0.022486 0.0286899 0.999335 -1.26208
0.930464 0.364379 -0.0382664 -21.5588 -0.36527 0.930699 -0.0194267 5.09574 0.0285358 0.0320535 0.999079 -1.27426
0.930869 0.363182 -0.0397698 -21.6436 -0.364116 0.931154 -0.0192631 5.12775 0.0300358 0.0324122 0.999023 -1.28091
0.92986 0.365462 -0.042406 -21.7325 -0.36661 0.930085 -0.0232278 5.15093 0.0309523 0.0371451 0.99883 -1.29871
0.930671 0.363997 -0.0368396 -21.8282 -0.365094 0.930509 -0.0293076 5.18365 0.0236117 0.0407257 0.998891 -1.29931
0.927711 0.372321 -0.027011 -21.9233 -0.373076 0.927228 -0.0325953 5.20032 0.0129094 0.0403162 0.999104 -1.306
0.927987 0.370382 -0.0407044 -22.0208 -0.371614 0.927953 -0.0284025 5.2244 0.027252 0.0414835 0.998767 -1.29903
0.928685 0.367593 -0.049192 -22.116 -0.368825 0.929313 -0.0185795 5.25283 0.038885 0.0353978 0.998617 -1.30587
0.929342 0.366667 -0.043334 -22.2026 -0.367752 0.929705 -0.0201991 5.278 0.0328814 0.034708 0.998856 -1.3204
0.931497 0.361413 -0.0411483 -22.2891 -0.362372 0.931848 -0.0186235 5.30057 0.0316132 0.0322587 0.998979 -1.32875
0.934911 0.352519 -0.040881 -22.3846 -0.353164 0.935512 -0.00957763 5.336 0.0348684 0.0233919 0.999118 -1.34755
0.937155 0.347499 -0.0313798 -22.4769 -0.348015 0.937403 -0.0126666 5.37038 0.0250139 0.0227912 0.999427 -1.34672
0.942843 0.331655 -0.0324497 -22.5661 -0.332007 0.943258 -0.00601149 5.39425 0.0286147 0.0164414 0.999455 -1.33949
0.945642 0.323543 -0.0328719 -22.6698 -0.323914 0.946064 -0.00652862 5.42632 0.0289866 0.0168214 0.999438 -1.33735
0.946021 0.321304 -0.0425114 -22.754 -0.322005 0.946678 -0.0106363 5.44693 0.0368271 0.023751 0.999039 -1.35166
0.944456 0.323952 -0.0552938 -22.859 -0.324871 0.945722 -0.00828575 5.46489 0.0496084 0.0257889 0.998436 -1.36277
0.943841 0.325361 -0.0574786 -22.9474 -0.326756 0.944964 -0.0165516 5.47605 0.0489299 0.0344036 0.99821 -1.38269
0.942538 0.329833 -0.0532306 -23.0381 -0.330844 0.943619 -0.0112116 5.48646 0.0465314 0.0281784 0.998519 -1.37629
0.942836 0.332165 -0.0269659 -23.1337 -0.332875 0.942541 -0.0284555 5.50072 0.0159646 0.0358051 0.999231 -1.37506
0.943889 0.329606 -0.0208047 -23.2175 -0.329994 0.943787 -0.0192138 5.50741 0.0133023 0.0250011 0.999599 -1.37629
0.941641 0.33402 -0.0417513 -23.3107 -0.334785 0.942209 -0.0127179 5.5327 0.0350904 0.0259534 0.999047 -1.37312
0.942732 0.330532 -0.0447865 -23.3997 -0.331281 0.943476 -0.010274 5.5601 0.0388591 0.0245226 0.998944 -1.39969
0.944227 0.32468 -0.0549327 -23.4988 -0.325623 0.945457 -0.00893817 5.59099 0.0490345 0.026327 0.99845 -1.40832
0.946674 0.318271 -0.0501211 -23.5884 -0.318952 0.947752 -0.00602285 5.61945 0.0455855 0.0216879 0.998725 -1.41943
0.949647 0.311017 -0.0379431 -23.6796 -0.31131 0.950306 -0.00192617 5.66089 0.0354585 0.0136412 0.999278 -1.40486
0.950245 0.309585 -0.0345188 -23.7728 -0.309952 0.950735 -0.00570388 5.67734 0.0310524 0.0161193 0.999388 -1.40056
0.948802 0.313018 -0.0423712 -23.862 -0.313652 0.949495 -0.00907583 5.72957 0.0373903 0.021901 0.999061 -1.42255
0.946898 0.315893 -0.0599668 -23.9467 -0.317301 0.9482 -0.0153753 5.74815 0.0520036 0.0335863 0.998082 -1.43012
0.946061 0.317673 -0.0636592 -24.0539 -0.319426 0.947415 -0.0193012 5.77229 0.0541802 0.0385946 0.997785 -1.44611
0.946589 0.315931 -0.0644758 -24.1426 -0.317738 0.947973 -0.019746 5.7961 0.054883 0.0391778 0.997724 -1.46354
0.945897 0.318058 -0.0641756 -24.2328 -0.319931 0.947206 -0.0211197 5.81684 0.0540702 0.0405088 0.997715 -1.47188
0.942761 0.330019 -0.0478491 -24.33 -0.3318 0.942675 -0.0356794 5.82424 0.0333313 0.0495135 0.998217 -1.45624
0.941842 0.334126 -0.035981 -24.4189 -0.335265 0.941567 -0.0323847 5.84972 0.023058 0.0425645 0.998828 -1.4511
0.939167 0.339956 -0.0489478 -24.5099 -0.341279 0.939714 -0.0215818 5.86995 0.0386601 0.0369737 0.998568 -1.46336
0.937103 0.344695 -0.054989 -24.6127 -0.346366 0.937787 -0.024188 5.89389 0.0432305 0.041713 0.998194 -1.47951
0.935141 0.348861 -0.0616963 -24.704 -0.350652 0.936277 -0.0207171 5.92844 0.0505374 0.0410073 0.99788 -1.49489
0.93336 0.353911 -0.0598927 -24.8035 -0.355704 0.934335 -0.0221828 5.94434 0.0481091 0.0420086 0.997958 -1.49673
0.935203 0.350196 -0.0525204 -24.8995 -0.351116 0.936287 -0.00913979 5.98132 0.0459734 0.0269883 0.998578 -1.4948
0.935021 0.349825 -0.0579464 -24.9901 -0.351049 0.936278 -0.0121659 6.00515 0.049998 0.0317174 0.998246 -1.48862
0.931496 0.358147 -0.0636062 -25.0902 -0.359882 0.932825 -0.017931 6.02606 0.0529116 0.0395934 0.997814 -1.49714
0.929253 0.36381 -0.0642788 -25.1698 -0.365456 0.930698 -0.0156146 6.05647 0.0541434 0.038001 0.99781 -1.50926
0.924923 0.375439 -0.0596952 -25.2647 -0.376804 0.9262 -0.0131224 6.07993 0.0503631 0.0346306 0.99813 -1.52385
0.918216 0.391398 -0.0607232 -25.3577 -0.393284 0.91914 -0.0225725 6.09701 0.0469783 0.0446079 0.997899 -1.54169
0.910644 0.409284 -0.056692 -25.4615 -0.411057 0.9113 -0.0237533 6.10865 0.0419416 0.0449345 0.998109 -1.54004
0.907043 0.419161 -0.0397283 -25.5484 -0.420361 0.906893 -0.0289926 6.12131 0.0238768 0.0429978 0.99879 -1.53085
0.903046 0.42708 -0.0459285 -25.6522 -0.428355 0.903333 -0.022402 6.16089 0.0319213 0.0399037 0.998694 -1.52965
0.900631 0.430734 -0.057716 -25.7453 -0.43239 0.901475 -0.0195385 6.18429 0.0436137 0.0425528 0.998142 -1.5352
0.903968 0.423594 -0.0583913 -25.8321 -0.42532 0.904808 -0.0206165 6.21235 0.0441 0.0434716 0.998081 -1.55115
0.909226 0.412526 -0.0559594 -25.9268 -0.413933 0.910168 -0.0159275 6.25074 0.0443619 0.0376452 0.998306 -1.55765
0.911656 0.407865 -0.0502837 -26.0132 -0.409058 0.912371 -0.0158316 6.28159 0.0394202 0.035002 0.998609 -1.55766
0.91504 0.400875 -0.044734 -26.1061 -0.401892 0.915541 -0.0163217 6.33048 0.0344128 0.0329133 0.998866 -1.55116
0.915304 0.400385 -0.0437078 -26.2039 -0.40156 0.915563 -0.0222271 6.35901 0.0311179 0.0378959 0.998797 -1.54915
0.914567 0.399096 -0.0654912 -26.2937 -0.401279 0.915643 -0.0239323 6.39649 0.0504153 0.048168 0.997566 -1.55171
0.915376 0.397473 -0.0640369 -26.3875 -0.399582 0.916387 -0.0238634 6.4424 0.0491975 0.047432 0.997662 -1.56816
0.913834 0.400445 -0.0674596 -26.4773 -0.402674 0.915056 -0.022937 6.47392 0.0525443 0.0481248 0.997458 -1.59227
0.91262 0.402264 -0.0728666 -26.5648 -0.404508 0.914345 -0.0185859 6.50207 0.0591488 0.046437 0.997169 -1.59548
0.90863 0.413057 -0.0614513 -26.6645 -0.415393 0.9091 -0.0313856 6.52833 0.0429013 0.0540443 0.997617 -1.59123
0.907992 0.415442 -0.0543934 -26.7575 -0.417521 0.908009 -0.0345809 6.56019 0.0350233 0.0541096 0.997921 -1.59408
0.907394 0.415061 -0.0660298 -26.8507 -0.417224 0.908522 -0.0226372 6.58809 0.0505937 0.0480901 0.997561 -1.59353
0.909118 0.411241 -0.0662187 -26.9346 -0.413194 0.910455 -0.0184987 6.62749 0.0526817 0.0441787 0.997634 -1.60158
0.912916 0.401204 -0.0749616 -27.0153 -0.403408 0.914874 -0.0163664 6.65951 0.0620141 0.0451813 0.997052 -1.60691
0.915625 0.397406 -0.0608178 -27.1028 -0.398381 0.91721 -0.00433744 6.69773 0.054059 0.0282002 0.998139 -1.62402
0.915384 0.39838 -0.0580199 -27.1966 -0.399895 0.916405 -0.0168974 6.73039 0.0464382 0.0386695 0.998172 -1.6205
0.915039 0.398919 -0.0597277 -27.2856 -0.400905 0.915762 -0.0255995 6.76447 0.0444842 0.0473697 0.997886 -1.60933
0.916981 0.395456 -0.0525414 -27.371 -0.397279 0.917202 -0.0301689 6.7887 0.0362606 0.0485379 0.998163 -1.60779
0.917772 0.392085 -0.0629589 -27.4565 -0.394315 0.918561 -0.0275929 6.81979 0.0470128 0.0501496 0.997635 -1.61261
0.919153 0.388282 -0.0662977 -27.5313 -0.390211 0.920537 -0.01864 6.86247 0.0537919 0.0430031 0.997626 -1.63274
0.92032 0.38569 -0.0652196 -27.6229 -0.387494 0.921711 -0.0172345 6.8959 0.0534664 0.0411335 0.997722 -1.64633
0.922907 0.38153 -0.0517468 -27.7008 -0.382716 0.923744 -0.0149783 6.91231 0.0420861 0.0336279 0.998548 -1.65539
0.920971 0.388372 -0.0313055 -27.79 -0.388958 0.921129 -0.0152872 6.93504 0.0228993 0.0262556 0.999393 -1.65866
0.918309 0.393132 -0.0464261 -27.8854 -0.394162 0.918915 -0.0152392 6.95182 0.0366706 0.0322937 0.998805 -1.6516
0.920336 0.387562 -0.0527064 -27.9739 -0.388692 0.921279 -0.0127877 6.97764 0.0436013 0.0322555 0.998528 -1.65312
0.922454 0.379692 -0.0700942 -28.0553 -0.38098 0.924567 -0.0055058 7.00132 0.0627162 0.0317834 0.997525 -1.65405
0.928102 0.364974 -0.0736222 -28.141 -0.366313 0.930478 -0.00509703 7.0272 0.0666435 0.0316993 0.997273 -1.67037
0.93228 0.355149 -0.068721 -28.2316 -0.355758 0.934571 0.00357518 7.06988 0.0654944 0.021115 0.99763 -1.68129
0.936194 0.343798 -0.0731027 -28.3164 -0.344956 0.938612 -0.00345512 7.08829 0.0674273 0.0284519 0.997318 -1.68838
0.944917 0.320782 -0.065039 -28.3963 -0.321915 0.946739 -0.0074719 7.12355 0.0591781 0.0279973 0.997855 -1.67876
0.953042 0.298542 -0.0508226 -28.4821 -0.299592 0.95396 -0.0143029 7.13716 0.0442127 0.0288573 0.998605 -1.66618
0.96033 0.275685 -0.0419892 -28.5609 -0.276599 0.960823 -0.0176592 7.1527 0.0354758 0.0285728 0.998962 -1.67178
0.966605 0.249978 -0.0564453 -28.6604 -0.251185 0.967818 -0.0152909 7.18277 0.0508064 0.0289585 0.998289 -1.67464
0.971224 0.229323 -0.0643109 -28.7506 -0.230182 0.973128 -0.00618049 7.20159 0.0611654 0.0208058 0.997911 -1.6992
0.972952 0.220779 -0.0679717 -28.8463 -0.221952 0.975005 -0.0101166 7.22281 0.0640393 0.0249294 0.997636 -1.71494
0.973353 0.214939 -0.0799071 -28.9429 -0.216052 0.976367 -0.00544509 7.24819 0.0768483 0.0225641 0.996787 -1.72569
0.972367 0.218779 -0.081472 -29.0391 -0.219988 0.975484 -0.00606832 7.25544 0.078147 0.0238235 0.996657 -1.72544
0.971904 0.221184 -0.0804974 -29.1347 -0.222599 0.974869 -0.00894107 7.26782 0.0764969 0.0266085 0.996715 -1.71983
0.97014 0.224293 -0.0923045 -29.2289 -0.225665 0.974194 -0.00456156 7.29229 0.0888994 0.0252552 0.99572 -1.71034
0.971072 0.224161 -0.0822873 -29.3228 -0.22509 0.974336 -0.00206876 7.30589 0.0797117 0.020531 0.996607 -1.72864
0.971091 0.221544 -0.0888836 -29.4184 -0.222436 0.974947 -0.000130665 7.3302 0.0866279 0.0198978 0.996042 -1.74028
0.973839 0.212766 -0.0797965 -29.5149 -0.213241 0.976996 0.00263074 7.3581 0.0785207 0.0144539 0.996808 -1.75672
0.974958 0.209278 -0.0752282 -29.6024 -0.209224 0.977829 0.00868917 7.38754 0.0753787 0.00726796 0.997128 -1.74685
0.976671 0.201754 -0.0735471 -29.7047 -0.20228 0.979328 0.000299426 7.41008 0.0720871 0.0145847 0.997292 -1.73884
0.978332 0.191749 -0.0780997 -29.7988 -0.192109 0.981369 0.00294382 7.43044 0.0772091 0.0121236 0.996941 -1.74704
0.977525 0.189482 -0.0924196 -29.891 -0.190621 0.981657 -0.0035775 7.4466 0.0900465 0.0211143 0.995714 -1.75414
0.976036 0.193235 -0.100064 -29.9917 -0.194904 0.980797 -0.00708012 7.45871 0.0967747 0.0264134 0.994956 -1.76913
0.976682 0.191523 -0.0970088 -30.085 -0.193636 0.98099 -0.0127726 7.46633 0.0927184 0.0312591 0.995202 -1.79316
0.977153 0.188799 -0.0976033 -30.1898 -0.190047 0.981769 -0.00356483 7.47207 0.0951508 0.0220326 0.995219 -1.80106
0.97788 0.19123 -0.0847465 -30.2806 -0.192748 0.981197 -0.010037 7.46675 0.0812336 0.0261497 0.996352 -1.78425
0.97831 0.194907 -0.0701515 -30.3689 -0.195849 0.980611 -0.00675075 7.47492 0.0674756 0.0203434 0.997514 -1.78387
0.979019 0.191961 -0.0683604 -30.4584 -0.192332 0.981329 0.00117216 7.47995 0.0673091 0.0120003 0.99766 -1.78352
0.981194 0.183853 -0.058792 -30.5486 -0.184114 0.982904 0.000990254 7.48105 0.057969 0.00985283 0.99827 -1.7945
0.983143 0.17414 -0.0557195 -30.647 -0.174565 0.984642 -0.00282394 7.4917 0.054372 0.012503 0.998442 -1.81183
0.986153 0.158705 -0.0481106 -30.7373 -0.159323 0.987183 -0.00925626 7.50789 0.046025 0.0167932 0.998799 -1.81744
0.987767 0.152615 -0.0320172 -30.8366 -0.152569 0.988285 0.00389433 7.52866 0.0322364 0.00103812 0.99948 -1.81695
0.987779 0.152056 -0.0342305 -30.9355 -0.152581 0.988202 -0.0132806 7.53361 0.0318072 0.0183412 0.999326 -1.80902
0.98793 0.15014 -0.0381072 -31.0291 -0.150909 0.988381 -0.0181442 7.53839 0.0349403 0.0236759 0.999109 -1.80543
0.986792 0.153062 -0.0530498 -31.1219 -0.154175 0.987888 -0.0175427 7.55044 0.0497222 0.0254899 0.998438 -1.82484
0.983928 0.16593 -0.0659745 -31.217 -0.167523 0.985678 -0.019363 7.56319 0.0618167 0.030104 0.997633 -1.83589
0.983579 0.171475 -0.0562902 -31.3097 -0.172837 0.984742 -0.0202655 7.56485 0.0519563 0.0296618 0.998209 -1.8602
0.982055 0.179479 -0.0579228 -31.4024 -0.18068 0.983409 -0.0161604 7.57825 0.0540613 0.0263359 0.99819 -1.85377
0.980743 0.190876 -0.0413501 -31.4883 -0.191638 0.981347 -0.0152745 7.5728 0.0376632 0.0229046 0.999028 -1.85454
0.978661 0.19845 -0.0532986 -31.5884 -0.199178 0.979925 -0.00865459 7.58682 0.0505111 0.0190858 0.998541 -1.85221
0.974606 0.210941 -0.075148 -31.6823 -0.211912 0.977275 -0.00510301 7.60133 0.0723639 0.0208982 0.997159 -1.86215
0.972558 0.218879 -0.0788831 -31.7685 -0.219882 0.975518 -0.00415681 7.62268 0.076042 0.0213877 0.996875 -1.8767
0.971975 0.219332 -0.0846081 -31.8532 -0.220151 0.975466 -0.000355704 7.64288 0.0824543 0.0189723 0.996414 -1.88429
0.972812 0.215877 -0.0838651 -31.9422 -0.21717 0.976112 -0.00649563 7.66771 0.0804595 0.024532 0.996456 -1.89381
0.97538 0.210415 -0.0660264 -32.031 -0.211358 0.97738 -0.00755381 7.68728 0.0629435 0.021323 0.997789 -1.89253
0.976719 0.204044 -0.0662221 -32.1151 -0.20533 0.978604 -0.0131694 7.71 0.0621181 0.0264602 0.997718 -1.87701
0.978475 0.197027 -0.0613698 -32.206 -0.198538 0.979899 -0.0195127 7.71952 0.0562917 0.0312769 0.997924 -1.89389
0.979306 0.189283 -0.0716354 -32.2923 -0.191068 0.981395 -0.0188866 7.74424 0.0667277 0.032183 0.997252 -1.89598
0.978984 0.188708 -0.0773251 -32.3849 -0.190593 0.981509 -0.0177001 7.75381 0.0725551 0.0320658 0.996849 -1.91096
0.977854 0.192025 -0.0832316 -32.4713 -0.194251 0.980759 -0.0194509 7.76351 0.0778951 0.035188 0.99634 -1.92832
0.977091 0.19713 -0.0802015 -32.5644 -0.1991 0.979827 -0.017274 7.76576 0.0751784 0.0328464 0.996629 -1.93432
