1 0 0 0 0 1 0 0 -0 0 1 0
0.999923 -0.00947806 -0.00798826 -0.0646986 0.00945948 0.999952 -0.00236077 -0.0164985 0.00801025 0.00228502 0.999965 0.00669733
0.999926 -0.00848129 -0.00874819 -0.195359 0.00858976 0.999886 0.0124361 -0.0234257 0.00864172 -0.0125103 0.999884 -0.0288279
0.999949 0.0014823 -0.00997725 -0.282554 -0.00131021 0.999851 0.0172325 -0.0271071 0.0100013 -0.0172186 0.999802 -0.0550007
0.999817 0.0126024 -0.0143719 -0.3891 -0.0126485 0.999915 -0.00312019 -0.0663975 0.0143314 0.0033014 0.999892 -0.0840462
0.999359 0.0354083 -0.00525876 -0.477741 -0.0353375 0.999291 0.0130052 -0.0971973 0.00571552 -0.012811 0.999902 -0.0866193
0.998966 0.0447464 -0.00800331 -0.54831 -0.0446886 0.998975 0.00725339 -0.113063 0.00831967 -0.00688824 0.999942 -0.0991032
0.998644 0.0448042 -0.0264949 -0.652422 -0.0445261 0.998948 0.0109927 -0.112425 0.0269596 -0.00979808 0.999589 -0.100815
0.998492 0.0454323 -0.0308242 -0.741179 -0.0449657 0.998866 0.0156666 -0.129738 0.031501 -0.0142569 0.999402 -0.11811
0.998615 0.0386826 -0.0356668 -0.827375 -0.0382801 0.999196 0.0119016 -0.146119 0.0360986 -0.0105198 0.999293 -0.143227
0.998551 0.0412165 -0.0346014 -0.920996 -0.0406326 0.999022 0.017411 -0.152899 0.0352852 -0.0159798 0.99925 -0.175964
0.997911 0.0493877 -0.0416437 -1.00698 -0.0484694 0.998565 0.0227792 -0.156346 0.0427089 -0.0207132 0.998873 -0.184792
0.998596 0.0432258 -0.0306327 -1.09927 -0.0426158 0.998885 0.0202926 -0.16502 0.0314757 -0.0189587 0.999325 -0.18712
0.99928 0.0346982 -0.0153662 -1.19505 -0.0345267 0.99934 0.0112935 -0.181021 0.0157479 -0.0107548 0.999818 -0.20317
0.999123 0.0301926 -0.0290141 -1.27589 -0.0297148 0.999418 0.0167586 -0.183365 0.0295032 -0.0158818 0.999439 -0.209164
0.998945 0.0362717 -0.0281633 -1.36431 -0.0354851 0.998979 0.0279475 -0.203633 0.0291482 -0.0269186 0.999213 -0.23684
0.998352 0.0521805 -0.0238851 -1.44792 -0.0516552 0.99842 0.0221062 -0.220532 0.0250009 -0.0208359 0.99947 -0.268926
0.997691 0.0584887 -0.0345248 -1.54848 -0.0581528 0.998251 0.0106558 -0.237464 0.0350876 -0.00862353 0.999347 -0.282915
0.996889 0.0703235 -0.0355991 -1.64753 -0.0695991 0.99735 0.0211976 -0.249362 0.0369954 -0.018654 0.999141 -0.290716
0.995961 0.0851952 -0.0283617 -1.71955 -0.0842614 0.995909 0.0326372 -0.264977 0.0310262 -0.0301156 0.999065 -0.294252
0.994444 0.0958739 -0.0434696 -1.8211 -0.0943395 0.994886 0.0360773 -0.270731 0.0467062 -0.0317759 0.998403 -0.307841
0.99423 0.100288 -0.0380687 -1.90149 -0.0990556 0.994535 0.0329792 -0.27819 0.0411681 -0.029018 0.998731 -0.326433
0.994081 0.102199 -0.0368666 -1.9925 -0.101019 0.994351 0.0325736 -0.288283 0.0399873 -0.0286565 0.998789 -0.351782
0.994475 0.0999499 -0.0320791 -2.09422 -0.0991284 0.994728 0.0262537 -0.290228 0.0345341 -0.0229287 0.99914 -0.374799
0.994746 0.0975957 -0.0309109 -2.18057 -0.0970112 0.995085 0.0198778 -0.306678 0.032699 -0.0167747 0.999324 -0.386609
0.995085 0.0934128 -0.0328726 -2.26632 -0.0926618 0.995416 0.0236733 -0.29201 0.0349333 -0.0205109 0.999179 -0.390256
0.994901 0.0935729 -0.0376434 -2.36024 -0.0930533 0.995543 0.0153297 -0.288149 0.0389101 -0.0117487 0.999174 -0.394988
0.994652 0.0930534 -0.0448119 -2.45123 -0.0925267 0.995616 0.0136912 -0.289695 0.0458894 -0.00947167 0.998902 -0.413415
0.994046 0.0996123 -0.0441499 -2.52445 -0.0991628 0.994996 0.0122643 -0.299552 0.0451506 -0.00781327 0.99895 -0.438401
0.993607 0.108341 -0.0317244 -2.62645 -0.108243 0.994113 0.00478985 -0.293349 0.0320565 -0.00132527 0.999485 -0.472139
0.991713 0.125112 -0.0291802 -2.7043 -0.125073 0.992142 0.00316769 -0.307445 0.0293472 0.000508208 0.999569 -0.486727
0.989518 0.142348 -0.0243277 -2.80797 -0.142196 0.989807 0.00784982 -0.304202 0.0251971 -0.00430823 0.999673 -0.488693
0.987202 0.156053 -0.0328512 -2.90981 -0.155981 0.987749 0.00476703 -0.313891 0.0331926 0.000418146 0.999449 -0.496123
0.985601 0.163619 -0.0426477 -2.99918 -0.163141 0.986497 0.0144738 -0.301974 0.04444 -0.00730778 0.998985 -0.51939
0.986186 0.161078 -0.0386034 -3.09232 -0.160672 0.986917 0.0134312 -0.298117 0.0402618 -0.00704316 0.999164 -0.544215
0.987542 0.152264 -0.0396956 -3.17811 -0.151521 0.988229 0.021097 -0.309101 0.0424406 -0.0148195 0.998989 -0.5698
0.988399 0.14827 -0.032902 -3.28025 -0.147296 0.988629 0.0302912 -0.295134 0.0370192 -0.0250935 0.998999 -0.592733
0.988057 0.150467 -0.0331993 -3.37477 -0.149364 0.988214 0.0335304 -0.292402 0.0378532 -0.0281712 0.998886 -0.592869
0.991604 0.12807 -0.0178895 -3.45911 -0.127455 0.991324 0.0321169 -0.274196 0.0218475 -0.0295671 0.999324 -0.590069
0.992045 0.125193 -0.0131829 -3.53803 -0.124724 0.99168 0.0318515 -0.28375 0.0170608 -0.0299539 0.999406 -0.594685
0.991832 0.117173 -0.0503964 -3.63637 -0.115726 0.992806 0.0307354 -0.274144 0.0536352 -0.0246522 0.998256 -0.612678
0.990358 0.132791 -0.0394618 -3.72081 -0.130396 0.989759 0.0580861 -0.278331 0.0467709 -0.0523804 0.997531 -0.63799
0.9882 0.150894 -0.026297 -3.79888 -0.14908 0.986943 0.0609752 -0.291997 0.0351544 -0.0563353 0.997793 -0.655929
0.987226 0.154198 -0.0401026 -3.88659 -0.150443 0.98504 0.0840414 -0.314793 0.0524617 -0.0769347 0.995655 -0.669222
0.98584 0.163671 -0.036492 -3.97076 -0.160704 0.984286 0.0731816 -0.323899 0.0478962 -0.0662809 0.996651 -0.668294
0.983102 0.180849 -0.0283488 -4.05147 -0.179072 0.982235 0.0561033 -0.333423 0.0379914 -0.0500788 0.998022 -0.679848
0.982915 0.182565 -0.0234342 -4.12067 -0.181288 0.982243 0.0483145 -0.34935 0.0318385 -0.0432407 0.998557 -0.686488
0.982449 0.186461 -0.00502658 -4.19798 -0.186 0.981336 0.0488118 -0.371363 0.0140343 -0.0470202 0.998795 -0.699678
0.980202 0.196395 0.0251802 -4.28874 -0.197072 0.979989 0.0280039 -0.351228 -0.0191765 -0.0324117 0.999291 -0.72371
0.977139 0.208892 0.03955 -4.37719 -0.210027 0.97732 0.0270856 -0.365868 -0.032995 -0.0347729 0.99885 -0.735157
0.984435 0.174989 0.01632 -4.45822 -0.175558 0.98344 0.0450095 -0.366644 -0.00817354 -0.0471741 0.998853 -0.748098
0.988492 0.151119 0.00675063 -4.5617 -0.151267 0.987775 0.0376718 -0.357819 -0.000975163 -0.0382594 0.999267 -0.750467
0.986582 0.162903 0.010853 -4.6433 -0.163124 0.986309 0.0242001 -0.373013 -0.00676211 -0.0256458 0.999648 -0.766122
0.988432 0.151665 -0.000279647 -4.74442 -0.151652 0.98837 0.0112628 -0.379356 0.00198456 -0.0110901 0.999937 -0.792521
0.987993 0.154051 -0.0117557 -4.81451 -0.154023 0.988062 0.00329025 -0.387091 0.0121223 -0.00144009 0.999925 -0.821603
0.986264 0.164371 -0.0163133 -4.90803 -0.164449 0.986379 -0.00359134 -0.422168 0.0155008 0.00622472 0.99986 -0.848792
0.986054 0.164497 -0.0252456 -5.00625 -0.163912 0.986189 0.0237353 -0.420041 0.0288014 -0.0192663 0.999399 -0.857801
0.985412 0.168607 -0.0231142 -5.10228 -0.168101 0.985517 0.0223163 -0.432821 0.0265421 -0.0181052 0.999484 -0.864604
0.984969 0.170342 -0.028643 -5.18237 -0.169429 0.98503 0.0317805 -0.440938 0.0336277 -0.0264499 0.999084 -0.869447
0.986814 0.155606 -0.0445454 -5.25472 -0.155132 0.987795 0.0139438 -0.457178 0.0461715 -0.00684957 0.99891 -0.879506
0.987521 0.15141 -0.0433355 -5.33787 -0.151522 0.988454 0.000712062 -0.455157 0.042943 0.00586311 0.99906 -0.902278
0.991072 0.128915 -0.034029 -5.4415 -0.128785 0.991654 0.00598417 -0.468267 0.0345165 -0.0015483 0.999403 -0.928097
0.989363 0.138045 -0.0458815 -5.52933 -0.137418 0.990375 0.0165561 -0.455988 0.0477253 -0.0100751 0.99881 -0.94886
0.988314 0.143474 -0.0514775 -5.60661 -0.142666 0.989587 0.0190518 -0.449993 0.053675 -0.0114851 0.998492 -0.947939
0.989741 0.136347 -0.0426928 -5.70251 -0.1356 0.990563 0.0199351 -0.454879 0.045008 -0.0139414 0.998889 -0.953608
0.992389 0.112027 -0.0511289 -5.79804 -0.111909 0.993705 0.00517171 -0.442585 0.0513864 0.000589431 0.998679 -0.96823
0.991928 0.116974 -0.0489432 -5.87424 -0.116993 0.99313 0.00247963 -0.456482 0.048897 0.00326641 0.998798 -0.988551
0.991632 0.122218 -0.0415795 -5.98051 -0.122002 0.9925 0.00771244 -0.456429 0.0422103 -0.00257511 0.999105 -1.01389
0.989971 0.131104 -0.0526219 -6.06479 -0.131407 0.991326 -0.00233219 -0.467675 0.0518597 0.0092237 0.998612 -1.03935
0.987003 0.149663 -0.0585323 -6.15141 -0.149022 0.988717 0.0151992 -0.481945 0.0601467 -0.00627905 0.99817 -1.04636
0.985691 0.161847 -0.0471014 -6.24306 -0.160721 0.986636 0.0268151 -0.490787 0.0508118 -0.0188613 0.99853 -1.04922
0.982653 0.175992 -0.0584878 -6.35678 -0.174629 0.984245 0.0276895 -0.483119 0.0624394 -0.0169955 0.997904 -1.06665
0.982921 0.17366 -0.0608933 -6.42033 -0.173005 0.984792 0.0159109 -0.489637 0.0627304 -0.00510435 0.998017 -1.07909
0.983774 0.167631 -0.0639473 -6.51698 -0.166991 0.98584 0.0152626 -0.500753 0.0656003 -0.00433631 0.997837 -1.10213
0.985214 0.162761 -0.0535027 -6.58344 -0.161611 0.986533 0.025192 -0.483448 0.0568824 -0.0161729 0.99825 -1.13127
0.985844 0.1567 -0.0596346 -6.66006 -0.155417 0.987517 0.0256016 -0.473087 0.0629019 -0.015971 0.997892 -1.13598
0.987014 0.153231 -0.048213 -6.77342 -0.151833 0.987906 0.0314533 -0.470386 0.0524495 -0.0237245 0.998342 -1.13659
0.988853 0.142247 -0.0439835 -6.86628 -0.141149 0.989616 0.0271629 -0.451709 0.0473906 -0.0206519 0.998663 -1.15174
0.989251 0.136027 -0.0536549 -6.9669 -0.134549 0.990444 0.0302796 -0.446836 0.0572611 -0.0227349 0.9981 -1.16819
0.989278 0.135402 -0.0547261 -7.01638 -0.133995 0.990569 0.028614 -0.439291 0.0580844 -0.0209741 0.998091 -1.18731
0.988656 0.139993 -0.0544208 -7.10189 -0.13901 0.990058 0.02147 -0.436093 0.0568854 -0.0136614 0.998287 -1.2117
0.988366 0.1429 -0.0520774 -7.18154 -0.142238 0.989699 0.016225 -0.430733 0.0538595 -0.00862888 0.998511 -1.2319
0.986735 0.153465 -0.052943 -7.29076 -0.152363 0.988026 0.0242833 -0.455052 0.0560357 -0.0158946 0.998302 -1.24133
0.985734 0.161516 -0.0473312 -7.36817 -0.160724 0.986794 0.0201141 -0.454858 0.0499549 -0.0122199 0.998677 -1.23787
0.985991 0.156741 -0.0570464 -7.46952 -0.155264 0.987433 0.0294873 -0.452336 0.0609514 -0.0202169 0.997936 -1.24922
0.987076 0.152667 -0.0487317 -7.53266 -0.151881 0.988207 0.0194628 -0.427251 0.0511283 -0.0118098 0.998622 -1.25853
0.988883 0.142009 -0.0440836 -7.61384 -0.141143 0.98974 0.0221968 -0.427581 0.0467834 -0.0157279 0.998781 -1.27772
0.99011 0.13598 -0.0345338 -7.69692 -0.13511 0.990479 0.0263909 -0.404154 0.0377936 -0.0214641 0.999055 -1.3052
0.989908 0.136444 -0.0382892 -7.78497 -0.135658 0.990501 0.0224459 -0.399316 0.0409881 -0.0170252 0.999015 -1.31391
0.990704 0.131872 -0.0334032 -7.88335 -0.130989 0.991006 0.0273822 -0.37655 0.0367137 -0.0227522 0.999067 -1.31937
0.992099 0.120735 -0.0341104 -7.96227 -0.11999 0.992506 0.0231068 -0.368077 0.0366445 -0.0188313 0.999151 -1.32829
0.992418 0.111867 -0.0509092 -8.03458 -0.111292 0.993689 0.0140097 -0.363768 0.0521552 -0.00823768 0.998605 -1.34162
0.992102 0.111583 -0.057298 -8.13883 -0.110654 0.993675 0.019144 -0.359516 0.0590717 -0.0126525 0.998174 -1.36879
0.992025 0.112392 -0.0570544 -8.21557 -0.111502 0.993591 0.0185703 -0.360566 0.0587759 -0.0120605 0.998198 -1.39667
0.99148 0.118633 -0.0537967 -8.31438 -0.117655 0.992832 0.0210017 -0.353032 0.0559026 -0.0144933 0.998331 -1.41256
0.990284 0.127646 -0.0551728 -8.39487 -0.126577 0.991702 0.022481 -0.366601 0.0575846 -0.0152789 0.998224 -1.42131
0.990142 0.131439 -0.0484007 -8.49086 -0.130427 0.991179 0.023512 -0.370477 0.0510642 -0.0169674 0.998551 -1.42721
0.990792 0.124877 -0.0523145 -8.56008 -0.123169 0.991778 0.0347107 -0.366085 0.056219 -0.0279475 0.998027 -1.43112
0.991974 0.119903 -0.0401248 -8.5993 -0.118772 0.992484 0.029476 -0.362896 0.0433575 -0.0244737 0.99876 -1.44365
0.99376 0.100435 -0.0485254 -8.69286 -0.0990051 0.994603 0.0310281 -0.394676 0.0513798 -0.0260302 0.99834 -1.46706
0.995599 0.0798348 -0.0490884 -8.75594 -0.0779622 0.996195 0.0389505 -0.410913 0.0520112 -0.034952 0.998035 -1.48352
0.995617 0.0727989 -0.0587128 -8.87274 -0.0709079 0.996914 0.0336747 -0.395923 0.0609831 -0.0293639 0.997707 -1.5014
0.996372 0.0620478 -0.0582552 -8.96085 -0.060179 0.997632 0.0333054 -0.407761 0.0601838 -0.0296788 0.997746 -1.50205
0.997699 0.051383 -0.0442268 -9.0383 -0.0504322 0.998477 0.0223526 -0.418798 0.045308 -0.0200708 0.998771 -1.50494
0.997083 0.0468314 -0.0602643 -9.1059 -0.045421 0.998666 0.0245649 -0.408267 0.0613343 -0.021756 0.99788 -1.51752
0.997528 0.0329192 -0.0620806 -9.19756 -0.0314534 0.999206 0.0244427 -0.422973 0.062836 -0.0224296 0.997772 -1.52788
0.997358 0.0299699 -0.0661693 -9.26805 -0.0288566 0.999427 0.0177186 -0.421892 0.0666623 -0.0157624 0.997651 -1.54937
0.998054 0.0186401 -0.0595004 -9.33065 -0.0181643 0.999799 0.00852751 -0.441033 0.0596473 -0.00743013 0.998192 -1.57091
0.998229 0.00482199 -0.0592983 -9.41129 -0.00393417 0.999879 0.0150797 -0.462579 0.0593638 -0.0148197 0.998126 -1.58883
0.998061 -0.0123967 -0.0610008 -9.50536 0.0134895 0.999755 0.0175358 -0.4794 0.0607684 -0.0183246 0.997984 -1.59191
0.997786 -0.0250341 -0.0616217 -9.59877 0.0272432 0.999006 0.0352737 -0.496577 0.0606774 -0.0368743 0.997476 -1.6099
0.996488 -0.0411765 -0.0729062 -9.67068 0.0437416 0.998466 0.0339432 -0.517375 0.0713967 -0.037013 0.996761 -1.61434
0.99592 -0.062703 -0.0649011 -9.74356 0.0645549 0.997553 0.0268397 -0.52491 0.0630594 -0.0309198 0.997531 -1.63042
0.993965 -0.0958055 -0.0534298 -9.82677 0.0972649 0.994934 0.0254136 -0.559176 0.0507244 -0.0304571 0.998248 -1.65348
0.990305 -0.124586 -0.0614411 -9.88472 0.127073 0.991151 0.0383718 -0.549928 0.0561169 -0.0458072 0.997373 -1.6662
0.987233 -0.150534 -0.0520621 -9.97462 0.152463 0.987679 0.0352895 -0.563775 0.0461084 -0.0427765 0.99802 -1.68059
0.980292 -0.191433 -0.0488051 -10.0421 0.193229 0.980523 0.0351772 -0.597172 0.0411204 -0.0439144 0.998189 -1.67382
0.972298 -0.230017 -0.0415908 -10.1291 0.231355 0.97238 0.0308373 -0.604027 0.033349 -0.0396053 0.998659 -1.68819
0.958401 -0.279604 -0.0573482 -10.1762 0.282195 0.958373 0.0434373 -0.625065 0.0428157 -0.0578137 0.997409 -1.69065
0.942908 -0.326373 -0.0663737 -10.2519 0.330058 0.942351 0.0550953 -0.668239 0.0445657 -0.073857 0.996273 -1.71281
0.931503 -0.357876 -0.065011 -10.2951 0.361378 0.930877 0.0536192 -0.690158 0.0413282 -0.0734399 0.996443 -1.72775
0.919622 -0.389007 -0.0544861 -10.3429 0.391785 0.918355 0.0559294 -0.739495 0.0282806 -0.0727807 0.996947 -1.7427
0.911925 -0.407315 -0.0498721 -10.4178 0.409979 0.909545 0.0681548 -0.794598 0.0176004 -0.0825986 0.996427 -1.74636
0.895708 -0.442829 -0.0401223 -10.4666 0.444643 0.892152 0.079738 -0.851735 0.000484818 -0.0892621 0.996008 -1.74968
0.874906 -0.482125 -0.0457704 -10.5093 0.484282 0.870326 0.0894644 -0.878022 -0.00329789 -0.100439 0.994938 -1.75397
0.849489 -0.524554 -0.0566748 -10.575 0.527592 0.845351 0.0838376 -0.925606 0.00393276 -0.10112 0.994866 -1.75815
0.816631 -0.573813 -0.06206 -10.6071 0.577158 0.811681 0.0897904 -0.969121 -0.00114999 -0.109144 0.994025 -1.76891
0.775225 -0.627758 -0.0703364 -10.6365 0.631644 0.769075 0.0977179 -1.02104 -0.00724917 -0.120181 0.992726 -1.78054
0.727376 -0.680437 -0.0890531 -10.6928 0.68614 0.718906 0.111295 -1.06426 -0.0117087 -0.142056 0.989789 -1.79
0.681203 -0.728062 -0.0767338 -10.7477 0.731433 0.67238 0.113627 -1.10867 -0.0311331 -0.133528 0.990556 -1.78981
0.618923 -0.780878 -0.0846356 -10.7904 0.783991 0.607608 0.127165 -1.14871 -0.0478755 -0.145059 0.988264 -1.78619
0.554043 -0.827272 -0.0930425 -10.8229 0.829978 0.54024 0.138844 -1.20688 -0.0645965 -0.154149 0.985934 -1.78717
0.489002 -0.864269 -0.117964 -10.861 0.870146 0.473864 0.135276 -1.25583 -0.0610158 -0.168796 0.983761 -1.78777
0.418592 -0.896767 -0.143491 -10.9129 0.906053 0.401577 0.133431 -1.29391 -0.0620341 -0.185864 0.980615 -1.79859
0.365828 -0.916875 -0.15972 -10.9153 0.928453 0.347667 0.130774 -1.33425 -0.0643735 -0.196133 0.978462 -1.81024
0.311574 -0.93641 -0.161428 -10.9262 0.947435 0.293143 0.128196 -1.39957 -0.0727224 -0.192885 0.978523 -1.82136
0.258243 -0.951247 -0.168638 -10.9244 0.962115 0.237434 0.134017 -1.44777 -0.0874429 -0.196858 0.976525 -1.82582
0.208919 -0.962196 -0.174734 -10.9103 0.97266 0.185919 0.139162 -1.49676 -0.101414 -0.19903 0.974732 -1.81894
0.153828 -0.971859 -0.178404 -10.9082 0.981329 0.129165 0.142514 -1.57676 -0.11546 -0.196995 0.973582 -1.81696
0.0838598 -0.977521 -0.193442 -10.8954 0.98808 0.0564221 0.143228 -1.6277 -0.129094 -0.203148 0.970601 -1.80792
0.00389759 -0.979418 -0.201805 -10.8848 0.991849 -0.0219154 0.125518 -1.69425 -0.127357 -0.200649 0.97135 -1.80185
-0.0751335 -0.974718 -0.210427 -10.879 0.987755 -0.101683 0.118326 -1.72853 -0.136732 -0.19896 0.970422 -1.80222
-0.147712 -0.964683 -0.218099 -10.861 0.97821 -0.17503 0.111669 -1.76548 -0.145899 -0.196852 0.969517 -1.80823
-0.215509 -0.949859 -0.226549 -10.8347 0.964064 -0.243869 0.105394 -1.84838 -0.155358 -0.195694 0.968281 -1.80966
-0.287157 -0.93134 -0.223934 -10.8075 0.942861 -0.316062 0.105442 -1.90488 -0.168979 -0.18086 0.968884 -1.80395
-0.351641 -0.907311 -0.230511 -10.8247 0.918781 -0.381689 0.100774 -1.95283 -0.179417 -0.176353 0.967837 -1.80459
-0.406106 -0.88332 -0.234144 -10.7847 0.89691 -0.434354 0.0829956 -2.0102 -0.175013 -0.176301 0.968653 -1.78208
-0.462372 -0.855172 -0.234294 -10.764 0.863601 -0.49423 0.099651 -2.06852 -0.201014 -0.15626 0.967045 -1.76861
-0.519792 -0.821726 -0.233629 -10.7161 0.831604 -0.549307 0.0818325 -2.11904 -0.195578 -0.151751 0.968876 -1.76754
-0.584075 -0.778475 -0.229854 -10.6963 0.78974 -0.610436 0.0606511 -2.14411 -0.187527 -0.1461 0.971333 -1.76967
-0.630655 -0.742398 -0.226095 -10.6522 0.753571 -0.655444 0.050231 -2.18999 -0.185484 -0.1387 0.972809 -1.76991
-0.673373 -0.704464 -0.224276 -10.6017 0.71454 -0.698006 0.0471198 -2.22804 -0.18974 -0.128525 0.973386 -1.76737
-0.70934 -0.668824 -0.22251 -10.5769 0.677322 -0.734153 0.0474916 -2.25149 -0.19512 -0.117023 0.973773 -1.769
-0.735288 -0.638461 -0.227418 -10.5293 0.646455 -0.761464 0.0476396 -2.27395 -0.203586 -0.111986 0.972631 -1.76943
-0.757721 -0.60966 -0.23275 -10.4481 0.615518 -0.78617 0.0554474 -2.31059 -0.216785 -0.101248 0.970955 -1.74825
-0.782097 -0.575976 -0.237858 -10.3996 0.581969 -0.811568 0.0516631 -2.33789 -0.222795 -0.0980202 0.969925 -1.73533
-0.808016 -0.531888 -0.253389 -10.339 0.5396 -0.840763 0.0441487 -2.36972 -0.236522 -0.101056 0.966356 -1.72534
-0.83264 -0.49449 -0.249379 -10.2989 0.502479 -0.86387 0.035249 -2.39406 -0.232861 -0.095958 0.967764 -1.71446
-0.854653 -0.452089 -0.255312 -10.2484 0.4612 -0.886897 0.0265978 -2.40975 -0.23846 -0.0950179 0.966493 -1.70655
-0.876214 -0.415031 -0.244945 -10.1653 0.424743 -0.9052 0.0143731 -2.4395 -0.227689 -0.0914446 0.969431 -1.69948
-0.891847 -0.380334 -0.244858 -10.0966 0.387737 -0.92157 0.019208 -2.46087 -0.232959 -0.0778099 0.969369 -1.69795
-0.908097 -0.344595 -0.237937 -10.0459 0.352076 -0.935898 0.0117137 -2.49393 -0.226721 -0.0731345 0.97121 -1.69248
-0.919561 -0.308751 -0.243063 -9.97825 0.316069 -0.948691 0.00931785 -2.52142 -0.233468 -0.0682562 0.969966 -1.67017
-0.932327 -0.267332 -0.243518 -9.89713 0.272215 -0.962134 0.014027 -2.54286 -0.238047 -0.0532114 0.969795 -1.65037
-0.940454 -0.234854 -0.245745 -9.82376 0.234251 -0.971645 0.0321146 -2.5662 -0.246319 -0.0273639 0.968802 -1.63296
-0.953724 -0.190484 -0.232652 -9.74192 0.191643 -0.981303 0.0178255 -2.57681 -0.231698 -0.0275857 0.972397 -1.61653
-0.960599 -0.165911 -0.222987 -9.6675 0.168442 -0.985681 0.00775843 -2.6109 -0.221081 -0.0301076 0.974791 -1.61695
-0.962605 -0.154766 -0.22235 -9.61175 0.155633 -0.98772 0.0137294 -2.61712 -0.221745 -0.021389 0.97487 -1.61759
-0.964539 -0.138793 -0.2245 -9.52732 0.140456 -0.990049 0.00862395 -2.60927 -0.223463 -0.0232144 0.974436 -1.60666
-0.962641 -0.137214 -0.233442 -9.4405 0.138768 -0.990276 0.00983476 -2.62089 -0.232522 -0.022927 0.972321 -1.58695
-0.964319 -0.126071 -0.2328 -9.38781 0.129427 -0.991589 0.000864371 -2.61567 -0.230951 -0.0292971 0.972524 -1.56766
-0.96359 -0.112421 -0.242603 -9.30568 0.117057 -0.993114 -0.00473059 -2.60967 -0.2404 -0.0329566 0.970114 -1.55168
-0.967292 -0.110374 -0.228396 -9.21702 0.113916 -0.993488 -0.00234299 -2.60457 -0.22665 -0.0282843 0.973565 -1.53335
-0.967359 -0.100901 -0.232455 -9.16772 0.104665 -0.9945 -0.00388362 -2.60058 -0.230784 -0.0280867 0.972599 -1.52837
-0.970246 -0.082855 -0.227501 -9.07545 0.0864232 -0.996242 -0.00575024 -2.587 -0.22617 -0.0252405 0.973761 -1.52298
-0.971063 -0.0639485 -0.230104 -8.99875 0.068518 -0.997579 -0.0119146 -2.59167 -0.228785 -0.0273361 0.973093 -1.51802
-0.973866 -0.0503274 -0.221477 -8.92063 0.0539205 -0.998493 -0.0102031 -2.59529 -0.22063 -0.0218786 0.975112 -1.50168
-0.975036 -0.0256545 -0.220558 -8.84923 0.0318174 -0.999195 -0.0244345 -2.5752 -0.219754 -0.0308421 0.975068 -1.47899
-0.975675 -0.0138821 -0.21878 -8.74175 0.0205232 -0.999394 -0.028112 -2.57072 -0.218257 -0.0319183 0.975369 -1.45257
-0.975234 -0.00504359 -0.221119 -8.67854 0.00948178 -0.999774 -0.0190146 -2.57164 -0.220973 -0.0206403 0.975061 -1.44157
-0.973043 -0.00618881 -0.230542 -8.6159 0.0103603 -0.999804 -0.0168879 -2.57608 -0.230392 -0.0188211 0.972916 -1.44193
-0.970911 -0.00354128 -0.239413 -8.52868 0.00823412 -0.999793 -0.018604 -2.54832 -0.239298 -0.0200342 0.970739 -1.43683
-0.966727 -0.00965166 -0.255626 -8.46149 0.016411 -0.999569 -0.0243224 -2.5431 -0.255282 -0.0277083 0.96647 -1.41952
-0.96088 -0.0263271 -0.275712 -8.37585 0.035742 -0.998935 -0.0291782 -2.52376 -0.27465 -0.0378912 0.960797 -1.40359
-0.959851 -0.0347335 -0.278351 -8.30466 0.0438746 -0.998681 -0.0266764 -2.51265 -0.277057 -0.0378179 0.960109 -1.37654
-0.965369 -0.0336042 -0.258713 -8.19823 0.0446127 -0.998326 -0.0367966 -2.5162 -0.257044 -0.0470642 0.965253 -1.35189
-0.968163 -0.0402734 -0.24706 -8.12755 0.0493341 -0.998314 -0.0305915 -2.49509 -0.245412 -0.0418061 0.968517 -1.34736
-0.970562 -0.0322846 -0.23868 -8.02608 0.0406585 -0.998715 -0.0302433 -2.49215 -0.237397 -0.0390573 0.970627 -1.3429
-0.970761 -0.0233348 -0.238911 -7.96202 0.0328246 -0.998819 -0.0358192 -2.48309 -0.237793 -0.042614 0.970381 -1.34646
-0.972185 -0.0203831 -0.233325 -7.86669 0.0289908 -0.999017 -0.0335216 -2.51629 -0.232413 -0.0393535 0.971821 -1.33067
-0.972625 -0.0177108 -0.231706 -7.77462 0.0250866 -0.999267 -0.0289246 -2.50476 -0.231024 -0.0339455 0.972356 -1.30269
-0.971101 -0.00462787 -0.238623 -7.70319 0.00865669 -0.999837 -0.0158384 -2.52358 -0.238511 -0.0174464 0.970983 -1.28152
-0.974165 0.00689665 -0.225731 -7.60017 -0.00573841 -0.999967 -0.00578681 -2.52115 -0.225764 -0.00434197 0.974172 -1.25348
-0.974204 0.0133855 -0.225274 -7.53234 -0.010458 -0.999845 -0.0141837 -2.50989 -0.225428 -0.0114619 0.974192 -1.24673
-0.974302 0.0204182 -0.22432 -7.46128 -0.0169035 -0.999703 -0.0175776 -2.52037 -0.224612 -0.013334 0.974357 -1.24672
-0.972512 0.00489962 -0.2328 -7.36966 -0.00188381 -0.999911 -0.0131751 -2.51276 -0.232844 -0.0123744 0.972435 -1.24303
-0.970513 -0.0124286 -0.24073 -7.30908 0.0169507 -0.999716 -0.0167234 -2.51221 -0.240454 -0.0203108 0.970448 -1.23846
-0.969414 -0.0335257 -0.243129 -7.23163 0.037087 -0.999261 -0.0100842 -2.5072 -0.242612 -0.0187927 0.969941 -1.20801
-0.966992 -0.0409683 -0.251493 -7.14222 0.0458959 -0.998852 -0.0137564 -2.48488 -0.250641 -0.0248449 0.967761 -1.18849
-0.970302 -0.0407321 -0.238443 -7.07593 0.046985 -0.998683 -0.020597 -2.49743 -0.23729 -0.0311885 0.970938 -1.1628
-0.9677 -0.0421113 -0.248563 -6.99903 0.0492879 -0.998526 -0.0227171 -2.49571 -0.24724 -0.0342345 0.968349 -1.15081
-0.969801 -0.0221704 -0.242887 -6.92163 0.031226 -0.998951 -0.0334963 -2.51215 -0.24189 -0.0400692 0.969476 -1.14264
-0.969916 -0.00803204 -0.243308 -6.8547 0.0196239 -0.998783 -0.0452564 -2.51772 -0.242648 -0.0486696 0.968893 -1.14273
-0.974661 -0.00532348 -0.223623 -6.77957 0.0125535 -0.999443 -0.0309223 -2.53819 -0.223333 -0.032946 0.974185 -1.1297
-0.973398 -0.00245733 -0.229108 -6.68398 0.00884369 -0.9996 -0.0268523 -2.54143 -0.228951 -0.0281641 0.973031 -1.10453
-0.96917 0.0109333 -0.246151 -6.59646 -0.00450846 -0.999635 -0.0266498 -2.54633 -0.246352 -0.0247184 0.968865 -1.0809
-0.971034 0.0176459 -0.238288 -6.53606 -0.0109529 -0.999508 -0.0293825 -2.5459 -0.238689 -0.0259215 0.97075 -1.06605
-0.970251 0.0124076 -0.241784 -6.44672 -0.00538639 -0.999545 -0.0296787 -2.55391 -0.242042 -0.0274934 0.969876 -1.06118
-0.972655 0.00844954 -0.2321 -6.35099 0.000321372 -0.999288 -0.0377255 -2.57167 -0.232254 -0.0367685 0.97196 -1.05632
-0.972983 -0.00236614 -0.230863 -6.25727 0.00883637 -0.999596 -0.0269964 -2.55713 -0.230706 -0.028307 0.972612 -1.05517
-0.972646 -0.0121401 -0.231974 -6.20853 0.0207803 -0.999177 -0.0348391 -2.56845 -0.23136 -0.0387066 0.972098 -1.05105
-0.970828 -0.0290583 -0.23801 -6.11415 0.0366219 -0.998953 -0.0274176 -2.53867 -0.236964 -0.0353342 0.970876 -1.02324
-0.970491 -0.0312045 -0.239111 -6.04546 0.0396751 -0.998741 -0.0306934 -2.54345 -0.237852 -0.0392744 0.970507 -1.00195
-0.972166 -0.0287274 -0.232523 -5.94794 0.0388248 -0.998486 -0.0389651 -2.55361 -0.231052 -0.0469083 0.97181 -0.982006
-0.971431 -0.0384866 -0.234182 -5.88931 0.0461196 -0.998565 -0.0272036 -2.54253 -0.232799 -0.0372268 0.971812 -0.979852
-0.971151 -0.0245264 -0.237199 -5.79103 0.0323138 -0.999057 -0.0289983 -2.54153 -0.236264 -0.0358265 0.971028 -0.974432
-0.972838 -0.0177065 -0.230808 -5.6972 0.0263552 -0.999059 -0.0344418 -2.56613 -0.229981 -0.0395892 0.97239 -0.965372
-0.974601 -0.020686 -0.222992 -5.6036 0.0285849 -0.999071 -0.0322525 -2.56976 -0.222117 -0.0378075 0.974287 -0.944055
-0.974737 -0.00749104 -0.223229 -5.50941 0.0155862 -0.999282 -0.0345243 -2.57399 -0.22281 -0.0371314 0.974154 -0.919001
-0.97407 -0.00637725 -0.226159 -5.43947 0.0143495 -0.999332 -0.0336241 -2.56342 -0.225793 -0.0359974 0.97351 -0.896775
-0.974926 -0.00394805 -0.222494 -5.34772 0.0113624 -0.999422 -0.0320535 -2.56031 -0.222238 -0.0337778 0.974407 -0.884115
-0.975168 -0.0110199 -0.221193 -5.27955 0.0183258 -0.999351 -0.0310042 -2.56266 -0.220708 -0.0342878 0.974737 -0.89015
-0.974058 -0.0238559 -0.225038 -5.16754 0.0299344 -0.999272 -0.0236376 -2.56049 -0.224311 -0.0297608 0.974063 -0.880092
-0.973724 -0.0341069 -0.225161 -5.08323 0.0391599 -0.999071 -0.0180125 -2.54707 -0.224337 -0.0263565 0.974155 -0.869424
-0.973305 -0.0465109 -0.224752 -5.0025 0.0550239 -0.99798 -0.0317602 -2.52258 -0.222821 -0.0432791 0.973898 -0.847503
-0.975212 -0.041944 -0.217262 -4.91519 0.0544908 -0.997155 -0.0520817 -2.52608 -0.214459 -0.0626295 0.974723 -0.829028
-0.978742 -0.0461847 -0.199827 -4.8406 0.0563626 -0.997371 -0.0455456 -2.51911 -0.197198 -0.0558401 0.978772 -0.819982
-0.978394 -0.0479391 -0.201116 -4.76549 0.0565405 -0.997706 -0.0372407 -2.5263 -0.198869 -0.0478073 0.978859 -0.806847
-0.977252 -0.0373283 -0.208769 -4.66346 0.0454244 -0.998385 -0.0341193 -2.52212 -0.207158 -0.0428264 0.97737 -0.796065
-0.973752 -0.0321208 -0.225334 -4.57982 0.0406527 -0.998617 -0.0333252 -2.52776 -0.223952 -0.0416109 0.973711 -0.790707
-0.972842 -0.0306219 -0.229434 -4.49366 0.0382051 -0.998858 -0.0286821 -2.52034 -0.228294 -0.0366687 0.972902 -0.776697
-0.969957 -0.0185837 -0.242565 -4.4027 0.0253549 -0.99937 -0.0248228 -2.53233 -0.241951 -0.0302273 0.969818 -0.743469
-0.969034 -0.0153693 -0.246448 -4.32739 0.0189465 -0.999747 -0.0121499 -2.52468 -0.246199 -0.016443 0.96908 -0.720547
-0.970457 -0.0120979 -0.240972 -4.23156 0.0140351 -0.999882 -0.0063244 -2.52856 -0.240867 -0.00951964 0.970511 -0.701494
-0.969633 -0.0171676 -0.243963 -4.1653 0.0190596 -0.999804 -0.00539653 -2.51975 -0.243822 -0.00988249 0.96977 -0.696108
-0.968924 -0.0261213 -0.245977 -4.09737 0.028348 -0.999583 -0.00551522 -2.5118 -0.24573 -0.0123168 0.96926 -0.699043
-0.967967 -0.032102 -0.249017 -3.98896 0.0333381 -0.999444 -0.000746928 -2.52628 -0.248854 -0.00902474 0.968499 -0.684129
-0.967806 -0.0308419 -0.2498 -3.9101 0.0345848 -0.999345 -0.0106074 -2.50751 -0.24931 -0.0189052 0.968239 -0.667969
-0.967826 -0.0298666 -0.249843 -3.81862 0.0360047 -0.999151 -0.0200328 -2.50789 -0.249033 -0.0283838 0.968079 -0.640571
-0.968947 -0.0258347 -0.245916 -3.74478 0.0329541 -0.999147 -0.0248792 -2.51266 -0.245064 -0.0322106 0.968972 -0.631806
-0.969948 -0.0265384 -0.241859 -3.66658 0.0322004 -0.999291 -0.0194872 -2.48843 -0.241171 -0.0266896 0.970116 -0.618291
-0.970033 -0.00880692 -0.242815 -3.59592 0.0144627 -0.999664 -0.0215197 -2.49652 -0.242544 -0.0243865 0.969834 -0.606026
-0.966445 -0.000486986 -0.256872 -3.51188 0.00994066 -0.99932 -0.0355059 -2.50133 -0.25668 -0.0368679 0.965793 -0.604412
-0.968145 -0.00669376 -0.250301 -3.43199 0.0164169 -0.999189 -0.036778 -2.50068 -0.249852 -0.0397156 0.967469 -0.594066
-0.968181 -0.0189356 -0.249532 -3.35334 0.0258924 -0.999361 -0.0246264 -2.49838 -0.248906 -0.0303038 0.968053 -0.567243
-0.966049 -0.0255244 -0.257095 -3.27661 0.0297059 -0.999482 -0.0123933 -2.51357 -0.256645 -0.0196098 0.966307 -0.546351
-0.968572 -0.0277845 -0.247175 -3.19946 0.0324612 -0.999362 -0.0148647 -2.51283 -0.246604 -0.0224211 0.968857 -0.529424
-0.968105 -0.0294534 -0.248807 -3.0903 0.0327515 -0.999422 -0.00912567 -2.51429 -0.248394 -0.0169834 0.96851 -0.516092
-0.96722 -0.0411034 -0.250591 -3.00162 0.0422699 -0.999106 0.000727851 -2.51231 -0.250397 -0.00988848 0.968093 -0.510901
-0.966057 -0.042835 -0.254753 -2.90794 0.0446748 -0.999001 -0.00143762 -2.50099 -0.254437 -0.0127699 0.967005 -0.506289
-0.965994 -0.040775 -0.255328 -2.83753 0.0441778 -0.998995 -0.00760375 -2.51218 -0.254762 -0.018625 0.966824 -0.496188
-0.96447 -0.0485077 -0.2597 -2.74262 0.0520534 -0.998621 -0.00678928 -2.49021 -0.259012 -0.0200663 0.965666 -0.472642
-0.964202 -0.0451942 -0.26129 -2.67649 0.0513873 -0.998536 -0.0169153 -2.48123 -0.260143 -0.0297368 0.965112 -0.455559
-0.968133 -0.0395004 -0.247302 -2.57853 0.046483 -0.998667 -0.0224581 -2.47006 -0.246085 -0.0332378 0.968678 -0.439479
-0.967603 -0.0409383 -0.249137 -2.51384 0.0457001 -0.998866 -0.0133564 -2.4725 -0.248307 -0.0243093 0.968376 -0.430316
-0.969086 -0.0227563 -0.24567 -2.40717 0.028894 -0.999353 -0.0214076 -2.4565 -0.245024 -0.0278442 0.969117 -0.431274
-0.970461 -0.0131113 -0.240903 -2.32299 0.0205144 -0.99939 -0.0282486 -2.46288 -0.240386 -0.0323562 0.970138 -0.413961
-0.967692 -0.00458519 -0.252093 -2.25464 0.0117199 -0.999572 -0.0268075 -2.46954 -0.251862 -0.0288959 0.967332 -0.390508
-0.967459 0.0172532 -0.252441 -2.15026 -0.00619904 -0.998989 -0.0445191 -2.47228 -0.252954 -0.0415055 0.966588 -0.367504
-0.968165 0.0140497 -0.249919 -2.05301 -0.00654428 -0.999503 -0.0308372 -2.45604 -0.250228 -0.0282199 0.967776 -0.351183
-0.973359 0.0142181 -0.228846 -1.96318 -0.0093547 -0.999707 -0.0223227 -2.46899 -0.229096 -0.0195872 0.973207 -0.330287
-0.975643 0.00432775 -0.21932 -1.87131 -0.00128674 -0.999901 -0.0140066 -2.46126 -0.219359 -0.0133832 0.975553 -0.326709
-0.974218 -0.0046532 -0.225559 -1.79534 0.00749254 -0.999903 -0.0117336 -2.44836 -0.225483 -0.0131211 0.974159 -0.332112
-0.972522 -0.00345887 -0.232785 -1.70602 0.00805606 -0.999791 -0.0188008 -2.43181 -0.232671 -0.0201596 0.972347 -0.316308
-0.971117 -0.0121593 -0.238293 -1.62026 0.0180258 -0.999585 -0.0224552 -2.43941 -0.237921 -0.0261021 0.970934 -0.295075
-0.969294 -0.0253331 -0.244595 -1.54277 0.0320416 -0.999211 -0.0234865 -2.41126 -0.243807 -0.0306026 0.969341 -0.274765
-0.968954 -0.0338309 -0.244916 -1.47275 0.0411491 -0.998845 -0.0248237 -2.40312 -0.243794 -0.0341311 0.969226 -0.261773
-0.969472 -0.0400882 -0.241901 -1.37638 0.0476297 -0.998542 -0.0254067 -2.38712 -0.24053 -0.0361527 0.969968 -0.241931
-0.969056 -0.0381179 -0.243879 -1.29764 0.0447657 -0.99876 -0.0217724 -2.39235 -0.242746 -0.0320161 0.969561 -0.238079
-0.969943 -0.0291523 -0.241579 -1.21197 0.0371455 -0.998901 -0.0285984 -2.39966 -0.24048 -0.0367124 0.96996 -0.239691
-0.969964 -0.0339103 -0.240873 -1.14553 0.0389311 -0.999112 -0.0161147 -2.39023 -0.240113 -0.0250081 0.970423 -0.223211
-0.966257 -0.0251473 -0.256349 -1.04132 0.0321183 -0.999218 -0.0230424 -2.41094 -0.255569 -0.0304984 0.96631 -0.192953
-0.966386 -0.0143451 -0.256697 -0.956372 0.0210108 -0.999509 -0.0232434 -2.40171 -0.256237 -0.0278554 0.966212 -0.17187
-0.969451 -0.0171433 -0.244687 -0.871412 0.0206167 -0.99972 -0.0116411 -2.41975 -0.244419 -0.0163301 0.969532 -0.160455
-0.971196 -0.0301444 -0.236369 -0.783936 0.0312532 -0.999511 -0.000944874 -2.40656 -0.236225 -0.00830493 0.971663 -0.151032
-0.972501 -0.0365724 -0.230011 -0.696481 0.0381611 -0.999269 -0.002461 -2.40256 -0.229752 -0.0111708 0.973185 -0.141982
-0.970188 -0.0456701 -0.238012 -0.612338 0.0478687 -0.998848 -0.00346296 -2.40579 -0.23758 -0.0147531 0.971256 -0.138949
-0.967728 -0.0523362 -0.246501 -0.523602 0.0565768 -0.998347 -0.0101475 -2.41039 -0.245562 -0.0237662 0.969089 -0.124282
-0.967396 -0.0665098 -0.24438 -0.44113 0.0700649 -0.997525 -0.00587303 -2.39858 -0.243384 -0.022804 0.969662 -0.101606
-0.968489 -0.0722927 -0.238332 -0.347167 0.0762005 -0.997066 -0.00721129 -2.39721 -0.237112 -0.0251451 0.971157 -0.0805818
-0.969874 -0.0747879 -0.231842 -0.268974 0.0807077 -0.996607 -0.0161413 -2.40316 -0.229848 -0.0343665 0.97262 -0.0639787
-0.969014 -0.0787765 -0.234107 -0.166102 0.0843005 -0.996347 -0.0136674 -2.40448 -0.232175 -0.0329792 0.972115 -0.0552505
-0.967907 -0.0762568 -0.239458 -0.112081 0.0815045 -0.9966 -0.0120745 -2.40305 -0.237723 -0.0312039 0.970832 -0.0542758
-0.968902 -0.0713779 -0.236926 0.00522202 0.0782407 -0.99674 -0.0196783 -2.40999 -0.234749 -0.0376035 0.971328 -0.0377221
-0.970576 -0.0765276 -0.228312 0.0946968 0.080861 -0.996678 -0.0096726 -2.42269 -0.226813 -0.0278495 0.97354 -0.0175871
-0.970885 -0.073945 -0.227848 0.148194 0.0774967 -0.99697 -0.0066686 -2.41214 -0.226664 -0.0241319 0.973674 -0.0081035
-0.974952 -0.063122 -0.213269 0.251435 0.066326 -0.997767 -0.00789417 -2.42778 -0.212295 -0.0218417 0.976962 0.0127776
-0.976548 -0.0606889 -0.20657 0.334155 0.0635438 -0.997953 -0.00720802 -2.42253 -0.205709 -0.0201652 0.978405 0.0267446
-0.975323 -0.0628399 -0.211651 0.403085 0.066213 -0.997766 -0.00888021 -2.4275 -0.21062 -0.0226751 0.977305 0.0331917
-0.972395 -0.0666893 -0.223607 0.482959 0.0697019 -0.997552 -0.00559793 -2.41566 -0.222687 -0.0210293 0.974663 0.0356267
-0.97048 -0.0691385 -0.231059 0.589748 0.0739826 -0.997183 -0.0123559 -2.41228 -0.229554 -0.0290855 0.972861 0.049874
-0.96907 -0.0811347 -0.233066 0.661326 0.0871444 -0.996074 -0.0155874 -2.40726 -0.230887 -0.0354158 0.972336 0.073674
-0.96845 -0.0855139 -0.234079 0.72736 0.0927026 -0.995496 -0.0198612 -2.39887 -0.231326 -0.0409343 0.972015 0.0879101
-0.970329 -0.0855961 -0.226128 0.796047 0.0934646 -0.995326 -0.0243025 -2.37963 -0.222991 -0.0447164 0.973794 0.104923
-0.968422 -0.0875449 -0.23344 0.864237 0.0946607 -0.99532 -0.0194324 -2.37443 -0.230646 -0.0409164 0.972177 0.112571
-0.96867 -0.0790323 -0.235441 0.930543 0.086439 -0.99603 -0.0212892 -2.38204 -0.232823 -0.0409735 0.971656 0.116546
-0.967367 -0.0831959 -0.239331 1.03879 0.0906244 -0.995681 -0.0201833 -2.38837 -0.236618 -0.0412139 0.970728 0.135218
-0.967136 -0.0846778 -0.239744 1.12437 0.0910675 -0.995721 -0.0156801 -2.40387 -0.237391 -0.0369977 0.970709 0.155659
-0.96625 -0.076024 -0.246131 1.19047 0.0835058 -0.996305 -0.0200887 -2.41162 -0.243695 -0.0399641 0.969028 0.175618
-0.965163 -0.0731658 -0.251212 1.29386 0.0785222 -0.996848 -0.0113512 -2.40552 -0.24959 -0.0306815 0.967865 0.194737
-0.970218 -0.0654697 -0.23322 1.35343 0.0693218 -0.997559 -0.00834963 -2.4146 -0.232104 -0.0242682 0.972388 0.20703
-0.97107 -0.0658622 -0.229532 1.43823 0.0693698 -0.997565 -0.00723736 -2.41713 -0.228496 -0.0229506 0.973274 0.215446
-0.970544 -0.070105 -0.2305 1.53224 0.0736016 -0.997266 -0.00659537 -2.4055 -0.229408 -0.0233663 0.97305 0.216715
-0.968591 -0.0740834 -0.237365 1.60587 0.0771829 -0.99701 -0.00377831 -2.397 -0.236375 -0.0219802 0.971413 0.222315
-0.966305 -0.0799314 -0.244675 1.69435 0.0851117 -0.996314 -0.0106551 -2.39435 -0.242922 -0.0311208 0.969547 0.239386
-0.96487 -0.0926993 -0.245829 1.77742 0.0970048 -0.995269 -0.00543621 -2.38999 -0.244162 -0.0290918 0.969298 0.263885
-0.965297 -0.0921006 -0.244374 1.86446 0.0985631 -0.995028 -0.0143222 -2.38218 -0.24184 -0.0379115 0.969575 0.28381
-0.967916 -0.0885115 -0.235168 1.9241 0.0962322 -0.995126 -0.0215361 -2.38819 -0.232116 -0.0434759 0.971716 0.293778
-0.968303 -0.0865802 -0.234294 2.00966 0.0930603 -0.99552 -0.0167238 -2.37165 -0.231797 -0.0379972 0.972022 0.295983
-0.970079 -0.0721661 -0.231815 2.07946 0.0790818 -0.996654 -0.0206672 -2.37555 -0.229548 -0.0383811 0.97254 0.302183
-0.971678 -0.0674041 -0.226493 2.18037 0.0754456 -0.996784 -0.0270276 -2.38328 -0.223943 -0.0433501 0.973638 0.311735
-0.973879 -0.0611167 -0.218687 2.25071 0.0700979 -0.996976 -0.0335408 -2.38366 -0.215976 -0.0479942 0.975218 0.333473
-0.970455 -0.0474013 -0.23658 2.3325 0.0567201 -0.997853 -0.0327363 -2.38435 -0.234521 -0.045188 0.97106 0.354677
-0.970483 -0.0417383 -0.237529 2.3904 0.0507833 -0.998194 -0.0320864 -2.39508 -0.235761 -0.0432018 0.97085 0.3687
-0.972488 -0.0338312 -0.230483 2.47399 0.0417216 -0.998695 -0.0294456 -2.38822 -0.229186 -0.0382516 0.972631 0.379114
-0.973756 -0.0362297 -0.224691 2.54104 0.0421167 -0.998882 -0.0214612 -2.37489 -0.223662 -0.0303612 0.974194 0.380057
-0.97299 -0.0396241 -0.22742 2.63469 0.0442141 -0.998908 -0.015122 -2.37145 -0.226573 -0.0247687 0.973679 0.389649
-0.97249 -0.0346581 -0.23035 2.72929 0.0402121 -0.999002 -0.0194588 -2.35841 -0.229446 -0.0281864 0.972913 0.399169
-0.970061 -0.0357929 -0.240208 2.80043 0.0447991 -0.998479 -0.0321367 -2.34917 -0.238693 -0.0419356 0.970189 0.420086
-0.970157 -0.0401504 -0.239131 2.89313 0.0501458 -0.998098 -0.0358601 -2.33311 -0.237236 -0.0467813 0.970325 0.439451
-0.972785 -0.0432394 -0.227639 2.96342 0.0506106 -0.998363 -0.0266414 -2.33472 -0.226115 -0.0374373 0.973381 0.455135
-0.975285 -0.0460379 -0.216101 3.02041 0.0523055 -0.998358 -0.0233712 -2.32024 -0.21467 -0.0340968 0.976091 0.465657
-0.976552 -0.0370448 -0.212069 3.10985 0.0442356 -0.998592 -0.0292625 -2.31014 -0.210686 -0.0379574 0.976817 0.470892
-0.978185 -0.0274251 -0.205915 3.18294 0.036675 -0.998476 -0.0412386 -2.33505 -0.20447 -0.047891 0.977701 0.472195
-0.978658 -0.033865 -0.202685 3.29067 0.0422287 -0.99842 -0.037082 -2.33011 -0.201109 -0.0448497 0.978542 0.490903
-0.977412 -0.0381337 -0.207873 3.3562 0.0450145 -0.998581 -0.0284699 -2.34039 -0.206493 -0.0371841 0.977741 0.510838
-0.975544 -0.0442236 -0.215312 3.44108 0.0482184 -0.998748 -0.0133338 -2.34451 -0.214452 -0.0233896 0.976454 0.537861
-0.975171 -0.0477581 -0.216242 3.51982 0.0523051 -0.998513 -0.0153498 -2.34375 -0.215188 -0.0262792 0.976219 0.555912
-0.974876 -0.0531128 -0.216322 3.58943 0.0562786 -0.998379 -0.00849667 -2.35626 -0.21552 -0.0204575 0.976285 0.568907
-0.973698 -0.0586192 -0.220174 3.65977 0.0626151 -0.997975 -0.011208 -2.35859 -0.219071 -0.0246994 0.975396 0.571759
-0.972962 -0.0670239 -0.221026 3.73447 0.070306 -0.997501 -0.00700679 -2.35951 -0.220004 -0.0223568 0.975243 0.571284
-0.972553 -0.0713742 -0.221462 3.81385 0.0760301 -0.997026 -0.0125593 -2.36449 -0.219907 -0.0290523 0.975088 0.586019
-0.968534 -0.0837263 -0.234376 3.90679 0.0874482 -0.996154 -0.00551352 -2.35053 -0.233013 -0.0258357 0.97213 0.603617
-0.967752 -0.0913822 -0.234747 3.97441 0.0952854 -0.995436 -0.005314 -2.35939 -0.23319 -0.0275106 0.972042 0.622746
-0.968901 -0.0866799 -0.231772 4.03291 0.0935208 -0.995442 -0.0186711 -2.34931 -0.229097 -0.039766 0.972591 0.634215
-0.970837 -0.0894671 -0.22242 4.12021 0.0958846 -0.995226 -0.0182014 -2.34803 -0.21973 -0.0389972 0.974781 0.651325
-0.972598 -0.088138 -0.21514 4.17363 0.0939866 -0.995427 -0.0170874 -2.34603 -0.21265 -0.0368394 0.976434 0.652513
-0.974321 -0.0757383 -0.212042 4.27445 0.0823576 -0.996348 -0.0225477 -2.37436 -0.20956 -0.039432 0.977 0.661488
-0.976478 -0.0656382 -0.205385 4.36969 0.0713117 -0.997247 -0.0203364 -2.37029 -0.203485 -0.0345044 0.97847 0.676419
-0.976194 -0.0568152 -0.209327 4.44296 0.0622494 -0.997871 -0.0194586 -2.38866 -0.207776 -0.0320258 0.977652 0.694484
-0.974924 -0.0420259 -0.218534 4.52605 0.0472206 -0.998711 -0.0186003 -2.39533 -0.21747 -0.0284532 0.975652 0.720451
-0.973989 -0.0399121 -0.223053 4.62182 0.0440349 -0.998938 -0.0135382 -2.40656 -0.222276 -0.0230082 0.974712 0.746299
