1 0 0 0 0 1 0 0 -0 0 1 0
0.999983 -0.00577898 -0.00110906 -0.0812063 0.00578357 0.999975 0.00417764 -0.00326799 0.00108489 -0.00418398 0.999991 -0.0119523
0.999989 -0.00384926 0.0026183 -0.237589 0.0038668 0.99997 -0.00672686 -0.00971486 -0.00259233 0.00673691 0.999974 -0.00771317
0.99994 -0.00613338 -0.00909779 -0.342857 0.00614873 0.99998 0.00166025 -0.0208314 0.00908743 -0.00171609 0.999957 -0.00364233
0.999717 -0.0147108 -0.0186988 -0.448922 0.0145651 0.999863 -0.00790429 -0.00358494 0.0188125 0.0076297 0.999794 0.0094241
0.99974 -0.0124465 -0.0190821 -0.552886 0.0122108 0.999848 -0.0124174 -0.0180758 0.0192338 0.0121811 0.999741 0.0013078
0.999758 -0.00192554 -0.0219074 -0.677626 0.00161699 0.999899 -0.0140933 -0.0335959 0.0219324 0.0140545 0.999661 -0.0273427
0.999961 -0.00383741 -0.00798982 -0.781341 0.00368404 0.99981 -0.0191229 -0.0457193 0.00806169 0.0190927 0.999785 -0.0386281
0.999992 -0.00387766 -0.000178731 -0.870762 0.00387624 0.999966 -0.00734452 -0.0741956 0.000207205 0.00734377 0.999973 -0.0358948
0.999963 0.00542382 0.00665164 -0.980284 -0.00544816 0.999979 0.0036467 -0.0737734 -0.00663172 -0.00368281 0.999971 -0.0274292
0.999725 0.023121 -0.00386577 -1.09722 -0.023098 0.999716 0.00587726 -0.0852445 0.00400056 -0.00578636 0.999975 -0.0197189
0.999755 0.0220459 -0.00172569 -1.1895 -0.0220347 0.999738 0.00624752 -0.0929015 0.00186296 -0.00620797 0.999979 -0.0241439
0.99984 0.0166678 -0.00646463 -1.30148 -0.0166534 0.999859 0.00226471 -0.0956164 0.00650146 -0.00215669 0.999977 -0.0429872
0.999993 0.00223821 -0.00300689 -1.41883 -0.0022175 0.999974 0.0068746 -0.0932999 0.0030222 -0.00686789 0.999972 -0.0515537
0.999968 0.00112204 0.00797529 -1.5463 -0.00112904 0.999999 0.000873794 -0.0981504 -0.0079743 -0.00088277 0.999968 -0.0475619
0.999895 -0.0111341 0.00923885 -1.65083 0.0111989 0.999913 -0.00699346 -0.086107 -0.00916018 0.00709619 0.999933 -0.0367217
0.999825 -0.0186985 -0.000719135 -1.77538 0.0186846 0.999697 -0.0160482 -0.108462 0.001019 0.016032 0.999871 -0.0324776
0.9997 -0.0244768 -8.78171e-05 -1.87054 0.0244712 0.999538 -0.0180104 -0.0900151 0.000528613 0.0180029 0.999838 -0.0432941
0.99986 -0.0167351 -0.000567903 -1.97572 0.0167253 0.999759 -0.0142251 -0.116016 0.000805824 0.0142136 0.999899 -0.0578533
0.999621 -0.0237682 0.0138745 -2.07048 0.023989 0.999585 -0.015971 -0.137459 -0.0134892 0.0162977 0.999776 -0.0708453
0.99973 -0.0112464 0.0203133 -2.18566 0.0114248 0.999897 -0.00868755 -0.155536 -0.0202135 0.00891729 0.999756 -0.0737424
0.999867 0.000309413 0.0162841 -2.28528 -6.9653e-05 0.999892 -0.0147221 -0.176928 -0.0162868 0.014719 0.999759 -0.0630872
0.999983 0.000414034 -0.00577846 -2.39786 -0.000446711 0.999984 -0.00565474 -0.179925 0.00577603 0.00565722 0.999967 -0.0601745
0.99993 -0.00942073 -0.00710473 -2.49299 0.00940113 0.999952 -0.00278794 -0.181348 0.00713066 0.00272096 0.999971 -0.074926
0.999783 -0.0191454 -0.00821238 -2.6019 0.0191099 0.999808 -0.00437815 -0.193529 0.00829463 0.00422026 0.999957 -0.0926033
0.999593 -0.0283466 0.00315675 -2.72235 0.0283757 0.999551 -0.00960044 -0.201066 -0.0028832 0.00968611 0.999949 -0.0958369
0.999503 -0.0274323 0.0155269 -2.82079 0.0275424 0.999597 -0.00692122 -0.198126 -0.0153308 0.00734543 0.999855 -0.0913625
0.999415 -0.0302075 0.0160085 -2.92102 0.0303724 0.999487 -0.0101618 -0.212543 -0.0156933 0.0106421 0.99982 -0.0806459
0.99947 -0.031736 0.00723478 -3.0403 0.0318245 0.999416 -0.0124557 -0.227663 -0.00683526 0.0126793 0.999896 -0.0840803
0.999591 -0.0285865 0.000658106 -3.14259 0.028593 0.999485 -0.0145643 -0.227104 -0.000241424 0.0145772 0.999894 -0.0927299
0.999752 -0.0198926 0.0099913 -3.2346 0.019988 0.999755 -0.00954176 -0.238576 -0.00979904 0.00973911 0.999905 -0.116778
0.999719 -0.0180984 0.0153344 -3.36468 0.0182507 0.999785 -0.00984832 -0.255505 -0.0151529 0.0101254 0.999834 -0.127442
0.999612 -0.014783 0.0235881 -3.45357 0.0147389 0.999889 0.00204061 -0.27704 -0.0236157 -0.00169215 0.99972 -0.124132
0.99961 -0.00880772 0.0264824 -3.55946 0.00884122 0.99996 -0.00114788 -0.304518 -0.0264712 0.00138157 0.999649 -0.116435
0.999941 -0.00605867 0.0090248 -3.67193 0.00598881 0.999952 0.00774789 -0.319151 -0.00907131 -0.00769338 0.999929 -0.114186
0.999878 -0.00693345 0.0140019 -3.7609 0.00686484 0.999964 0.00494202 -0.342242 -0.0140357 -0.0048453 0.99989 -0.127057
0.999891 -0.0104786 0.010397 -3.85017 0.0103693 0.999891 0.0105109 -0.345177 -0.010506 -0.010402 0.999891 -0.1401
0.999705 -0.0179957 0.0163032 -3.98298 0.017864 0.999807 0.00818697 -0.342221 -0.0164473 -0.00789332 0.999834 -0.148093
0.999462 -0.0197696 0.0261796 -4.08575 0.0196223 0.99979 0.00587245 -0.36328 -0.0262902 -0.00535558 0.99964 -0.134694
0.998798 -0.0302869 0.0385431 -4.19094 0.0299807 0.999514 0.00849834 -0.380331 -0.0387817 -0.00733258 0.999221 -0.128143
0.99908 -0.0344759 0.0255098 -4.28681 0.0340761 0.999292 0.0159435 -0.373151 -0.0260414 -0.0150596 0.999547 -0.125255
0.999225 -0.0330961 0.0213009 -4.38574 0.03273 0.999314 0.0173128 -0.38029 -0.0218593 -0.0166022 0.999623 -0.14325
0.999717 -0.0204003 0.0122718 -4.48118 0.0202296 0.999699 0.0138754 -0.391859 -0.0125512 -0.0136232 0.999828 -0.162124
0.999579 -0.0242761 0.0159176 -4.58079 0.0240261 0.999588 0.0157129 -0.424034 -0.0162925 -0.0153238 0.99975 -0.169147
0.99929 -0.0261927 0.0270721 -4.69827 0.0252524 0.999085 0.0345094 -0.442218 -0.0279512 -0.0338013 0.999038 -0.170952
0.999751 -0.0163084 0.0152459 -4.79115 0.0158097 0.999354 0.0322766 -0.466094 -0.0157624 -0.0320275 0.999363 -0.159602
0.999983 -0.00485413 -0.00321278 -4.87973 0.00492238 0.999755 0.0215866 -0.46501 0.0031072 -0.021602 0.999762 -0.149798
0.999996 -0.00197567 -0.00184194 -4.99247 0.00198932 0.99997 0.00743763 -0.485505 0.00182719 -0.00744127 0.999971 -0.164615
0.999949 -0.0100382 -0.000941394 -5.07974 0.0100398 0.999948 0.0016532 -0.49588 0.00092475 -0.00166257 0.999998 -0.181669
0.999837 -0.0175158 0.00446984 -5.2137 0.0175171 0.999847 -0.000244768 -0.507062 -0.00446487 0.000323026 0.99999 -0.186267
0.999696 -0.017057 0.0177871 -5.31662 0.0170975 0.999852 -0.00212743 -0.526798 -0.0177482 0.0024309 0.99984 -0.179454
0.99944 -0.0268686 0.0199535 -5.45323 0.0270768 0.999581 -0.0102398 -0.534128 -0.01967 0.0107743 0.999748 -0.174264
0.99935 -0.0357157 0.00494713 -5.52523 0.0357749 0.999282 -0.01244 -0.53735 -0.00449928 0.0126089 0.99991 -0.174234
0.999299 -0.0367656 -0.00711783 -5.65212 0.0366489 0.999202 -0.0158903 -0.556425 0.00769636 0.0156183 0.999848 -0.189793
0.999439 -0.0325885 -0.00772549 -5.74191 0.0324335 0.999286 -0.0194033 -0.573894 0.0083523 0.0191419 0.999782 -0.20619
0.999384 -0.0349598 -0.00294339 -5.86269 0.0348953 0.999197 -0.0196703 -0.59414 0.0036287 0.0195555 0.999802 -0.215293
0.999412 -0.0338363 -0.00558001 -5.96056 0.0338165 0.999422 -0.00360757 -0.621086 0.00569885 0.00341675 0.999978 -0.208576
0.999726 -0.023327 0.00215029 -6.05353 0.0233326 0.999724 -0.0025982 -0.638024 -0.00208909 0.00264766 0.999994 -0.200034
0.99977 -0.0205037 -0.00622668 -6.17414 0.0205111 0.999789 0.00111947 -0.645786 0.00620241 -0.00124693 0.99998 -0.198954
0.999656 -0.0259689 -0.00360445 -6.27439 0.0259702 0.999663 0.000320007 -0.657949 0.00359493 -0.000413505 0.999993 -0.212152
0.99955 -0.0295609 -0.00501427 -6.35713 0.0295685 0.999562 0.00145268 -0.658461 0.00496913 -0.00160029 0.999986 -0.221137
0.999313 -0.0370399 0.00114266 -6.47532 0.0370418 0.999312 -0.00160958 -0.66585 -0.00108226 0.00165081 0.999998 -0.234369
0.999436 -0.0335127 -0.00220328 -6.57361 0.0335155 0.999437 0.00126085 -0.66991 0.00215978 -0.00133398 0.999997 -0.228223
0.999517 -0.0307471 -0.00449284 -6.68001 0.0306892 0.999452 -0.0124382 -0.682257 0.00487282 0.0122943 0.999913 -0.227072
0.999211 -0.0350309 -0.0187131 -6.77272 0.0347569 0.999287 -0.0147721 -0.687318 0.0192173 0.01411 0.999716 -0.220263
0.999319 -0.0338037 -0.0148228 -6.88127 0.0335691 0.999311 -0.0158047 -0.700667 0.0153469 0.0152964 0.999765 -0.237461
0.999544 -0.0265046 -0.0144421 -6.97006 0.0262706 0.999524 -0.016153 -0.72334 0.0148633 0.0157662 0.999765 -0.263468
0.99934 -0.0347866 -0.0104342 -7.08458 0.0345775 0.99921 -0.0195918 -0.736711 0.0111075 0.0192181 0.999754 -0.265318
0.999366 -0.0354567 -0.00318617 -7.17442 0.0354467 0.999367 -0.00313569 -0.762588 0.00329534 0.00302077 0.99999 -0.257542
0.999554 -0.0294694 -0.00483308 -7.27795 0.0294643 0.999565 -0.00110627 -0.771257 0.00486358 0.000963374 0.999988 -0.252665
0.99956 -0.0256588 -0.0149027 -7.37846 0.0256647 0.999671 0.000201068 -0.78106 0.0148926 -0.000583452 0.999889 -0.245027
0.999558 -0.0284583 -0.00864999 -7.46903 0.0284331 0.999591 -0.00303078 -0.789911 0.0087327 0.00278349 0.999958 -0.256744
0.999521 -0.0307496 -0.0034269 -7.58297 0.0307329 0.999516 -0.00481458 -0.795802 0.00357328 0.00470696 0.999983 -0.265264
0.999384 -0.0347699 0.00471686 -7.67587 0.0348199 0.999333 -0.0109769 -0.802125 -0.00433205 0.0111344 0.999929 -0.271295
0.999389 -0.0298827 0.0181046 -7.76915 0.0302815 0.999296 -0.0221681 -0.790194 -0.0174294 0.0227028 0.99959 -0.26236
0.999251 -0.0324459 0.0211087 -7.84807 0.0329752 0.999138 -0.0252337 -0.783788 -0.0202718 0.0259108 0.999459 -0.255998
0.999375 -0.0349495 0.00521348 -7.94702 0.0351059 0.998813 -0.0337518 -0.785415 -0.00402769 0.0339138 0.999417 -0.258913
0.999453 -0.0327887 -0.00423176 -8.05026 0.0326499 0.999032 -0.0294962 -0.783654 0.0051948 0.029342 0.999556 -0.271573
0.999603 -0.0267209 -0.008904 -8.16254 0.0264406 0.999193 -0.0302323 -0.805349 0.00970465 0.0299849 0.999503 -0.286124
0.999702 -0.0244062 -6.24495e-05 -8.24759 0.0243896 0.999113 -0.0343249 -0.818246 0.000900135 0.0343132 0.999411 -0.294065
0.999684 -0.0231607 0.00973518 -8.33143 0.0233065 0.999614 -0.0151383 -0.837859 -0.0093808 0.0153605 0.999838 -0.291039
0.999738 -0.0144093 0.0177781 -8.4591 0.0148285 0.99961 -0.0236817 -0.843159 -0.0174299 0.0239391 0.999561 -0.287223
0.999892 -0.0109877 0.00976001 -8.54351 0.0111871 0.999725 -0.0206179 -0.852089 -0.00953078 0.0207249 0.99974 -0.284147
0.999891 -0.0135309 0.00586817 -8.64173 0.0136408 0.999724 -0.0191198 -0.867669 -0.00560784 0.0191977 0.9998 -0.293408
0.999874 -0.0158273 0.00142032 -8.74106 0.0158489 0.999734 -0.0167511 -0.852649 -0.00115482 0.0167715 0.999859 -0.308632
0.9997 -0.0208536 0.0128299 -8.80546 0.0210901 0.999605 -0.0185827 -0.870852 -0.0124373 0.0188477 0.999745 -0.307871
0.999465 -0.0173694 0.0277222 -8.90903 0.0178737 0.999677 -0.0180465 -0.885776 -0.0273998 0.0185323 0.999453 -0.30391
0.999439 -0.0185543 0.0278771 -9.00348 0.0191319 0.999605 -0.0205959 -0.877297 -0.0274839 0.0211177 0.999399 -0.301389
0.99956 -0.0200646 0.0218244 -9.12023 0.0207696 0.999254 -0.0325708 -0.898917 -0.0211546 0.0330098 0.999231 -0.296386
0.999546 -0.0290421 0.00801401 -9.18543 0.0292631 0.999151 -0.0289923 -0.887477 -0.00716521 0.0292137 0.999548 -0.30261
0.999524 -0.0308325 -0.00102617 -9.28573 0.0307925 0.999146 -0.027563 -0.891505 0.00187513 0.0275183 0.99962 -0.320027
0.999469 -0.0325889 0.000505368 -9.39581 0.0325919 0.999206 -0.0229263 -0.904184 0.000242176 0.0229306 0.999737 -0.34494
0.999147 -0.0409349 0.00536408 -9.50444 0.0410053 0.999064 -0.0137559 -0.943888 -0.00479596 0.0139642 0.999891 -0.34232
0.999078 -0.0405357 0.014116 -9.56139 0.0404689 0.999168 0.00498524 -0.933806 -0.0143063 -0.00440939 0.999888 -0.331219
0.999437 -0.03084 0.0132234 -9.66262 0.0308535 0.999524 -0.000820818 -0.953673 -0.0131918 0.00122834 0.999912 -0.33078
0.999547 -0.0296593 0.00510535 -9.76969 0.0296812 0.99955 -0.00426676 -0.961943 -0.00497651 0.00441636 0.999978 -0.331932
0.999487 -0.0315378 0.00560833 -9.85649 0.0315626 0.999492 -0.00438291 -0.965565 -0.00546725 0.00455767 0.999975 -0.340568
0.999529 -0.0301859 0.00548199 -9.97488 0.0302127 0.999532 -0.00488729 -0.968359 -0.0053319 0.00505062 0.999973 -0.353341
0.999495 -0.0309068 0.00735012 -10.0639 0.0310083 0.999419 -0.0141285 -0.966491 -0.00690919 0.0143493 0.999873 -0.352838
0.999336 -0.0328984 0.0156592 -10.1682 0.0330975 0.999372 -0.0126268 -0.9561 -0.015234 0.0131367 0.999798 -0.345505
0.999111 -0.0400709 0.0130721 -10.2583 0.0403187 0.999001 -0.0192795 -0.976142 -0.0122865 0.0197895 0.999729 -0.343702
0.998925 -0.0462771 -0.00270837 -10.3637 0.04621 0.99871 -0.0210595 -0.984931 0.00367945 0.0209117 0.999775 -0.346918
0.999041 -0.0435005 -0.00500794 -10.4471 0.04343 0.998966 -0.0134195 -0.973086 0.00558652 0.0131891 0.999897 -0.360636
0.999145 -0.0400588 -0.0102161 -10.5456 0.0398895 0.999072 -0.0162705 -1.00272 0.0108583 0.0158491 0.999815 -0.378775
0.999276 -0.0372845 -0.00761301 -10.6112 0.0371544 0.999172 -0.0165652 -1.00712 0.00822433 0.0162704 0.999834 -0.383198
0.999559 -0.0293382 -0.00467415 -10.7207 0.0292892 0.999519 -0.0102203 -1.03933 0.00497174 0.0100789 0.999937 -0.381045
0.999811 -0.0194471 -0.000466234 -10.8195 0.0194409 0.999753 -0.0107942 -1.05245 0.000676035 0.0107831 0.999942 -0.373447
0.999757 -0.0135348 -0.0173996 -10.924 0.0133738 0.999867 -0.0093322 -1.04994 0.0175236 0.00909723 0.999805 -0.372826
0.999416 -0.0195209 -0.0280528 -11.029 0.0191912 0.999744 -0.0119744 -1.07778 0.0282794 0.0114291 0.999535 -0.380402
0.999476 -0.0183438 -0.0266588 -11.122 0.0182184 0.999822 -0.00494083 -1.08018 0.0267446 0.00445256 0.999632 -0.395894
0.999417 -0.0220984 -0.0260206 -11.2188 0.0221813 0.99975 0.00290303 -1.09077 0.0259499 -0.00347851 0.999657 -0.409628
0.999547 -0.0228999 -0.0195471 -11.2944 0.0229829 0.999728 0.00403289 -1.09722 0.0194494 -0.00448031 0.999801 -0.407317
0.999308 -0.030657 -0.0210746 -11.3987 0.0307365 0.999522 0.00345786 -1.08873 0.0209585 -0.00410323 0.999772 -0.396757
0.999147 -0.033415 -0.0242703 -11.472 0.0333959 0.999441 -0.00118974 -1.10345 0.0242965 0.000378191 0.999705 -0.394308
0.998831 -0.0349165 -0.0334423 -11.582 0.0347321 0.999378 -0.00607743 -1.12524 0.0336337 0.0049088 0.999422 -0.398567
0.999193 -0.0265739 -0.0301258 -11.6849 0.0265574 0.999647 -0.000947061 -1.13368 0.0301403 0.000146234 0.999546 -0.416222
0.999468 -0.0215141 -0.0245178 -11.7659 0.0213887 0.999757 -0.00536777 -1.16347 0.0246273 0.00484051 0.999685 -0.42152
0.999461 -0.0258919 -0.0201934 -11.8556 0.0261022 0.999607 0.0102231 -1.17808 0.0199208 -0.0107447 0.999744 -0.424948
0.999658 -0.0211963 -0.0153342 -11.9647 0.0214702 0.999609 0.0179233 -1.16648 0.0149483 -0.0182464 0.999722 -0.414208
0.9999 -0.0127385 -0.0061889 -12.0419 0.0127939 0.999878 0.00899106 -1.1911 0.00607361 -0.00906934 0.99994 -0.406908
0.999908 -0.0107257 -0.00826127 -12.1163 0.0107437 0.99994 0.00212893 -1.22209 0.00823794 -0.00221749 0.999964 -0.404275
0.999839 -0.0175964 -0.00347679 -12.2155 0.0175969 0.999845 0.000124132 -1.21215 0.00347407 -0.000185293 0.999994 -0.415374
0.999492 -0.0318621 0.000442398 -12.3046 0.0318639 0.99948 -0.00502175 -1.24554 -0.000282165 0.00503329 0.999987 -0.425758
0.998617 -0.0493085 0.0182238 -12.3625 0.0494423 0.998753 -0.00696215 -1.23451 -0.0178578 0.00785355 0.99981 -0.420009
0.998001 -0.0592531 0.0219748 -12.459 0.059309 0.998238 -0.00189901 -1.24331 -0.0218235 0.00319852 0.999757 -0.424461
0.997468 -0.0643076 0.0303622 -12.5779 0.0648716 0.997732 -0.0179707 -1.25759 -0.0291377 0.0198949 0.999377 -0.425681
0.9972 -0.0706201 0.0245988 -12.6366 0.0710623 0.997317 -0.0175894 -1.25674 -0.0232906 0.0192882 0.999543 -0.417565
0.996956 -0.0772778 0.0103655 -12.7248 0.0773765 0.996957 -0.00948468 -1.26141 -0.00960101 0.0102578 0.999901 -0.431704
0.996944 -0.0780177 0.00394889 -12.8071 0.0780649 0.996854 -0.0137123 -1.28169 -0.00286667 0.0139787 0.999898 -0.447659
0.996026 -0.0888521 0.00606929 -12.8884 0.0889606 0.995816 -0.0208998 -1.29252 -0.0041869 0.0213567 0.999763 -0.459245
0.994426 -0.105185 0.00728262 -13.0032 0.105217 0.99444 -0.00418971 -1.31335 -0.00680144 0.00493261 0.999965 -0.463983
0.993805 -0.110443 0.0123752 -13.0956 0.110502 0.993867 -0.00418971 -1.34948 -0.0118365 0.00553124 0.999915 -0.45571
0.992962 -0.117623 0.0137941 -13.163 0.117725 0.993023 -0.00677517 -1.3497 -0.0129009 0.00835139 0.999882 -0.449118
0.991164 -0.13255 0.00498237 -13.2585 0.13254 0.991175 0.00223592 -1.3604 -0.00523478 -0.0015558 0.999985 -0.455258
0.988882 -0.148703 0.000183193 -13.3318 0.148701 0.988876 0.00348866 -1.38923 -0.000699928 -0.00342263 0.999994 -0.464097
0.985145 -0.171722 -0.000356034 -13.4217 0.171723 0.985144 0.00178287 -1.4012 4.45863e-05 -0.00181752 0.999998 -0.476957
0.979034 -0.203659 -0.0038139 -13.5131 0.203643 0.979036 -0.00417295 -1.41777 0.0045838 0.00330879 0.999984 -0.474826
0.971887 -0.235043 0.0137964 -13.5988 0.235221 0.971854 -0.0130726 -1.41916 -0.0103354 0.0159503 0.999819 -0.468026
0.961307 -0.27469 0.0208312 -13.6805 0.275098 0.961205 -0.0201659 -1.43374 -0.0144837 0.0251163 0.99958 -0.466046
0.945226 -0.326146 0.0132993 -13.7455 0.326383 0.94493 -0.0241095 -1.47495 -0.0047037 0.0271296 0.999621 -0.460979
0.925764 -0.3781 0.00118757 -13.8078 0.37802 0.925496 -0.0236054 -1.5102 0.00782608 0.0223019 0.999721 -0.473036
0.906112 -0.422921 -0.00991018 -13.8514 0.422524 0.905918 -0.0280408 -1.55038 0.0208368 0.0212208 0.999558 -0.484437
0.883566 -0.468304 -0.00173042 -13.9518 0.468173 0.883395 -0.0206956 -1.60109 0.0112205 0.0174758 0.999784 -0.499349
0.857911 -0.513791 -0.00288006 -13.9902 0.513721 0.857864 -0.0126661 -1.62179 0.00897841 0.0093868 0.999916 -0.494044
0.836031 -0.548631 0.00745068 -14.0098 0.548671 0.836022 -0.00512161 -1.67597 -0.00341906 0.0083698 0.999959 -0.480687
0.807217 -0.590179 0.00945352 -14.0808 0.590154 0.807272 0.00550884 -1.7282 -0.0108828 0.00113221 0.99994 -0.485164
0.772143 -0.635447 0.00121274 -14.1324 0.635444 0.772144 0.00205816 -1.77071 -0.00224426 -0.000818563 0.999997 -0.483402
0.730675 -0.682691 0.00687063 -14.181 0.682697 0.730699 0.00175265 -1.83364 -0.00621688 0.00340994 0.999975 -0.494802
0.674769 -0.738027 0.00157586 -14.2228 0.738021 0.67477 0.00316849 -1.87738 -0.00340178 -0.000974982 0.999994 -0.503212
0.613031 -0.790032 -0.00649992 -14.3201 0.790058 0.612997 0.00651381 -1.95081 -0.00116168 -0.00912848 0.999958 -0.505901
0.54792 -0.83653 0.000874374 -14.3363 0.83644 0.547876 0.0141304 -1.99674 -0.0122996 -0.00701096 0.9999 -0.497409
0.476973 -0.878899 0.00580716 -14.3755 0.87885 0.477008 0.00930657 -2.04593 -0.0109496 0.000664646 0.99994 -0.493491
0.402671 -0.915325 0.00600852 -14.3849 0.915266 0.402714 0.0104923 -2.10453 -0.0120236 0.00127446 0.999927 -0.487302
0.322036 -0.946616 -0.0145171 -14.4034 0.946711 0.322082 -0.000904424 -2.17198 0.00553183 -0.0134522 0.999894 -0.494296
0.258702 -0.965738 -0.0206017 -14.414 0.965823 0.258962 -0.0111513 -2.22282 0.0161043 -0.0170127 0.999726 -0.506018
0.201769 -0.979266 -0.018096 -14.4225 0.979254 0.202051 -0.0154136 -2.29835 0.0187504 -0.0146106 0.999717 -0.51605
0.146515 -0.989006 -0.0199997 -14.4135 0.989074 0.146799 -0.0135476 -2.35982 0.0163346 -0.0177963 0.999708 -0.523044
0.100984 -0.994825 -0.0112148 -14.4066 0.994869 0.101045 -0.00498191 -2.41935 0.00608933 -0.0106542 0.999925 -0.515036
0.0487064 -0.99876 -0.0102808 -14.4125 0.998791 0.048634 0.00718736 -2.49496 -0.00667846 -0.0106184 0.999921 -0.50926
-0.017714 -0.999759 -0.0129377 -14.3745 0.999666 -0.017953 0.0185996 -2.54618 -0.0188274 -0.0126039 0.999743 -0.499728
-0.0895879 -0.995894 -0.0129839 -14.3816 0.995916 -0.0897208 0.010042 -2.59867 -0.0111657 -0.0120312 0.999865 -0.508962
-0.168665 -0.985496 -0.018707 -14.3297 0.985612 -0.168837 0.00800198 -2.66442 -0.0110444 -0.0170882 0.999793 -0.51227
-0.252934 -0.967181 -0.0242047 -14.3219 0.967363 -0.253218 0.00945595 -2.71696 -0.0152747 -0.021023 0.999662 -0.513675
-0.336821 -0.940886 -0.0358541 -14.2955 0.941373 -0.337283 0.00754025 -2.7786 -0.0191875 -0.0312123 0.999329 -0.517851
-0.421765 -0.906105 -0.0329873 -14.2591 0.906283 -0.4224 0.0151349 -2.86159 -0.0276476 -0.0235124 0.999341 -0.505632
-0.503171 -0.86332 -0.0387012 -14.249 0.863316 -0.50417 0.0223316 -2.92888 -0.0387913 -0.0221747 0.999001 -0.493332
-0.583652 -0.811302 -0.0337535 -14.2192 0.81071 -0.584564 0.0321665 -2.96489 -0.0458279 -0.00859022 0.998912 -0.487906
-0.665617 -0.745577 -0.0326915 -14.1745 0.745393 -0.666327 0.0199411 -3.01231 -0.0366509 -0.0110948 0.999267 -0.490908
-0.738319 -0.673833 -0.0288814 -14.1071 0.674059 -0.738673 0.00250611 -3.04213 -0.0230226 -0.0176175 0.99958 -0.493293
-0.796593 -0.604111 -0.0221186 -14.0379 0.604377 -0.796661 -0.00772929 -3.07018 -0.0129516 -0.019525 0.999725 -0.509319
-0.841954 -0.538983 -0.0247373 -13.9692 0.539371 -0.841971 -0.0128206 -3.07693 -0.013918 -0.0241369 0.999612 -0.509377
-0.877852 -0.478202 -0.0264183 -13.9055 0.478757 -0.877685 -0.0214463 -3.09955 -0.0129313 -0.0314746 0.999421 -0.508839
-0.906161 -0.421876 -0.0298988 -13.8375 0.42246 -0.906227 -0.0167668 -3.12079 -0.0200216 -0.0278245 0.999412 -0.50042
-0.930649 -0.361857 -0.0543343 -13.786 0.362984 -0.931716 -0.0121961 -3.127 -0.0462108 -0.0310728 0.998448 -0.493824
-0.951985 -0.301636 -0.0523443 -13.729 0.302909 -0.952846 -0.0181923 -3.14399 -0.0443886 -0.0331744 0.998463 -0.484423
-0.968788 -0.243866 -0.0444908 -13.6682 0.244926 -0.969333 -0.0201024 -3.16362 -0.0382242 -0.030372 0.998808 -0.488924
-0.981639 -0.185155 -0.0458632 -13.5776 0.186423 -0.982149 -0.025099 -3.15179 -0.0403973 -0.0331882 0.998632 -0.493624
-0.98979 -0.13346 -0.0500397 -13.5313 0.135105 -0.990345 -0.0310526 -3.17079 -0.0454122 -0.0374962 0.998264 -0.491093
-0.993644 -0.0932213 -0.063094 -13.4371 0.0951211 -0.995077 -0.027801 -3.17048 -0.0601918 -0.0336259 0.99762 -0.482478
-0.994427 -0.053895 -0.0906102 -13.3717 0.0566439 -0.998001 -0.0280434 -3.2051 -0.0889176 -0.0330196 0.995492 -0.474371
-0.995955 -0.0171759 -0.0881957 -13.2625 0.0191709 -0.999578 -0.021824 -3.21602 -0.0877837 -0.0234265 0.995864 -0.459391
-0.997302 0.0164611 -0.0715389 -13.2161 -0.0150821 -0.999691 -0.0197742 -3.21338 -0.0718423 -0.0186418 0.997242 -0.455834
-0.997445 0.0386704 -0.0600736 -13.1184 -0.0374625 -0.999075 -0.021106 -3.22145 -0.0608343 -0.0188016 0.997971 -0.459775
-0.99706 0.0489988 -0.0589161 -13.0646 -0.0475837 -0.99855 -0.0251882 -3.23711 -0.0600649 -0.0223107 0.997945 -0.463773
-0.996871 0.0492379 -0.0618452 -12.9933 -0.0480622 -0.998637 -0.0203564 -3.21506 -0.0627632 -0.0173203 0.997878 -0.473547
-0.996167 0.0566027 -0.0666962 -12.909 -0.0553023 -0.998245 -0.0211853 -3.20304 -0.0677782 -0.0174156 0.997548 -0.469701
-0.995382 0.0572978 -0.0770144 -12.8149 -0.0551699 -0.998042 -0.0294805 -3.21641 -0.0785527 -0.0250955 0.996594 -0.456654
-0.99571 0.0517318 -0.0767154 -12.7216 -0.0493186 -0.998237 -0.0330262 -3.22035 -0.0782886 -0.029101 0.996506 -0.4437
-0.996648 0.0540736 -0.0613949 -12.6441 -0.0514874 -0.997749 -0.0429533 -3.20794 -0.0635794 -0.0396483 0.997189 -0.447087
-0.99748 0.0538158 -0.0462381 -12.5579 -0.0520138 -0.997872 -0.0393312 -3.21689 -0.0482564 -0.036827 0.998156 -0.447317
-0.997245 0.059543 -0.0442482 -12.4606 -0.058118 -0.99777 -0.0328228 -3.20795 -0.0461039 -0.0301607 0.998481 -0.451665
-0.997493 0.0625308 -0.033143 -12.3813 -0.0612562 -0.997392 -0.0381729 -3.20381 -0.0354436 -0.036047 0.998721 -0.463515
-0.99806 0.0611712 -0.0116213 -12.2849 -0.060785 -0.997667 -0.0310908 -3.18949 -0.013496 -0.030324 0.999449 -0.447408
-0.996605 0.0780869 -0.0261047 -12.2075 -0.077087 -0.996325 -0.0373392 -3.20331 -0.0289245 -0.0352 0.998962 -0.433033
-0.99507 0.0964788 -0.022959 -12.1015 -0.0956954 -0.994861 -0.0330735 -3.2125 -0.0260319 -0.0307134 0.999189 -0.427489
-0.993927 0.109522 -0.0107266 -12.0269 -0.109158 -0.993569 -0.0300916 -3.19789 -0.0139533 -0.0287379 0.99949 -0.429473
-0.993477 0.113542 -0.01058 -11.9082 -0.11324 -0.993235 -0.025697 -3.17934 -0.0134261 -0.0243313 0.999614 -0.437526
-0.992824 0.11914 -0.0102902 -11.8222 -0.118874 -0.992634 -0.023395 -3.16704 -0.0130017 -0.0220039 0.999673 -0.44617
-0.992244 0.123433 -0.0147352 -11.7189 -0.123066 -0.992116 -0.0236578 -3.14922 -0.0175392 -0.0216609 0.999612 -0.445319
-0.992304 0.121753 -0.0225615 -11.6322 -0.12086 -0.991964 -0.0374234 -3.11017 -0.0269366 -0.0344086 0.999045 -0.427291
-0.993474 0.111453 -0.0242331 -11.5288 -0.110796 -0.993477 -0.0269667 -3.0831 -0.0270806 -0.0241058 0.999343 -0.418632
-0.994234 0.106635 -0.0113134 -11.4476 -0.106371 -0.994088 -0.021788 -3.07027 -0.0135699 -0.0204589 0.999699 -0.408703
-0.993779 0.110616 -0.0129373 -11.3588 -0.110309 -0.993645 -0.0223794 -3.04956 -0.0153306 -0.0208131 0.999666 -0.410775
-0.9929 0.118534 -0.00995887 -11.2761 -0.118394 -0.992874 -0.0135874 -3.03804 -0.0114985 -0.0123119 0.999858 -0.422121
-0.992498 0.122189 -0.00424664 -11.1703 -0.121971 -0.991928 -0.0346567 -3.02798 -0.00844705 -0.0338787 0.99939 -0.421064
-0.991793 0.127315 -0.0117666 -11.0853 -0.126808 -0.991245 -0.0367989 -3.02553 -0.0163486 -0.0350048 0.999253 -0.409911
-0.991034 0.131209 -0.0252235 -11.0144 -0.13036 -0.990924 -0.0327889 -3.02089 -0.0292968 -0.0292068 0.999144 -0.397256
-0.990684 0.132702 -0.0305778 -10.9106 -0.131834 -0.990852 -0.0288349 -3.00571 -0.0341245 -0.0245351 0.999116 -0.388793
-0.990687 0.13479 -0.0192404 -10.8006 -0.134414 -0.99073 -0.0196496 -2.9762 -0.0217106 -0.0168805 0.999622 -0.38507
-0.991542 0.128466 -0.0184709 -10.7436 -0.128088 -0.991553 -0.020398 -2.94863 -0.0209353 -0.0178596 0.999621 -0.399855
-0.992561 0.119333 -0.024109 -10.652 -0.118813 -0.992673 -0.02198 -2.9262 -0.0265553 -0.0189521 0.999468 -0.406928
-0.992832 0.116387 -0.0271845 -10.5626 -0.115827 -0.99304 -0.0213335 -2.90224 -0.0294782 -0.0180319 0.999403 -0.399644
-0.993741 0.104528 -0.0394046 -10.4836 -0.104033 -0.994469 -0.0144245 -2.88441 -0.0406945 -0.0102348 0.999119 -0.386801
-0.993939 0.0996988 -0.0463133 -10.4185 -0.0985772 -0.994792 -0.0259083 -2.85382 -0.0486551 -0.0211859 0.998591 -0.377682
-0.994822 0.095481 -0.0348097 -10.3029 -0.0945229 -0.995123 -0.0282071 -2.84983 -0.0373332 -0.0247708 0.998996 -0.374579
-0.995529 0.0906421 -0.0265629 -10.2291 -0.0899874 -0.995632 -0.0248876 -2.83829 -0.0287027 -0.022386 0.999337 -0.382415
-0.995284 0.0951489 -0.0188935 -10.1148 -0.0945745 -0.995087 -0.0292684 -2.82167 -0.0215855 -0.0273435 0.999393 -0.389157
-0.994628 0.101734 -0.0191011 -10.0331 -0.101122 -0.994401 -0.03066 -2.81929 -0.0221133 -0.0285637 0.999347 -0.392707
-0.994221 0.104402 -0.0249921 -9.91314 -0.103566 -0.994086 -0.0326787 -2.81096 -0.028256 -0.0299015 0.999153 -0.37736
-0.9937 0.108914 -0.0264166 -9.82791 -0.108286 -0.993827 -0.0241425 -2.79935 -0.028883 -0.0211298 0.999359 -0.367002
-0.993698 0.108608 -0.027728 -9.74076 -0.108076 -0.993942 -0.0199938 -2.78544 -0.0297315 -0.016871 0.999416 -0.351583
-0.993926 0.10851 -0.0183468 -9.66142 -0.108167 -0.993956 -0.018742 -2.77759 -0.0202696 -0.0166436 0.999656 -0.355675
-0.994507 0.104495 -0.00600428 -9.55043 -0.104375 -0.994382 -0.0176236 -2.75628 -0.00781212 -0.0169001 0.999827 -0.361512
-0.994635 0.10298 -0.0097687 -9.45568 -0.102769 -0.994502 -0.0201042 -2.73708 -0.0117853 -0.0189924 0.99975 -0.364258
-0.99538 0.0956018 -0.0088815 -9.35888 -0.0952587 -0.994897 -0.0332569 -2.72691 -0.0120156 -0.0322573 0.999407 -0.357767
-0.995507 0.0920191 -0.0223206 -9.24091 -0.0913093 -0.995341 -0.0309728 -2.71056 -0.0250666 -0.0287956 0.999271 -0.343628
-0.996283 0.0818899 -0.0267193 -9.16067 -0.0810144 -0.996188 -0.0323525 -2.68014 -0.0292668 -0.0300676 0.999119 -0.333599
-0.996745 0.0781969 -0.0196044 -9.06275 -0.0775412 -0.996468 -0.0322354 -2.67016 -0.0220559 -0.0306103 0.999288 -0.324179
-0.996465 0.0830911 -0.0123582 -9.0038 -0.0826315 -0.996002 -0.0339447 -2.67362 -0.0151293 -0.0328036 0.999347 -0.338929
-0.996006 0.0879918 -0.0151578 -8.87688 -0.0873997 -0.995519 -0.0360879 -2.66768 -0.0182654 -0.034619 0.999234 -0.342133
-0.995512 0.0917736 -0.0230902 -8.79169 -0.0907898 -0.995044 -0.0405546 -2.659 -0.0266976 -0.0382762 0.99891 -0.335736
-0.995095 0.0929822 -0.0337782 -8.67745 -0.0916523 -0.995027 -0.0389913 -2.67071 -0.0372357 -0.0357042 0.998668 -0.31507
-0.99504 0.09098 -0.0402248 -8.61403 -0.0898831 -0.99555 -0.028289 -2.66336 -0.0426195 -0.0245332 0.99879 -0.313814
-0.995339 0.0933236 -0.0243042 -8.50319 -0.0925959 -0.995266 -0.029522 -2.65212 -0.0269442 -0.0271339 0.999269 -0.312847
-0.995978 0.0883488 -0.0149395 -8.41541 -0.0878561 -0.995653 -0.0309307 -2.64247 -0.0176072 -0.0294938 0.99941 -0.322534
-0.996629 0.0816927 -0.00755427 -8.2897 -0.0814905 -0.996384 -0.0240373 -2.634 -0.00949062 -0.0233407 0.999683 -0.329184
-0.996763 0.0802363 -0.00498168 -8.21473 -0.080077 -0.996435 -0.0265653 -2.61098 -0.00709542 -0.0260804 0.999635 -0.330451
-0.99725 0.0739372 -0.00504434 -8.1027 -0.0737313 -0.996729 -0.0330805 -2.59976 -0.00747372 -0.0326176 0.99944 -0.310611
-0.998092 0.0608925 -0.0101921 -8.01402 -0.0605441 -0.997666 -0.0315682 -2.59821 -0.0120906 -0.0308909 0.99945 -0.30344
-0.998835 0.0478771 0.00598965 -7.9383 -0.0480569 -0.998241 -0.0347239 -2.59061 0.00431663 -0.0349713 0.999379 -0.297092
-0.998867 0.0474866 0.0030309 -7.82749 -0.0475648 -0.998225 -0.0358312 -2.56753 0.00132402 -0.0359348 0.999353 -0.292864
-0.998657 0.0513844 -0.00661955 -7.75098 -0.0510453 -0.997728 -0.0439605 -2.57569 -0.0088634 -0.0435635 0.999011 -0.30293
-0.998677 0.0481206 -0.0181079 -7.6322 -0.0475366 -0.998376 -0.031408 -2.58275 -0.0195898 -0.0305057 0.999343 -0.30071
-0.998763 0.0464155 -0.0178345 -7.52439 -0.0459487 -0.998612 -0.0257474 -2.57368 -0.0190048 -0.0248961 0.999509 -0.291427
-0.998447 0.0522899 -0.0191986 -7.47004 -0.0516005 -0.998061 -0.0348026 -2.59192 -0.0209812 -0.0337579 0.99921 -0.280969
-0.998515 0.0543961 -0.00283617 -7.35982 -0.0542989 -0.998153 -0.0272416 -2.58826 -0.00431277 -0.0270471 0.999625 -0.273027
-0.998691 0.0507814 0.00605139 -7.28023 -0.0509313 -0.998311 -0.0279353 -2.59876 0.00462258 -0.028207 0.999591 -0.282025
-0.998894 0.0449939 0.0136139 -7.16193 -0.0453975 -0.998489 -0.0309524 -2.58112 0.0122006 -0.0315362 0.999428 -0.294307
-0.998715 0.0501159 0.00752098 -7.07394 -0.0502953 -0.998397 -0.0259417 -2.57644 0.00620883 -0.0262866 0.999635 -0.294345
-0.998955 0.0452462 0.00639368 -6.95531 -0.04547 -0.998133 -0.04079 -2.5616 0.00453614 -0.0410382 0.999147 -0.292371
-0.999346 0.0361652 -0.000367031 -6.87292 -0.0361272 -0.998669 -0.0368077 -2.5217 -0.0016977 -0.0367704 0.999322 -0.270166
-0.999608 0.0275424 0.00506395 -6.7864 -0.0277252 -0.998794 -0.0405093 -2.52315 0.00394213 -0.0406338 0.999166 -0.255312
-0.999587 0.0250847 0.014035 -6.69341 -0.0256214 -0.998892 -0.0394669 -2.52271 0.0130294 -0.0398102 0.999122 -0.257849
-0.999526 0.0262247 0.0161131 -6.57485 -0.0268577 -0.998822 -0.0404074 -2.49806 0.0150345 -0.040821 0.999053 -0.261396
-0.999271 0.0356649 0.0136472 -6.49783 -0.0362901 -0.998154 -0.0486933 -2.4926 0.0118854 -0.0491531 0.998721 -0.273586
-0.998718 0.0448734 0.0234439 -6.40424 -0.0459181 -0.997881 -0.0461046 -2.50387 0.0213254 -0.047122 0.998661 -0.273539
-0.998547 0.0525866 0.0118116 -6.3119 -0.0531062 -0.997381 -0.0491103 -2.50272 0.00919816 -0.0496662 0.998724 -0.261617
-0.998501 0.0541072 0.00824127 -6.21373 -0.0543871 -0.997769 -0.03873 -2.4821 0.00612731 -0.0391202 0.999216 -0.246236
-0.998251 0.0558685 0.019349 -6.13379 -0.0564892 -0.997852 -0.0331746 -2.49112 0.017454 -0.0342095 0.999262 -0.239997
-0.998452 0.0491792 0.0259658 -6.02029 -0.049947 -0.998307 -0.0297992 -2.47728 0.0244563 -0.0310499 0.999219 -0.243605
-0.998881 0.0389677 0.0268077 -5.90655 -0.0396426 -0.998898 -0.0251232 -2.46358 0.0257992 -0.0261578 0.999325 -0.252297
-0.999122 0.0376135 0.0184317 -5.83326 -0.0381805 -0.998776 -0.0314387 -2.45095 0.0172266 -0.0321149 0.999336 -0.257162
-0.998682 0.0418054 0.0297784 -5.72553 -0.043031 -0.9982 -0.0417791 -2.45321 0.0279782 -0.0430054 0.998683 -0.240575
-0.999196 0.0308369 0.025626 -5.63942 -0.0320717 -0.998271 -0.0492609 -2.42242 0.0240626 -0.0500431 0.998457 -0.231132
-0.998916 0.0192324 0.0423872 -5.54255 -0.0211029 -0.998803 -0.0441333 -2.40312 0.0414876 -0.04498 0.998126 -0.220823
-0.998885 0.0238738 0.0407241 -5.44466 -0.0257289 -0.998626 -0.0456535 -2.40479 0.0395782 -0.0466503 0.998127 -0.220841
-0.998992 0.0290374 0.0342215 -5.33139 -0.0308255 -0.998122 -0.0529364 -2.41023 0.0326201 -0.053938 0.998011 -0.229784
-0.998881 0.0382489 0.0278031 -5.26184 -0.0398958 -0.997321 -0.0613121 -2.42226 0.0253835 -0.0623527 0.997731 -0.228263
-0.999072 0.0377741 0.0206814 -5.18075 -0.0389082 -0.997587 -0.0574932 -2.41907 0.0184597 -0.0582445 0.998132 -0.217029
-0.999197 0.0396461 0.00577874 -5.08411 -0.0399088 -0.997618 -0.056271 -2.41171 0.00353405 -0.0564564 0.998399 -0.201088
-0.998985 0.044616 0.00614594 -4.98919 -0.0448725 -0.997682 -0.0511567 -2.40955 0.00384929 -0.0513805 0.998672 -0.196667
-0.999064 0.0427166 0.00681381 -4.90102 -0.0429956 -0.997917 -0.048096 -2.40263 0.00474511 -0.0483439 0.998819 -0.193565
-0.999379 0.0351504 0.00258206 -4.79047 -0.0352337 -0.998233 -0.0478444 -2.38423 0.000895744 -0.0479057 0.998851 -0.201943
-0.999496 0.0304702 -0.00892152 -4.7062 -0.0300932 -0.998758 -0.0397181 -2.37398 -0.0101207 -0.0394296 0.999171 -0.208432
-0.999311 0.0324903 -0.0179643 -4.61031 -0.031565 -0.998271 -0.0495909 -2.37053 -0.0195444 -0.0489897 0.998608 -0.200472
-0.999161 0.0284378 -0.0294872 -4.53329 -0.0268922 -0.998308 -0.0515493 -2.36176 -0.0309032 -0.0507131 0.998235 -0.185985
-0.999211 0.0238509 -0.0317719 -4.44378 -0.0220992 -0.998275 -0.0543868 -2.3694 -0.0330143 -0.0536417 0.998014 -0.177198
-0.999447 0.0267838 -0.0197137 -4.32926 -0.0255822 -0.997938 -0.0588658 -2.34867 -0.0212497 -0.0583289 0.998071 -0.164653
-0.999295 0.0365553 -0.00855856 -4.23582 -0.0359768 -0.997545 -0.0600725 -2.3615 -0.0107335 -0.0597222 0.998157 -0.176983
-0.998933 0.0460575 -0.00340412 -4.13733 -0.0457496 -0.99694 -0.0633887 -2.3622 -0.00631322 -0.0631653 0.997983 -0.178763
-0.998512 0.0529677 -0.0130049 -4.03849 -0.0521956 -0.997183 -0.0538654 -2.36065 -0.0158213 -0.0531064 0.998464 -0.180593
-0.998085 0.0576679 -0.0223987 -3.9546 -0.0563398 -0.996841 -0.0559783 -2.36466 -0.0255561 -0.0546091 0.998181 -0.171402
-0.997449 0.0695763 -0.0159424 -3.84491 -0.0688805 -0.996795 -0.0406751 -2.34279 -0.0187213 -0.0394732 0.999045 -0.149711
-0.996803 0.0798981 0.000838229 -3.75334 -0.0798735 -0.996103 -0.0373999 -2.34727 -0.00215321 -0.0373472 0.9993 -0.152989
-0.99683 0.0783565 0.0137695 -3.64852 -0.0787558 -0.996401 -0.0313547 -2.3415 0.0112631 -0.0323397 0.999413 -0.157851
-0.997154 0.0727092 0.0199521 -3.55764 -0.0734777 -0.996456 -0.04095 -2.31901 0.0169039 -0.0422995 0.998962 -0.169295
-0.997777 0.0665107 0.0041525 -3.46556 -0.0666233 -0.996988 -0.0396905 -2.30157 0.00150015 -0.0398789 0.999203 -0.170372
-0.997774 0.0665354 -0.00459176 -3.38088 -0.0661886 -0.996325 -0.0543592 -2.30893 -0.0081917 -0.0539342 0.998511 -0.156177
-0.998335 0.0576499 -0.00208994 -3.28382 -0.0574701 -0.997059 -0.0507047 -2.26917 -0.00500691 -0.0505002 0.998712 -0.144164
-0.998512 0.0516362 0.0175429 -3.1751 -0.052422 -0.997482 -0.0477563 -2.25559 0.0150328 -0.0486048 0.998705 -0.130686
-0.998295 0.0535829 0.0231426 -3.07667 -0.0545509 -0.997565 -0.0434443 -2.24149 0.0207584 -0.0446327 0.998788 -0.140044
-0.997683 0.0620611 0.0278927 -2.97278 -0.0632696 -0.996992 -0.0447638 -2.23673 0.0250307 -0.0464248 0.998608 -0.15012
-0.997342 0.0683538 0.0252458 -2.85878 -0.0694384 -0.996574 -0.044926 -2.23991 0.0220885 -0.0465596 0.998671 -0.150838
-0.997114 0.0734698 0.0191029 -2.77252 -0.0743057 -0.996102 -0.0475262 -2.22973 0.0155367 -0.0488086 0.998687 -0.143382
-0.996544 0.0819024 0.0138814 -2.67102 -0.0824457 -0.995598 -0.0445874 -2.20862 0.0101684 -0.0455778 0.998909 -0.125776
-0.996129 0.0864845 0.0157107 -2.59451 -0.0870364 -0.995452 -0.0387206 -2.20977 0.0122905 -0.0399381 0.999127 -0.115338
-0.996091 0.0873123 0.0134127 -2.48143 -0.0876308 -0.995831 -0.0253441 -2.1935 0.0111439 -0.0264204 0.999589 -0.113605
-0.996472 0.0825001 0.015375 -2.39225 -0.0829431 -0.996077 -0.0308368 -2.17977 0.0127706 -0.0320033 0.999406 -0.124355
-0.997227 0.0737357 0.0100989 -2.3284 -0.0740139 -0.996784 -0.0307059 -2.153 0.00780227 -0.0313682 0.999477 -0.132605
-0.997664 0.0672435 0.0120015 -2.20351 -0.067622 -0.997112 -0.0345639 -2.12295 0.00964266 -0.0352947 0.99933 -0.125081
-0.998583 0.0527581 0.00691228 -2.13187 -0.052983 -0.997876 -0.0378856 -2.11431 0.00489883 -0.0381982 0.999258 -0.10927
-0.999227 0.0369727 0.0133476 -2.03903 -0.037498 -0.998434 -0.0415248 -2.1143 0.0117914 -0.0419932 0.999048 -0.101944
-0.999138 0.0327849 0.0254489 -1.92247 -0.033846 -0.998525 -0.0424499 -2.10617 0.0240197 -0.0432747 0.998774 -0.0972842
-0.999053 0.0348766 0.0260247 -1.82423 -0.0360512 -0.998285 -0.0461198 -2.1063 0.0243716 -0.0470143 0.998597 -0.103453
-0.999011 0.0380127 0.0230535 -1.7208 -0.039252 -0.997663 -0.0559288 -2.09029 0.0208736 -0.0567784 0.998169 -0.110646
-0.999117 0.0374542 0.0190603 -1.64225 -0.0384036 -0.9979 -0.0521521 -2.07286 0.017067 -0.052838 0.998457 -0.108303
-0.99904 0.0421148 0.0120212 -1.54753 -0.0427525 -0.997346 -0.0589301 -2.07064 0.00950748 -0.0593875 0.99819 -0.0965656
-0.998944 0.0456527 0.00526204 -1.43524 -0.0458486 -0.997863 -0.0465587 -2.06212 0.00312527 -0.0467508 0.998902 -0.0836946
-0.998699 0.0480907 0.016942 -1.34691 -0.0487779 -0.997892 -0.0428007 -2.06572 0.014848 -0.0435714 0.99894 -0.0777699
-0.998963 0.0424781 0.0163687 -1.24766 -0.043112 -0.998247 -0.0405468 -2.0495 0.0146177 -0.0412104 0.999044 -0.0759301
-0.999352 0.0330797 0.0141685 -1.14892 -0.033626 -0.998624 -0.0402377 -2.03102 0.012818 -0.0406881 0.99909 -0.0876486
-0.999572 0.0284692 0.0067828 -1.05024 -0.0287158 -0.998804 -0.0395657 -2.01865 0.00564828 -0.0397436 0.999194 -0.0863772
-0.99974 0.0224759 -0.00394082 -0.969656 -0.0222089 -0.998061 -0.0581515 -2.02027 -0.00524019 -0.0580489 0.9983 -0.0780721
-0.999968 0.00256464 -0.00754632 -0.878762 -0.00216109 -0.998592 -0.0530072 -1.9859 -0.00767163 -0.0529892 0.998566 -0.0688371
-0.999905 -0.0111644 0.00805781 -0.770803 0.010793 -0.99894 -0.0447511 -1.98479 0.00854889 -0.0446599 0.998966 -0.0602611
-0.999856 -0.010713 0.0131907 -0.682749 0.0100468 -0.99872 -0.0495715 -1.97776 0.0137049 -0.0494318 0.998683 -0.0629114
-0.999849 0.000201019 0.0173918 -0.585966 -0.00112996 -0.998572 -0.0534193 -1.98394 0.0173562 -0.0534309 0.998421 -0.0659289
-0.999924 0.00415255 0.0116074 -0.48337 -0.0048255 -0.998272 -0.0585626 -1.98271 0.0113442 -0.0586141 0.998216 -0.0728863
-0.999901 0.0110423 0.00870583 -0.389865 -0.0114927 -0.998501 -0.0535167 -2.00171 0.00810183 -0.0536115 0.998529 -0.0628427
-0.99968 0.0234406 -0.00950028 -0.298195 -0.0228751 -0.99818 -0.0557993 -2.00561 -0.010791 -0.0555641 0.998397 -0.0429245
-0.99948 0.0298234 -0.01224 -0.19818 -0.0291383 -0.998181 -0.0527778 -1.99035 -0.0137918 -0.0523937 0.998531 -0.0318967
-0.99962 0.0274421 -0.00272932 -0.10902 -0.0272866 -0.998556 -0.0462795 -1.99031 -0.00399539 -0.0461874 0.998925 -0.0374001
-0.99986 0.0166862 0.00136378 -0.0259308 -0.016727 -0.999083 -0.0394117 -1.98505 0.000704898 -0.039429 0.999222 -0.0415876
-0.999778 0.0130837 -0.0165136 0.0945701 -0.0123671 -0.999008 -0.0427757 -2.00111 -0.0170569 -0.042562 0.998948 -0.0470648
-0.999638 0.0201329 -0.017848 0.173782 -0.0191157 -0.998279 -0.0554417 -1.97364 -0.0189335 -0.0550805 0.998302 -0.0445573
-0.999653 0.00975093 -0.0244766 0.277651 -0.00858119 -0.998837 -0.0474485 -1.96671 -0.0249108 -0.0472219 0.998574 -0.0314594
-0.999723 0.000172912 -0.0235505 0.374403 0.00101256 -0.998733 -0.0503164 -1.96432 -0.0235293 -0.0503262 0.998456 -0.0250408
-0.9999 -0.000857945 -0.0141457 0.455836 0.00162661 -0.998517 -0.0544174 -1.93913 -0.014078 -0.054435 0.998418 -0.0129141
-0.999951 -0.000757792 -0.00984959 0.561399 0.00127745 -0.998601 -0.0528607 -1.9487 -0.00979575 -0.0528707 0.998553 -0.0166396
-0.999983 0.00295737 -0.00509461 0.659402 -0.00269895 -0.998745 -0.0500057 -1.92891 -0.0052361 -0.0499911 0.998736 -0.0293165
-0.999813 0.0168087 -0.00959853 0.766296 -0.0162574 -0.99836 -0.054885 -1.94281 -0.0105053 -0.0547186 0.998447 -0.0302119
-0.999741 0.0178046 -0.01419 0.863986 -0.016991 -0.998313 -0.0555283 -1.94447 -0.0151547 -0.0552728 0.998356 -0.0226413
-0.999611 0.019696 -0.0197569 0.959706 -0.0186441 -0.998469 -0.0520839 -1.94498 -0.0207525 -0.0516953 0.998447 -0.00246447
