1 0 0 0 0 1 0 0 -0 0 1 0
0.999725 0.0216752 -0.00891595 -0.0835713 -0.0218637 0.999527 -0.0216283 -0.0134534 0.00844293 0.0218173 0.999726 -0.00475409
0.998798 0.0445051 -0.0205541 -0.174708 -0.044863 0.998843 -0.0172956 -0.0395425 0.0197606 0.0181969 0.999639 -0.029102
0.998206 0.0551895 -0.023223 -0.254698 -0.0556347 0.998271 -0.0189846 -0.0364556 0.0221351 0.0202425 0.99955 -0.0278481
0.997314 0.0695533 -0.0229418 -0.340457 -0.0699535 0.997403 -0.0171267 -0.0542989 0.021691 0.0186856 0.99959 -0.0353433
0.996683 0.07672 -0.0271585 -0.429439 -0.0772235 0.996851 -0.0180028 -0.0621716 0.0256919 0.0200403 0.999469 -0.035966
0.997603 0.0644697 -0.0251488 -0.505423 -0.0650486 0.997619 -0.0229213 -0.0454527 0.0236112 0.0245023 0.999421 -0.04263
0.998317 0.0574793 -0.00764189 -0.589063 -0.0575894 0.998227 -0.0150703 -0.0527111 0.00676211 0.015485 0.999857 -0.0246665
0.999052 0.0435395 0.000574131 -0.67589 -0.0435211 0.998877 -0.0187498 -0.0588972 -0.00138984 0.018707 0.999824 -0.0152689
0.999694 0.0247029 0.00147587 -0.753245 -0.0246747 0.999554 -0.0168068 -0.0677708 -0.00189039 0.0167653 0.999858 -0.0204167
0.999814 0.0188958 0.00387506 -0.834708 -0.018801 0.999554 -0.023205 -0.0694804 -0.00431181 0.0231278 0.999723 -0.0533339
0.999843 0.0130523 0.0119647 -0.925011 -0.0126757 0.999438 -0.0310302 -0.0938391 -0.0123629 0.0308737 0.999447 -0.0583993
0.999599 0.00568131 0.0277479 -1.01074 -0.00478621 0.999469 -0.0322187 -0.120043 -0.0279163 0.0320729 0.999096 -0.0483976
0.999102 0.00583709 0.0419691 -1.08642 -0.0053226 0.999909 -0.0123599 -0.138876 -0.0420374 0.0121254 0.999042 -0.0266872
0.998038 0.02533 0.0572638 -1.18154 -0.0244354 0.999569 -0.016269 -0.155679 -0.0576512 0.0148378 0.998227 -0.0154692
0.996983 0.045325 0.0630173 -1.26868 -0.0446866 0.998935 -0.0115029 -0.161054 -0.0634715 0.00865211 0.997946 -0.0186122
0.996991 0.0547654 0.054852 -1.35412 -0.0540882 0.998441 -0.0137561 -0.169358 -0.0555199 0.0107479 0.9984 -0.0222974
0.995661 0.0665335 0.0650505 -1.44328 -0.0660563 0.997771 -0.00946227 -0.165753 -0.065535 0.00512423 0.997837 -0.0416404
0.993714 0.0813625 0.0768879 -1.53959 -0.081106 0.996685 -0.00645862 -0.164214 -0.0771585 0.000181956 0.997019 -0.0577963
0.992777 0.0922586 0.0766983 -1.64038 -0.0911951 0.995683 -0.017262 -0.144004 -0.0779598 0.0101428 0.996905 -0.0540854
0.992704 0.0995612 0.0680162 -1.74127 -0.0989688 0.995018 -0.0120337 -0.132352 -0.0688755 0.00521439 0.997612 -0.0462051
0.991542 0.116053 0.0580997 -1.828 -0.115575 0.993232 -0.0115262 -0.123069 -0.0590442 0.0047138 0.998244 -0.0395459
0.989373 0.138353 0.0447093 -1.92604 -0.137876 0.990356 -0.0135892 -0.110117 -0.0461582 0.0072804 0.998908 -0.0330401
0.985168 0.165481 0.045386 -2.0165 -0.164335 0.986009 -0.0279291 -0.0910547 -0.0493727 0.0200563 0.998579 -0.0711925
0.979653 0.193013 0.055015 -2.11216 -0.190616 0.980588 -0.0459602 -0.101429 -0.062818 0.0345383 0.997427 -0.0839565
0.977374 0.199254 0.070975 -2.2046 -0.196433 0.979494 -0.0447878 -0.0942449 -0.0784437 0.0298326 0.996472 -0.0898941
0.97117 0.223073 0.0840711 -2.2919 -0.221684 0.974782 -0.0256231 -0.0889838 -0.0876668 0.00624715 0.99613 -0.0735112
0.964473 0.250323 0.0844353 -2.39537 -0.248308 0.968093 -0.0337492 -0.0726681 -0.0901894 0.0115842 0.995857 -0.0727807
0.960804 0.270066 0.062603 -2.48727 -0.268682 0.96277 -0.0297227 -0.0562076 -0.0682994 0.0117374 0.997596 -0.0709422
0.95848 0.279889 0.0545716 -2.57745 -0.277964 0.959745 -0.0403132 -0.030919 -0.0636581 0.0234705 0.997696 -0.0807116
0.955055 0.290648 0.0582585 -2.67415 -0.288759 0.956617 -0.03875 -0.00200354 -0.0669937 0.0201857 0.997549 -0.0981135
0.954738 0.290066 0.0658551 -2.76597 -0.2882 0.956876 -0.0364598 0.029853 -0.0735909 0.0158301 0.997163 -0.10674
0.952036 0.297608 0.0711179 -2.86716 -0.295296 0.954512 -0.0413085 0.0679252 -0.0801767 0.0183263 0.996612 -0.103087
0.952424 0.29835 0.0622543 -2.95679 -0.296556 0.954317 -0.0365153 0.106669 -0.0703046 0.0163162 0.997392 -0.105198
0.948895 0.310797 0.0548086 -3.0451 -0.30909 0.950294 -0.0374877 0.136206 -0.0637354 0.0186311 0.997793 -0.0972013
0.94319 0.330104 0.0377394 -3.13324 -0.328544 0.943549 -0.0421257 0.176917 -0.0495148 0.0273335 0.998399 -0.0898004
0.936493 0.347911 0.0440448 -3.22846 -0.345696 0.936968 -0.0508378 0.201846 -0.0589556 0.0323831 0.997735 -0.103686
0.930647 0.362043 0.0531189 -3.31012 -0.35825 0.931055 -0.0692346 0.226861 -0.0745225 0.0454031 0.996185 -0.128804
0.927713 0.36244 0.0893652 -3.38686 -0.358953 0.931851 -0.052978 0.260221 -0.102476 0.0170705 0.994589 -0.125423
0.918832 0.379498 0.108305 -3.48315 -0.374637 0.925031 -0.0629636 0.289924 -0.12408 0.017278 0.992122 -0.124648
0.915369 0.390793 0.0968492 -3.57277 -0.386108 0.920236 -0.0639166 0.317835 -0.114102 0.021113 0.993245 -0.110728
0.913838 0.397464 0.0832057 -3.67491 -0.393108 0.917252 -0.0641542 0.354095 -0.10182 0.0259177 0.994465 -0.1135
0.917184 0.389633 0.0834272 -3.76611 -0.385024 0.920524 -0.0662683 0.390758 -0.102617 0.0286588 0.994308 -0.128301
0.922718 0.377122 0.0798114 -3.85233 -0.372731 0.925678 -0.0647519 0.438777 -0.098299 0.0299996 0.994705 -0.139899
0.926273 0.366402 0.0881324 -3.94695 -0.362082 0.930122 -0.0614072 0.478093 -0.104474 0.0249688 0.994214 -0.145806
0.927235 0.365403 0.0819545 -4.0394 -0.360532 0.93023 -0.0684701 0.532935 -0.101256 0.0339406 0.994281 -0.136204
0.929967 0.360152 0.0738405 -4.12726 -0.355523 0.932129 -0.068846 0.571356 -0.0936239 0.0377725 0.994891 -0.126344
0.933625 0.352731 0.062649 -4.22367 -0.34911 0.935035 -0.0619007 0.614713 -0.0804133 0.0359206 0.996114 -0.135548
0.934233 0.353341 0.0485662 -4.31491 -0.3503 0.934625 -0.0613615 0.652019 -0.0670728 0.0403132 0.996933 -0.154253
0.933429 0.355359 0.0493045 -4.40693 -0.352266 0.933864 -0.0616953 0.681198 -0.0679676 0.0402199 0.996877 -0.165218
0.935304 0.34951 0.0552276 -4.49606 -0.346142 0.936119 -0.0621888 0.707958 -0.0734352 0.0390488 0.996535 -0.168322
0.93093 0.361077 0.0546969 -4.59484 -0.356954 0.931297 -0.0725912 0.724636 -0.0771501 0.048053 0.995861 -0.162921
0.925848 0.374327 0.0518127 -4.68854 -0.36982 0.925699 -0.0794638 0.742613 -0.0777084 0.0544101 0.99549 -0.159961
0.927753 0.370081 0.0480976 -4.77883 -0.3667 0.927945 -0.0666942 0.779511 -0.0693142 0.0442384 0.996614 -0.167532
0.929943 0.366375 0.0312264 -4.87198 -0.364259 0.9295 -0.0578364 0.804392 -0.0502148 0.0424101 0.997838 -0.178381
0.93321 0.358252 0.0278278 -4.96236 -0.356197 0.932498 -0.0597586 0.828368 -0.0473581 0.0458551 0.997825 -0.188245
0.937257 0.34681 0.0356598 -5.05316 -0.344973 0.937332 -0.0490197 0.855408 -0.0504256 0.0336425 0.998161 -0.167668
0.93841 0.343941 0.0330472 -5.14522 -0.342134 0.938307 -0.0502499 0.892146 -0.0482915 0.0358484 0.99819 -0.170672
0.938933 0.342703 0.0309636 -5.24004 -0.340979 0.938735 -0.0500963 0.920542 -0.0462348 0.0364791 0.998264 -0.18068
0.938342 0.344331 0.0308404 -5.32904 -0.342355 0.937929 -0.0555097 0.94895 -0.0480398 0.0415286 0.997982 -0.182182
0.938272 0.345281 0.0206385 -5.42393 -0.343723 0.937393 -0.0561114 0.976922 -0.0387206 0.0455538 0.998211 -0.20091
0.93857 0.344646 0.0174819 -5.50979 -0.343329 0.937695 -0.0534178 1.00309 -0.0348029 0.0441343 0.998419 -0.213328
0.936557 0.349715 0.0236814 -5.60305 -0.347913 0.935696 -0.058566 1.02848 -0.04264 0.0466113 0.998003 -0.223209
0.9366 0.349211 0.0288436 -5.69313 -0.346832 0.935634 -0.065543 1.04205 -0.0498754 0.0513837 0.997433 -0.222701
0.932791 0.358607 0.0360803 -5.79232 -0.356035 0.932384 -0.0624459 1.06185 -0.0560343 0.0454031 0.997396 -0.223415
0.929396 0.367775 0.0310658 -5.88638 -0.365474 0.928783 -0.0615766 1.08535 -0.0514997 0.0458753 0.997619 -0.22054
0.928886 0.370079 0.0145393 -5.98699 -0.368757 0.927796 -0.0566876 1.10974 -0.0344684 0.0472948 0.998286 -0.228494
0.931777 0.362891 0.010105 -6.08024 -0.361814 0.93057 -0.055946 1.14073 -0.0297057 0.0484731 0.998383 -0.241021
0.93599 0.351783 0.0131012 -6.17893 -0.350878 0.935292 -0.0459691 1.16881 -0.0284246 0.0384297 0.998857 -0.225085
0.94074 0.338733 0.0164013 -6.27239 -0.33762 0.940013 -0.0488726 1.20597 -0.0319722 0.040439 0.99867 -0.266696
0.942169 0.334378 0.0225388 -6.36714 -0.332743 0.941346 -0.056127 1.23091 -0.0399844 0.0453815 0.998169 -0.265238
0.946881 0.321119 0.0172935 -6.46328 -0.319751 0.945854 -0.055844 1.26215 -0.0342898 0.047348 0.99829 -0.258038
0.951163 0.308532 0.00986679 -6.55777 -0.307578 0.949964 -0.0544443 1.29206 -0.0261709 0.0487505 0.998468 -0.253486
0.951011 0.309104 0.00573256 -6.64454 -0.308297 0.949584 -0.0569481 1.31418 -0.0230464 0.0523909 0.998361 -0.254363
0.950407 0.310878 0.00901 -6.74056 -0.309928 0.94912 -0.0558139 1.3361 -0.0259029 0.0502535 0.998401 -0.266614
0.95097 0.308673 0.0194272 -6.83048 -0.306674 0.949227 -0.0701385 1.34291 -0.0400907 0.0607418 0.997348 -0.254037
0.952461 0.303709 0.0240575 -6.92954 -0.302093 0.951716 -0.0545554 1.35968 -0.0394649 0.0446942 0.998221 -0.28697
0.94928 0.313675 0.0218257 -7.02696 -0.311843 0.94808 -0.0624413 1.36906 -0.0402788 0.0524681 0.99781 -0.256133
0.950036 0.311731 0.015986 -7.12034 -0.310319 0.948777 -0.0593724 1.3858 -0.0336753 0.0514451 0.998108 -0.266496
0.953678 0.300661 0.0100238 -7.21222 -0.299659 0.952379 -0.0563734 1.39494 -0.0264958 0.0507583 0.998359 -0.273475
0.958838 0.283855 0.00750355 -7.30546 -0.282967 0.957371 -0.0580613 1.4197 -0.0236647 0.0535481 0.998285 -0.277262
0.956195 0.292448 0.0128808 -7.39804 -0.291368 0.955062 -0.0544185 1.43072 -0.0282166 0.0482816 0.998435 -0.291407
0.957924 0.286175 0.0220173 -7.49237 -0.283293 0.95502 -0.0876415 1.45241 -0.0461078 0.0777166 0.995909 -0.306005
0.963868 0.264473 0.0318224 -7.58165 -0.2611 0.961664 -0.0838409 1.47243 -0.0527761 0.0725027 0.995971 -0.269352
0.97059 0.23878 0.0306505 -7.67012 -0.235989 0.968863 -0.0749255 1.48745 -0.0475869 0.0654888 0.996718 -0.255092
0.975389 0.219979 0.0150454 -7.76917 -0.218517 0.97351 -0.0672898 1.50538 -0.0294492 0.062346 0.99762 -0.265655
0.977178 0.212305 0.00702056 -7.86323 -0.211312 0.974918 -0.0698778 1.51597 -0.0216799 0.0667995 0.997531 -0.281992
0.978884 0.204313 0.00653234 -7.95591 -0.2033 0.976373 -0.0732522 1.51851 -0.0213444 0.0703774 0.997292 -0.315115
0.982135 0.187833 0.0114181 -8.04897 -0.186549 0.979802 -0.0720264 1.51596 -0.0247164 0.0686095 0.997337 -0.307579
0.983283 0.180855 0.0211161 -8.14452 -0.178788 0.980935 -0.0761736 1.51459 -0.0344899 0.0711249 0.996871 -0.318919
0.9852 0.169991 0.021981 -8.23609 -0.16809 0.983266 -0.0702408 1.50819 -0.0335535 0.0655065 0.997288 -0.298319
0.987629 0.156558 0.00882099 -8.33143 -0.155708 0.985806 -0.0627899 1.51521 -0.018526 0.0606396 0.997988 -0.302956
0.990236 0.139278 0.00582207 -8.42141 -0.138702 0.988595 -0.0586573 1.51403 -0.0139253 0.057277 0.998261 -0.312212
0.993173 0.116411 0.00752952 -8.51363 -0.11585 0.991834 -0.0533236 1.51727 -0.0136755 0.0520872 0.998549 -0.343855
0.994961 0.0993776 0.0132683 -8.61009 -0.0985726 0.993791 -0.0516007 1.52421 -0.0183139 0.0500328 0.99858 -0.341307
0.99564 0.0925583 0.0115872 -8.70903 -0.0916643 0.993833 -0.0623939 1.52715 -0.0172908 0.0610597 0.997984 -0.325041
0.997418 0.0668519 0.0262283 -8.79077 -0.0653448 0.996366 -0.0546299 1.53303 -0.0297851 0.0527749 0.998162 -0.332505
0.998616 0.045538 0.0263204 -8.88511 -0.0441591 0.997733 -0.0507882 1.53253 -0.0285735 0.0495556 0.998363 -0.330906
0.999423 0.0212907 0.0264768 -8.97631 -0.0199069 0.998476 -0.0514744 1.51841 -0.0275324 0.0509176 0.998323 -0.334342
0.999528 0.00455027 0.0303734 -9.06172 -0.0028762 0.998486 -0.0549342 1.49706 -0.0305774 0.054821 0.998028 -0.346494
0.999085 -0.0150411 0.0400407 -9.15048 0.0172631 0.998296 -0.0557389 1.46985 -0.0391341 0.0563791 0.997642 -0.363195
0.997878 -0.0314964 0.0569882 -9.23888 0.0339053 0.99855 -0.0418094 1.44389 -0.0555888 0.0436529 0.997499 -0.356369
0.996161 -0.0463305 0.0742707 -9.32629 0.0495771 0.997866 -0.0424822 1.40625 -0.072144 0.0460012 0.996333 -0.34376
0.995025 -0.0656968 0.0748978 -9.41297 0.0682108 0.997173 -0.0315138 1.38235 -0.0726157 0.0364659 0.996693 -0.334124
0.993624 -0.0917292 0.0655475 -9.51415 0.0934771 0.995329 -0.0241103 1.35187 -0.0630297 0.0300838 0.997558 -0.33527
0.990705 -0.123378 0.0572887 -9.60451 0.124827 0.991925 -0.0224341 1.3293 -0.0540582 0.0293767 0.998106 -0.348615
0.987128 -0.152278 0.04889 -9.70729 0.153367 0.98798 -0.0193477 1.30214 -0.0453561 0.0265968 0.998617 -0.368658
0.984649 -0.167788 0.048091 -9.81187 0.16892 0.985416 -0.0205049 1.29335 -0.0439491 0.0283137 0.998632 -0.371931
0.98257 -0.180851 0.0429973 -9.90738 0.181846 0.983114 -0.0204681 1.26863 -0.0385695 0.0279302 0.998866 -0.370262
0.980362 -0.191918 0.0453691 -10.0043 0.193186 0.980833 -0.0254078 1.24815 -0.0396233 0.0336735 0.998647 -0.360594
0.97837 -0.202963 0.0399848 -10.0936 0.204151 0.978532 -0.0282384 1.22939 -0.033395 0.0357905 0.998801 -0.376804
0.978142 -0.204068 0.0399306 -10.1854 0.205444 0.978077 -0.034037 1.20666 -0.0321093 0.0414966 0.998623 -0.401248
0.977155 -0.209137 0.0378033 -10.2703 0.210413 0.977033 -0.0336563 1.17086 -0.0298963 0.0408417 0.998718 -0.415769
0.97561 -0.214069 0.0485809 -10.3526 0.215625 0.976034 -0.0293765 1.12761 -0.041128 0.0391352 0.998387 -0.402107
0.975589 -0.210552 0.0624043 -10.4384 0.211983 0.977122 -0.0171988 1.09703 -0.0573554 0.0300077 0.997903 -0.394154
0.977538 -0.197508 0.0735561 -10.5253 0.199544 0.979656 -0.0213727 1.0616 -0.0678383 0.0355703 0.997062 -0.384845
0.978072 -0.197413 0.0663537 -10.6161 0.199032 0.979815 -0.0186771 1.03834 -0.0613272 0.0314741 0.997621 -0.387174
0.978842 -0.197669 0.0528599 -10.7022 0.199159 0.97966 -0.0245329 1.00339 -0.0469354 0.0345414 0.998301 -0.403549
0.977944 -0.203759 0.0459107 -10.8022 0.204805 0.978612 -0.0193284 0.98658 -0.0409905 0.0283049 0.998759 -0.422664
0.979837 -0.195661 0.0404409 -10.8975 0.196248 0.980492 -0.0110641 0.968651 -0.0374871 0.0187775 0.999121 -0.442366
0.981127 -0.187752 0.0462535 -10.9972 0.188702 0.981886 -0.0170664 0.945335 -0.0422114 0.0254724 0.998784 -0.442124
0.979825 -0.19315 0.0513457 -11.0989 0.194604 0.980564 -0.0249645 0.926835 -0.0455259 0.0344529 0.998369 -0.444867
0.980322 -0.191992 0.0459135 -11.1872 0.193534 0.980575 -0.0318799 0.902858 -0.038901 0.0401384 0.998437 -0.443932
0.980066 -0.193471 0.0451539 -11.2863 0.195253 0.979974 -0.0390738 0.875512 -0.03669 0.0471113 0.998216 -0.451584
0.982336 -0.180372 0.0498182 -11.3662 0.182463 0.982349 -0.0411977 0.858813 -0.041508 0.04956 0.997908 -0.462271
0.983125 -0.16858 0.0710395 -11.4548 0.171561 0.984435 -0.0381476 0.823901 -0.0635029 0.0496914 0.996744 -0.491347
0.983336 -0.161931 0.0826315 -11.545 0.164358 0.986123 -0.0234177 0.794729 -0.0776927 0.0366086 0.996305 -0.465612
0.987052 -0.134841 0.0868672 -11.6379 0.137675 0.990096 -0.0274795 0.768345 -0.0823015 0.0390832 0.995841 -0.484322
0.990685 -0.112891 0.0761534 -11.7352 0.114774 0.993174 -0.0208068 0.740216 -0.0732846 0.0293534 0.996879 -0.47094
0.994069 -0.0945434 0.0537426 -11.8297 0.0961498 0.994969 -0.0281312 0.723028 -0.0508126 0.0331317 0.998158 -0.475156
0.995515 -0.0834677 0.0445292 -11.9331 0.085123 0.995695 -0.0366697 0.694638 -0.0412768 0.0402957 0.998335 -0.489693
0.99507 -0.0891754 0.0433911 -12.03 0.090627 0.995347 -0.0327209 0.683276 -0.0402713 0.036492 0.998522 -0.494602
0.99349 -0.0976293 0.0586958 -12.1207 0.0996122 0.994516 -0.0318556 0.674877 -0.0552639 0.0374951 0.997768 -0.509456
0.9928 -0.0999756 0.065976 -12.2119 0.101601 0.994587 -0.0217532 0.67075 -0.0634441 0.0282998 0.997584 -0.488278
0.992333 -0.100064 0.0725491 -12.3007 0.102164 0.994432 -0.0258287 0.659197 -0.0695606 0.0330426 0.99703 -0.488961
0.992941 -0.0962519 0.0693054 -12.402 0.0984167 0.994736 -0.0285224 0.6462 -0.0661953 0.0351419 0.997188 -0.486477
0.995131 -0.077314 0.0611323 -12.49 0.0797192 0.996095 -0.0379324 0.629797 -0.0579609 0.0426211 0.997409 -0.488312
0.996638 -0.0586373 0.0572172 -12.5817 0.0611535 0.99719 -0.0432632 0.615358 -0.0545196 0.0466168 0.997424 -0.494915
0.996753 -0.0465004 0.0657365 -12.6703 0.0499102 0.99744 -0.0512165 0.596712 -0.0631866 0.0543311 0.996522 -0.508671
0.996597 -0.0399752 0.072089 -12.7644 0.0434956 0.997903 -0.0479448 0.578547 -0.0700212 0.0509172 0.996245 -0.506918
0.997343 -0.0276695 0.0673868 -12.8599 0.0314015 0.997994 -0.0549676 0.560011 -0.0657308 0.0569376 0.996212 -0.514815
0.998071 -0.0179903 0.0594237 -12.9519 0.0209608 0.998542 -0.04975 0.554028 -0.0584421 0.0508996 0.996992 -0.507633
0.998848 -0.0119205 0.0464794 -13.0548 0.0140828 0.99882 -0.0464764 0.546227 -0.0458705 0.0470775 0.997837 -0.514923
0.998613 -0.0151389 0.0504315 -13.144 0.0174521 0.998801 -0.045749 0.54176 -0.0496785 0.0465656 0.997679 -0.526292
0.998258 -0.0232871 0.0542058 -13.2332 0.0252966 0.999007 -0.0366863 0.538385 -0.0532976 0.0379936 0.997856 -0.543199
0.997548 -0.0356017 0.0602618 -13.3324 0.0379226 0.998565 -0.0378184 0.537727 -0.0588289 0.0400109 0.997466 -0.542907
0.996671 -0.0440742 0.0685833 -13.4233 0.0467789 0.998169 -0.0383431 0.541527 -0.0667678 0.0414238 0.996908 -0.533047
0.995425 -0.0548504 0.0782385 -13.5027 0.0577087 0.997728 -0.0347512 0.54532 -0.0761547 0.0391072 0.996329 -0.534899
0.995883 -0.0581499 0.0695405 -13.5943 0.0609482 0.997386 -0.0388184 0.530567 -0.0671014 0.0428969 0.996824 -0.529299
0.996778 -0.0407308 0.0690972 -13.6905 0.0442183 0.997784 -0.0497175 0.521737 -0.066919 0.0526127 0.99637 -0.557633
0.99741 -0.0126179 0.0708064 -13.7738 0.0170289 0.997928 -0.0620429 0.514794 -0.0698769 0.063088 0.995559 -0.573275
0.996716 0.0212663 0.0781363 -13.8585 -0.0158157 0.997441 -0.0697263 0.498694 -0.0794192 0.0682615 0.994501 -0.581773
0.993984 0.0758694 0.0789895 -13.9457 -0.0711947 0.995632 -0.0604076 0.49762 -0.0832276 0.0544205 0.995044 -0.576162
0.985787 0.142984 0.0881963 -14.0267 -0.137547 0.988364 -0.0649489 0.484205 -0.0964567 0.0518947 0.993983 -0.56666
0.977416 0.196926 0.0766709 -14.1067 -0.192762 0.979504 -0.0584436 0.490194 -0.0866085 0.0423444 0.995342 -0.561527
0.963763 0.260656 0.0567358 -14.2003 -0.256812 0.964135 -0.0670142 0.502191 -0.0721686 0.0500154 0.996138 -0.562306
0.948261 0.313162 0.052257 -14.2719 -0.309108 0.948204 -0.0732198 0.511651 -0.07248 0.0532784 0.995946 -0.572501
0.93109 0.361682 0.0475178 -14.3547 -0.3578 0.930845 -0.0742122 0.523321 -0.0710729 0.0520963 0.99611 -0.584888
0.910535 0.410196 0.0516251 -14.4301 -0.4053 0.910284 -0.0843552 0.535604 -0.0815957 0.0558847 0.995098 -0.581448
0.891716 0.447959 0.0646115 -14.5104 -0.443193 0.893196 -0.0760373 0.566361 -0.0917723 0.0391683 0.995009 -0.576933
0.870556 0.487936 0.0636519 -14.5836 -0.481612 0.871422 -0.0931284 0.581929 -0.100908 0.0504179 0.993617 -0.582975
0.852653 0.519879 0.0520531 -14.664 -0.513314 0.852107 -0.10209 0.597291 -0.0974294 0.060328 0.993412 -0.586904
0.836594 0.546612 0.0364143 -14.7454 -0.540392 0.834332 -0.10893 0.603563 -0.0899239 0.071452 0.993382 -0.593206
0.823588 0.566845 0.0197425 -14.8288 -0.56158 0.819833 -0.111814 0.627726 -0.0795666 0.0810015 0.993533 -0.606343
0.8157 0.578341 0.0124672 -14.916 -0.573575 0.811401 -0.112428 0.637779 -0.0751379 0.084557 0.993582 -0.617563
0.808813 0.58785 0.0159075 -14.9908 -0.583662 0.805767 -0.100395 0.661377 -0.0718348 0.0719159 0.994821 -0.612769
0.798214 0.602014 0.0208484 -15.0847 -0.596861 0.795106 -0.107534 0.676029 -0.0813137 0.0733915 0.993983 -0.611238
0.793806 0.607833 0.0202709 -15.1564 -0.603836 0.791682 -0.0928524 0.68885 -0.0724869 0.0614665 0.995474 -0.600957
0.782921 0.622117 0.00220813 -15.2437 -0.619021 0.779368 -0.0969435 0.713572 -0.0620311 0.0745322 0.995287 -0.598784
0.77734 0.629049 -0.00630159 -15.3169 -0.626383 0.773041 -0.100265 0.737227 -0.0582 0.0818869 0.994941 -0.611731
0.777304 0.629066 -0.00864997 -15.3954 -0.626589 0.772864 -0.100333 0.766421 -0.0564307 0.0834091 0.994916 -0.619872
0.775741 0.631047 -0.00251629 -15.4722 -0.627973 0.771556 -0.101738 0.809717 -0.0622602 0.0805028 0.994808 -0.630014
0.771957 0.635663 0.00375718 -15.5371 -0.632067 0.768191 -0.101851 0.854323 -0.0676291 0.0762497 0.994793 -0.624466
0.77344 0.633722 0.0137003 -15.616 -0.629672 0.770621 -0.0982651 0.890691 -0.0728305 0.0673754 0.995066 -0.624771
0.776091 0.630575 0.00758067 -15.698 -0.62707 0.772939 -0.0966883 0.916363 -0.0668287 0.0702853 0.995286 -0.615773
0.780055 0.625702 -0.00340535 -15.7848 -0.623024 0.77619 -0.0967973 0.960495 -0.0579231 0.0776288 0.995298 -0.619891
0.781343 0.62409 -0.00399443 -15.8699 -0.621135 0.776989 -0.10237 0.986952 -0.0607846 0.0824673 0.994738 -0.636174
0.77949 0.62635 -0.00899468 -15.948 -0.623379 0.774222 -0.109443 1.01617 -0.0615859 0.0909171 0.993952 -0.650423
0.772033 0.635567 0.00444183 -16.0312 -0.631039 0.76733 -0.113994 1.03391 -0.075859 0.085204 0.993472 -0.654322
0.769596 0.638386 0.0136077 -16.113 -0.633729 0.766243 -0.106112 1.05615 -0.0781672 0.0730398 0.994261 -0.644825
0.766378 0.642131 0.0182432 -16.189 -0.637115 0.76341 -0.106253 1.0842 -0.0821551 0.0698067 0.994172 -0.635065
0.766616 0.641759 0.0210996 -16.2732 -0.637295 0.764477 -0.0971125 1.1149 -0.078453 0.0610013 0.99505 -0.633427
0.767875 0.640478 0.0124688 -16.3483 -0.636956 0.765436 -0.0916219 1.14175 -0.0682259 0.0624121 0.995716 -0.636193
0.766472 0.642276 -0.0016083 -16.4364 -0.639173 0.762519 -0.100113 1.17453 -0.0630737 0.0777616 0.994975 -0.657163
0.776463 0.630153 0.00365074 -16.5138 -0.62692 0.77304 -0.0968577 1.20692 -0.0638573 0.0729177 0.995292 -0.66673
0.783087 0.621858 0.00822697 -16.598 -0.617177 0.778685 -0.112883 1.23999 -0.0766032 0.0833193 0.993574 -0.675148
0.79603 0.60497 0.0186573 -16.677 -0.599435 0.792263 -0.114009 1.26383 -0.0837534 0.0795705 0.993305 -0.663775
0.813904 0.58059 0.0218071 -16.7634 -0.575042 0.810352 -0.112503 1.29608 -0.0829896 0.0790267 0.993412 -0.662153
0.830723 0.556581 0.0108299 -16.8473 -0.552809 0.827072 -0.101753 1.31447 -0.0655908 0.0785415 0.994751 -0.66488
0.843275 0.537404 0.00922682 -16.9288 -0.533694 0.839242 -0.104135 1.34013 -0.0637063 0.0828905 0.99452 -0.670487
0.850337 0.526023 0.0150554 -17.0201 -0.521617 0.846308 -0.10807 1.3619 -0.0695887 0.0840425 0.994029 -0.686869
0.860478 0.508893 0.0246001 -17.096 -0.50289 0.856091 -0.119205 1.36296 -0.0817224 0.090202 0.992565 -0.684463
0.869109 0.492725 0.0432686 -17.1845 -0.485982 0.866933 -0.110675 1.37435 -0.0920434 0.075161 0.992914 -0.689098
0.883134 0.466249 0.0518257 -17.2686 -0.460006 0.882346 -0.0992997 1.38792 -0.0920266 0.0638548 0.993707 -0.682288
0.897863 0.438025 0.0444498 -17.3537 -0.433479 0.897158 -0.0848662 1.40586 -0.077052 0.0569302 0.9954 -0.679517
0.912499 0.407714 0.0333906 -17.4401 -0.404288 0.911259 -0.0784739 1.42136 -0.0624224 0.0581079 0.996357 -0.688167
0.927136 0.373602 0.0290034 -17.5253 -0.370715 0.925755 -0.0744821 1.44201 -0.0546767 0.058303 0.9968 -0.703576
0.938296 0.343981 0.035757 -17.61 -0.340721 0.937182 -0.0748279 1.45296 -0.0592502 0.0580276 0.996555 -0.710041
0.946558 0.319151 0.0465883 -17.7016 -0.314425 0.94527 -0.0871834 1.4786 -0.0718631 0.0678756 0.995102 -0.716789
0.956221 0.286977 0.0573113 -17.7738 -0.282159 0.95606 -0.0795923 1.51039 -0.0776343 0.0599369 0.995179 -0.701392
0.961489 0.266935 0.0654487 -17.8577 -0.261312 0.961655 -0.0832852 1.51643 -0.0851708 0.0629753 0.994374 -0.69831
0.965858 0.252161 0.0594489 -17.9445 -0.24665 0.965211 -0.0867885 1.53609 -0.0792654 0.0691623 0.994451 -0.705808
0.969351 0.24178 0.0436086 -18.0322 -0.237234 0.967303 -0.0896963 1.55152 -0.0638695 0.0766017 0.995014 -0.706996
0.971438 0.233571 0.0418623 -18.1134 -0.229393 0.96951 -0.0861926 1.56902 -0.060718 0.0741279 0.995399 -0.720294
0.97443 0.219976 0.045787 -18.2048 -0.215479 0.972623 -0.0870216 1.57726 -0.0636762 0.0749304 0.995154 -0.734798
0.977555 0.205796 0.0450963 -18.2939 -0.202089 0.976463 -0.075367 1.58428 -0.0595451 0.0645619 0.996136 -0.735898
0.979804 0.195973 0.0397403 -18.3838 -0.193054 0.978872 -0.0673824 1.59265 -0.0521057 0.0583495 0.996935 -0.737405
0.983093 0.179807 0.0345964 -18.4706 -0.17778 0.982545 -0.0547661 1.59951 -0.0438399 0.0476897 0.9979 -0.729132
0.986217 0.164011 0.0218431 -18.5643 -0.162945 0.985656 -0.0439459 1.6215 -0.0287374 0.0397809 0.998795 -0.736537
0.989159 0.145611 0.0190319 -18.6494 -0.144696 0.988547 -0.0428764 1.62552 -0.0250572 0.0396578 0.998899 -0.744515
0.992299 0.120401 0.0290954 -18.7299 -0.119194 0.992058 -0.0401741 1.63759 -0.0337013 0.0363967 0.998769 -0.746603
0.994864 0.0927291 0.0405863 -18.8227 -0.0906121 0.994568 -0.0512194 1.65243 -0.0451154 0.0472787 0.997862 -0.769147
0.998085 0.0489355 0.0378248 -18.9134 -0.0467452 0.997292 -0.0567719 1.66266 -0.0405005 0.054895 0.99767 -0.752527
0.999288 3.28866e-05 0.037733 -18.9959 0.00193793 0.998635 -0.0521928 1.66339 -0.0376832 0.0522288 0.997924 -0.749314
0.998333 -0.0483124 0.0315687 -19.0774 0.0500469 0.997137 -0.0566818 1.6606 -0.0287399 0.0581673 0.997893 -0.751904
0.995147 -0.0934306 0.0308844 -19.1514 0.0949045 0.994214 -0.0503113 1.63888 -0.026005 0.0529982 0.998256 -0.757982
0.990827 -0.130826 0.0338577 -19.236 0.132425 0.989914 -0.0503326 1.62407 -0.0269314 0.0543545 0.998158 -0.774717
0.984367 -0.170322 0.0448501 -19.3094 0.172407 0.983873 -0.0476402 1.59661 -0.0360126 0.054628 0.997857 -0.777305
0.97735 -0.20492 0.0528566 -19.3853 0.207257 0.977328 -0.0433001 1.55947 -0.0427851 0.0532742 0.997663 -0.776802
0.968757 -0.242167 0.0535323 -19.4651 0.244067 0.969221 -0.0322906 1.52581 -0.0440649 0.0443472 0.998044 -0.771996
0.958266 -0.281283 0.0510568 -19.5336 0.282908 0.958742 -0.0278727 1.49818 -0.0411102 0.0411538 0.998307 -0.778934
0.946135 -0.320493 0.0459635 -19.6054 0.321716 0.946579 -0.0220865 1.47112 -0.0364295 0.035684 0.998699 -0.783151
0.933362 -0.356137 0.0447453 -19.6763 0.357356 0.933689 -0.0228305 1.44219 -0.0336474 0.0372991 0.998738 -0.785087
0.920312 -0.388245 0.0478673 -19.7544 0.389425 0.92088 -0.0180924 1.40381 -0.0370558 0.0352914 0.99869 -0.805465
0.905819 -0.419497 0.0592873 -19.8307 0.420975 0.906955 -0.0145495 1.36915 -0.0476674 0.0381377 0.998135 -0.805335
0.885471 -0.46018 0.0646097 -19.9062 0.460731 0.887512 0.00699495 1.33507 -0.0605608 0.0235738 0.997886 -0.794871
0.865015 -0.497591 0.0644385 -19.9835 0.497936 0.867134 0.0117372 1.29782 -0.0617172 0.0219334 0.997853 -0.79176
0.846162 -0.530243 0.0534119 -20.0614 0.530715 0.847528 0.0060945 1.25579 -0.0484997 0.0231896 0.998554 -0.78139
0.82858 -0.558279 0.0421755 -20.1322 0.558425 0.829502 0.00935186 1.21504 -0.0402057 0.0158031 0.999066 -0.800941
0.816061 -0.576337 0.0433619 -20.1929 0.576217 0.817131 0.0164713 1.17788 -0.0449254 0.0115443 0.998924 -0.81104
0.805042 -0.590992 0.0513444 -20.2541 0.590921 0.806525 0.0181669 1.11784 -0.052147 0.0157154 0.998516 -0.82695
0.790902 -0.610131 0.0470591 -20.3169 0.609441 0.792282 0.029489 1.0667 -0.0552762 0.00535692 0.998457 -0.832284
0.787242 -0.613321 0.0639313 -20.3765 0.611971 0.789806 0.0412109 1.00963 -0.0757688 0.00668118 0.997103 -0.818218
0.778084 -0.624857 0.0643388 -20.441 0.622976 0.780736 0.0484995 0.958462 -0.0805369 0.00234489 0.996749 -0.818501
0.766625 -0.640308 0.0478807 -20.5011 0.638582 0.768097 0.0473287 0.906747 -0.0670819 -0.0057076 0.997731 -0.825266
0.757683 -0.650493 0.0526799 -20.5627 0.648102 0.759464 0.0563787 0.849088 -0.0766824 -0.00857518 0.997019 -0.829219
0.745933 -0.663967 0.0522659 -20.6284 0.661716 0.747734 0.055005 0.796711 -0.0756025 -0.00644488 0.997117 -0.841293
0.732423 -0.678793 0.0528888 -20.6893 0.676391 0.734303 0.0574003 0.734966 -0.0777993 -0.00626778 0.996949 -0.846666
0.724429 -0.686431 0.0633658 -20.7551 0.684442 0.727175 0.0524924 0.668944 -0.0821104 0.00534315 0.996609 -0.845298
0.706645 -0.704686 0.0638006 -20.818 0.701954 0.709519 0.0619951 0.61246 -0.0889548 0.000976568 0.996035 -0.846434
0.693789 -0.717615 0.0607099 -20.8776 0.715247 0.696434 0.0583197 0.556104 -0.0841315 0.002961 0.99645 -0.840051
0.679376 -0.732156 0.0489558 -20.9475 0.730736 0.681121 0.0458107 0.483034 -0.0668854 0.00465111 0.99775 -0.845517
0.67127 -0.739777 0.0461076 -21.0052 0.738692 0.672818 0.0406336 0.417701 -0.0610819 0.00678316 0.99811 -0.861428
0.664722 -0.745797 0.0439473 -21.0547 0.744813 0.666138 0.0389205 0.354321 -0.0583018 0.00686118 0.998275 -0.87759
0.659068 -0.750666 0.0461526 -21.1042 0.749518 0.660646 0.0420686 0.279337 -0.06207 0.00686609 0.998048 -0.885654
0.663746 -0.746032 0.0536449 -21.146 0.744197 0.665891 0.0525318 0.218623 -0.074912 0.00505459 0.997177 -0.883481
0.666971 -0.743016 0.0554655 -21.2017 0.740793 0.669268 0.0574933 0.138266 -0.0798397 0.00274216 0.996804 -0.876717
0.665061 -0.745257 0.0478058 -21.2518 0.743346 0.666777 0.0533436 0.0656159 -0.0716305 5.94829e-05 0.997431 -0.874717
0.6669 -0.744235 0.0368545 -21.3069 0.74245 0.667877 0.0520409 0.00503196 -0.0633449 -0.00734347 0.997965 -0.87851
0.665563 -0.745616 0.0328921 -21.358 0.74393 0.666308 0.0510097 -0.0621348 -0.0599499 -0.00948079 0.998156 -0.886467
0.664309 -0.746829 0.0306807 -21.4175 0.744924 0.664875 0.0550296 -0.138123 -0.0614965 -0.0137019 0.998013 -0.903075
0.661327 -0.749308 0.0343942 -21.4761 0.747321 0.662128 0.055658 -0.203391 -0.0644784 -0.0111047 0.997857 -0.90498
0.659839 -0.749993 0.0460736 -21.5287 0.747402 0.66141 0.0626666 -0.267224 -0.077473 -0.00691439 0.99697 -0.904758
0.657188 -0.751961 0.051561 -21.588 0.749675 0.659207 0.0585905 -0.339927 -0.0780472 0.000148992 0.99695 -0.893057
0.656484 -0.752731 0.0492433 -21.6442 0.751637 0.658258 0.0417052 -0.41106 -0.0638076 0.00963427 0.997916 -0.893534
0.668268 -0.742023 0.0530945 -21.6923 0.741375 0.670182 0.0349086 -0.484422 -0.061486 0.0160346 0.997979 -0.899096
0.678155 -0.73248 0.0598324 -21.7364 0.732094 0.680437 0.0323047 -0.554773 -0.0643747 0.0218954 0.997686 -0.908743
0.684812 -0.724489 0.0784067 -21.7705 0.724668 0.688382 0.0314192 -0.631762 -0.0767366 0.0353026 0.996426 -0.926855
0.690391 -0.719299 0.0772637 -21.8075 0.718806 0.694113 0.0390605 -0.704007 -0.0817259 0.0285706 0.996245 -0.934563
0.698892 -0.710091 0.0855612 -21.8553 0.709164 0.703535 0.0461029 -0.780439 -0.0929325 0.028456 0.995266 -0.927883
0.706443 -0.70306 0.081518 -21.9132 0.702242 0.710628 0.0431882 -0.860236 -0.0882929 0.0267353 0.995736 -0.914203
0.713501 -0.69685 0.0729191 -21.9542 0.696519 0.716729 0.0340804 -0.929033 -0.0760121 0.0264731 0.996755 -0.912396
0.71399 -0.696559 0.0708769 -22.0105 0.696118 0.717082 0.0348283 -0.992728 -0.0750845 0.0244716 0.996877 -0.919448
0.711403 -0.699159 0.0712844 -22.0682 0.698147 0.714697 0.0424115 -1.06474 -0.0805991 0.0195953 0.996554 -0.93757
0.704598 -0.705143 0.07947 -22.1258 0.704251 0.708614 0.0435444 -1.13325 -0.0870186 0.0252855 0.995886 -0.953159
0.699402 -0.709906 0.0828888 -22.1792 0.707879 0.704043 0.0568459 -1.1982 -0.0987125 0.018917 0.994936 -0.941775
0.693229 -0.715094 0.0898599 -22.2374 0.713384 0.698562 0.0556285 -1.25978 -0.102552 0.0255414 0.9944 -0.93847
0.68717 -0.721408 0.0858382 -22.2885 0.720581 0.691848 0.0459274 -1.34315 -0.0925193 0.0302934 0.99525 -0.935791
0.683063 -0.725396 0.0850083 -22.3492 0.725612 0.68726 0.0340756 -1.41505 -0.0831411 0.0384073 0.995797 -0.936261
0.681131 -0.727617 0.0814558 -22.3941 0.727924 0.684937 0.0314304 -1.48307 -0.0786614 0.0378854 0.996181 -0.954345
0.681531 -0.726768 0.0855825 -22.4379 0.727139 0.685716 0.0325919 -1.55852 -0.082372 0.040018 0.995798 -0.962554
0.68294 -0.725728 0.0831385 -22.4789 0.725135 0.687279 0.042746 -1.63485 -0.0881613 0.0310936 0.995621 -0.966409
0.69053 -0.717333 0.0927436 -22.5177 0.71619 0.696034 0.0510757 -1.70713 -0.101191 0.0311527 0.994379 -0.964697
0.690219 -0.718104 0.0890198 -22.551 0.716322 0.695491 0.0563423 -1.77407 -0.102372 0.0248783 0.994435 -0.955561
0.689635 -0.719723 0.0800156 -22.608 0.718856 0.69374 0.0443873 -1.85361 -0.0874565 0.0269087 0.995805 -0.950981
0.684793 -0.72484 0.0752654 -22.6448 0.723788 0.688522 0.0454832 -1.91947 -0.08479 0.0233296 0.996126 -0.963343
0.674415 -0.735363 0.0663776 -22.6928 0.733774 0.677515 0.0504829 -1.99218 -0.082095 0.0146598 0.996517 -0.97648
0.663916 -0.745194 0.0624584 -22.7511 0.742197 0.666845 0.0667931 -2.06663 -0.0914239 0.00201135 0.99581 -0.982922
0.653364 -0.754183 0.0657533 -22.7988 0.750807 0.656659 0.0713301 -2.13265 -0.0969734 0.00276351 0.995283 -0.983819
0.63985 -0.765996 0.0619822 -22.8483 0.762059 0.642841 0.0776008 -2.19791 -0.0992865 -0.00241877 0.995056 -0.975356
0.635409 -0.76924 0.0672699 -22.895 0.765651 0.638946 0.0743398 -2.27228 -0.100167 0.00426909 0.994961 -0.973939
0.629545 -0.774342 0.0637787 -22.9324 0.771733 0.632705 0.0641297 -2.34703 -0.0900115 0.00884756 0.995901 -0.976424
0.628682 -0.774962 0.0647478 -22.983 0.772199 0.63195 0.0659361 -2.42494 -0.0920153 0.0085453 0.995721 -0.983607
0.63016 -0.773234 0.0707569 -23.0119 0.770218 0.634026 0.0691091 -2.49852 -0.0982992 0.0109484 0.995097 -0.994514
0.627999 -0.773759 0.0831523 -23.054 0.769825 0.63332 0.0792138 -2.5762 -0.113954 0.0142666 0.993384 -1.00061
0.628777 -0.773001 0.0843186 -23.0829 0.766793 0.634397 0.0978196 -2.64962 -0.129106 0.0031482 0.991626 -1.01105
0.634881 -0.767748 0.0865408 -23.1181 0.761394 0.640744 0.0986207 -2.72866 -0.131166 0.00327918 0.991355 -1.00022
0.634812 -0.768945 0.0757404 -23.1619 0.763521 0.639315 0.0911699 -2.8128 -0.118527 -4.64124e-05 0.992951 -0.989714
0.63622 -0.768459 0.0685211 -23.2074 0.764548 0.639892 0.0774899 -2.8907 -0.103394 0.00308704 0.994636 -0.995023
0.629962 -0.773996 0.0638612 -23.255 0.77034 0.633188 0.0751617 -2.96452 -0.098611 0.00184582 0.995124 -1.00713
0.623634 -0.779347 0.0608199 -23.3049 0.775803 0.626592 0.0742422 -3.04379 -0.0959697 0.000884259 0.995384 -1.01866
0.623042 -0.779425 0.0656901 -23.3446 0.776516 0.626435 0.0678406 -3.11591 -0.0940273 0.00874184 0.995531 -1.02502
0.619177 -0.782727 0.0629111 -23.4027 0.779699 0.622333 0.0690699 -3.19414 -0.0932145 0.0062852 0.995626 -1.02046
0.622473 -0.778916 0.0762702 -23.4503 0.77646 0.626841 0.0646474 -3.26985 -0.0981642 0.0189795 0.994989 -1.01533
0.620653 -0.780858 0.0710661 -23.4871 0.779176 0.624355 0.0553725 -3.33773 -0.0876085 0.0210059 0.995933 -1.01645
0.627149 -0.775791 0.0695071 -23.5271 0.774347 0.63063 0.0518795 -3.40938 -0.084081 0.0212864 0.996232 -1.02126
0.638591 -0.765727 0.0765775 -23.5702 0.764161 0.642727 0.054414 -3.47063 -0.0908847 0.0237692 0.995578 -1.03149
0.647966 -0.756809 0.0859053 -23.5987 0.754723 0.653158 0.0614719 -3.547 -0.102632 0.0250029 0.994405 -1.04359
0.661253 -0.745297 0.0853062 -23.6327 0.742727 0.666423 0.0650894 -3.62005 -0.105361 0.0203187 0.994226 -1.04026
0.68124 -0.727308 0.0832759 -23.666 0.724047 0.686195 0.069946 -3.68361 -0.108016 0.0126457 0.994069 -1.03646
0.694142 -0.717094 0.0627959 -23.7095 0.713948 0.696974 0.0671246 -3.75315 -0.0919018 -0.00176097 0.995767 -1.02916
0.712277 -0.700522 0.0439407 -23.7555 0.698633 0.713604 0.0517876 -3.82856 -0.0676346 -0.00618872 0.997691 -1.03391
0.730774 -0.681252 0.0431983 -23.7908 0.680109 0.732049 0.0394458 -3.89007 -0.0584958 0.000553621 0.998288 -1.04351
0.745161 -0.665592 0.041489 -23.8337 0.665072 0.74628 0.0272947 -3.95732 -0.0491296 0.00725418 0.998766 -1.05669
0.756264 -0.653157 0.0380809 -23.8765 0.652261 0.757222 0.0342125 -4.02902 -0.0511818 -0.001035 0.998689 -1.06876
0.775266 -0.630505 0.0377649 -23.928 0.629242 0.776147 0.0406197 -4.08555 -0.054922 -0.00772781 0.998461 -1.07337
0.792422 -0.608731 0.0389096 -23.9739 0.607453 0.793334 0.0402767 -4.14481 -0.055386 -0.00828039 0.998431 -1.06876
0.81291 -0.580276 0.0495678 -24.0226 0.579268 0.814419 0.0341968 -4.2046 -0.0602126 0.000914156 0.998185 -1.0591
0.831992 -0.552336 0.052092 -24.0727 0.551974 0.83356 0.0224149 -4.25309 -0.0558024 0.0101044 0.998391 -1.06169
0.852482 -0.520029 0.05333 -24.1179 0.519615 0.854105 0.0224493 -4.30383 -0.0572238 0.00857347 0.998325 -1.06612
0.870877 -0.488617 0.0531741 -24.1706 0.488215 0.872466 0.0211821 -4.35735 -0.0567425 0.00751338 0.998361 -1.07582
0.889991 -0.452276 0.0579935 -24.234 0.452156 0.891797 0.0159226 -4.42703 -0.0589199 0.0120512 0.99819 -1.08344
0.908678 -0.412288 0.0657543 -24.2856 0.412096 0.91098 0.0170825 -4.46758 -0.0669438 0.0115746 0.99769 -1.08489
0.926471 -0.370356 0.066985 -24.3428 0.369829 0.928872 0.0205645 -4.51755 -0.0698367 0.00572063 0.997542 -1.08448
0.943846 -0.323542 0.0668906 -24.4003 0.322653 0.946213 0.023992 -4.5476 -0.0710552 -0.00106231 0.997472 -1.08004
0.960758 -0.271551 0.0566055 -24.4632 0.271453 0.962404 0.00954651 -4.58423 -0.0570697 0.00619387 0.998351 -1.07343
0.974194 -0.216972 0.0622098 -24.5274 0.217199 0.976122 0.00316181 -4.60346 -0.0614104 0.0104317 0.998058 -1.07872
0.983355 -0.17081 0.0619367 -24.592 0.17073 0.985296 0.00661891 -4.61571 -0.0621565 0.00406572 0.998058 -1.09002
0.989774 -0.124581 0.0694806 -24.6549 0.124432 0.992207 0.00648924 -4.61517 -0.0697475 0.00222271 0.997562 -1.10124
0.994146 -0.0748798 0.0778927 -24.714 0.0747782 0.997191 0.00422507 -4.62151 -0.0779902 0.00162433 0.996953 -1.0951
0.994686 -0.024384 0.100021 -24.7852 0.0242596 0.999703 0.00245938 -4.6052 -0.100051 -1.98403e-05 0.994982 -1.09575
0.993873 0.0331944 0.105426 -24.8454 -0.0328019 0.999447 -0.00545463 -4.61055 -0.105549 0.00196302 0.994412 -1.08839
0.9922 0.0869403 0.0893381 -24.9221 -0.0855734 0.99615 -0.0190257 -4.59781 -0.0906483 0.0112323 0.99582 -1.09243
0.985914 0.14624 0.0811597 -24.9943 -0.144917 0.989199 -0.0219871 -4.57727 -0.0834985 0.00991595 0.996459 -1.09756
0.976488 0.205207 0.0660407 -25.0662 -0.203592 0.978584 -0.0303977 -4.56953 -0.0708642 0.0162377 0.997354 -1.11372
0.962556 0.264193 0.0607305 -25.1321 -0.262026 0.964173 -0.0413864 -4.55605 -0.0694888 0.0239238 0.997296 -1.12422
0.948133 0.312068 0.0604714 -25.1994 -0.310302 0.949921 -0.0369244 -4.53885 -0.0689659 0.0162449 0.997487 -1.12605
0.926071 0.371539 0.06597 -25.2716 -0.368543 0.928078 -0.0533552 -4.52792 -0.0810488 0.0250979 0.996394 -1.12667
0.900762 0.428734 0.0693888 -25.3299 -0.425003 0.903034 -0.0624663 -4.51158 -0.0894419 0.0267767 0.995632 -1.11657
0.876695 0.47486 0.0768976 -25.3863 -0.471226 0.879889 -0.061159 -4.48372 -0.0967034 0.0173817 0.995161 -1.11611
0.846405 0.528854 0.0625499 -25.431 -0.525421 0.848451 -0.0637506 -4.45731 -0.0867853 0.0210938 0.996004 -1.11931
0.810026 0.584128 0.0515013 -25.4995 -0.580179 0.811097 -0.0742631 -4.42427 -0.0851517 0.030275 0.995908 -1.1195
0.777457 0.627723 0.0390478 -25.5447 -0.623825 0.77755 -0.0791089 -4.38247 -0.0800201 0.0371447 0.996101 -1.12322
0.746656 0.664124 0.0380059 -25.6032 -0.660332 0.746876 -0.0783494 -4.3248 -0.0804194 0.0334036 0.996201 -1.13405
0.71778 0.695516 0.0324062 -25.6461 -0.691525 0.717539 -0.0832513 -4.27821 -0.0811553 0.0373463 0.996002 -1.13879
0.682914 0.729153 0.0443317 -25.6807 -0.72397 0.683658 -0.0920865 -4.21872 -0.0974529 0.0307923 0.994764 -1.14276
0.645934 0.762341 0.0400646 -25.7262 -0.756649 0.646306 -0.0988488 -4.17095 -0.10125 0.033535 0.994296 -1.13149
0.602915 0.797141 0.0325578 -25.7643 -0.790616 0.60245 -0.109452 -4.12092 -0.106863 0.0402494 0.993459 -1.12348
0.560698 0.827818 0.0183071 -25.7991 -0.821356 0.558848 -0.114298 -4.06624 -0.104849 0.04905 0.993278 -1.13137
0.513416 0.857991 0.0159689 -25.8359 -0.851408 0.511626 -0.115512 -4.01108 -0.107279 0.0457097 0.993178 -1.13566
0.467209 0.884137 0.00416285 -25.8602 -0.877992 0.464505 -0.115606 -3.9551 -0.104145 0.0503572 0.993286 -1.14623
0.421339 0.906876 -0.00699576 -25.8995 -0.900203 0.417278 -0.124555 -3.89445 -0.110037 0.0587776 0.992188 -1.14818
0.382546 0.923923 -0.0050081 -25.9323 -0.916458 0.378756 -0.129034 -3.83258 -0.11732 0.053951 0.991628 -1.14595
0.329985 0.943826 -0.0173724 -25.9813 -0.933811 0.323678 -0.152415 -3.77528 -0.138231 0.0665173 0.988164 -1.14706
0.284599 0.958378 -0.0226926 -26.0192 -0.948507 0.278076 -0.151687 -3.70458 -0.139064 0.0646941 0.988168 -1.13252
0.250587 0.967613 -0.0305113 -26.0551 -0.958599 0.243603 -0.147465 -3.64235 -0.135256 0.0662009 0.988597 -1.12928
0.219399 0.974658 -0.0436576 -26.0835 -0.968917 0.212428 -0.126784 -3.56807 -0.114297 0.0701168 0.990969 -1.13238
0.203264 0.978201 -0.0425157 -26.1098 -0.972851 0.196864 -0.12168 -3.51014 -0.110658 0.0660946 0.991658 -1.13123
0.188525 0.981251 -0.040061 -26.132 -0.975577 0.18244 -0.122334 -3.42232 -0.112732 0.0621457 0.99168 -1.14184
