1 0 0 0 0 1 0 0 -0 0 1 0
1 0 0 0 0 1 0 0 -0 0 1 0
0.999861 0.0118898 0.0116599 -0.0941049 -0.0118669 0.999928 -0.00203235 -0.00453344 -0.0116832 0.0018937 0.99993 0.0200319
0.999719 0.0109559 0.0210035 -0.187426 -0.0105547 0.999761 -0.0191209 -0.0264342 -0.0212079 0.0188938 0.999597 -0.0557318
0.999498 0.0132416 0.0287951 -0.295996 -0.013146 0.999907 -0.00350621 -0.0471485 -0.0288388 0.00312591 0.999579 -0.0204335
0.998989 0.016362 0.0418737 -0.389388 -0.0164301 0.999864 0.00128255 -0.0592896 -0.041847 -0.00196924 0.999122 -0.0243026
0.998493 0.0213878 0.0505302 -0.487876 -0.0211508 0.999763 -0.00522055 -0.0758641 -0.0506298 0.00414393 0.998709 -0.0181609
0.998973 0.0152326 0.0426754 -0.590273 -0.0151303 0.999882 -0.00272016 -0.0877021 -0.0427118 0.00207168 0.999085 -0.0121481
0.99935 0.00245085 0.035976 -0.69107 -0.00224025 0.99998 -0.00589305 -0.101771 -0.0359897 0.00580862 0.999335 -0.0339695
0.999378 -0.0137842 0.0324446 -0.805002 0.0137404 0.999904 0.00157233 -0.108565 -0.0324631 -0.00112555 0.999472 -0.0627419
0.999203 -0.0177167 0.0357836 -0.91464 0.0181394 0.999769 -0.0115227 -0.109322 -0.0355712 0.0121626 0.999293 -0.111266
0.999208 -0.0303671 0.0256947 -1.01544 0.030429 0.999535 -0.00202174 -0.120506 -0.0256214 0.002802 0.999668 -0.0588369
0.99886 -0.0413129 0.0239198 -1.11889 0.0413486 0.999144 -0.000997144 -0.120529 -0.0238581 0.00198506 0.999713 -0.058795
0.998601 -0.0480949 0.0219562 -1.23091 0.048131 0.99884 -0.00111665 -0.132327 -0.0218771 0.00217187 0.999758 -0.0663823
0.998571 -0.0424878 0.0324 -1.33025 0.0427092 0.999068 -0.006172 -0.143968 -0.0321076 0.00754696 0.999456 -0.109432
0.998659 -0.0350243 0.0381349 -1.43888 0.0353773 0.999337 -0.00862069 -0.16507 -0.0378077 0.00995824 0.999235 -0.14785
0.99838 -0.0367471 0.0434398 -1.54264 0.0371273 0.999279 -0.00797791 -0.174972 -0.0431153 0.00957779 0.999024 -0.157986
0.998942 -0.0208642 0.0409869 -1.64973 0.0212425 0.999735 -0.00881659 -0.199408 -0.0407921 0.00967792 0.999121 -0.172293
0.99953 0.000118524 0.0306552 -1.75572 0.000499803 0.999797 -0.0201619 -0.214909 -0.0306514 0.0201678 0.999327 -0.18607
0.999903 0.00101153 0.0138666 -1.87074 -0.000775533 0.999855 -0.0170137 -0.219478 -0.0138818 0.0170013 0.999759 -0.202825
0.999923 -0.00329393 0.0119773 -1.97688 0.00356074 0.999744 -0.0223236 -0.236923 -0.0119008 0.0223645 0.999679 -0.198359
0.99986 -0.00996089 0.0134665 -2.08679 0.0102594 0.999699 -0.0222818 -0.238211 -0.0132405 0.0224168 0.999661 -0.229137
0.999915 -0.00772321 0.0104772 -2.20313 0.0079123 0.999804 -0.0181278 -0.228932 -0.0103352 0.0182091 0.999781 -0.249752
0.999861 0.00637636 0.015435 -2.31824 -0.00605052 0.99976 -0.0210659 -0.226671 -0.0155656 0.0209696 0.999659 -0.244462
0.999808 0.00789302 0.0179389 -2.4184 -0.0075419 0.99978 -0.0195573 -0.227581 -0.0180893 0.0194183 0.999648 -0.253797
0.999861 0.00873235 0.01419 -2.52406 -0.00844549 0.999761 -0.0201511 -0.232574 -0.0143625 0.0200285 0.999696 -0.25405
0.999701 0.0212039 0.0122101 -2.6275 -0.0210085 0.999653 -0.0159183 -0.233445 -0.0125434 0.0156571 0.999799 -0.294865
0.99925 0.0309705 0.0232499 -2.73399 -0.0304376 0.999274 -0.0229337 -0.258806 -0.0239433 0.0222088 0.999467 -0.289071
0.998925 0.0374025 0.0273968 -2.8352 -0.0365273 0.998827 -0.0317792 -0.273272 -0.0285532 0.0307443 0.999119 -0.304533
0.997746 0.0638112 0.0207387 -2.94649 -0.0632899 0.997685 -0.0248876 -0.287709 -0.0222788 0.0235189 0.999475 -0.299543
0.996111 0.0863365 0.017565 -3.05638 -0.0858753 0.995979 -0.0255067 -0.298709 -0.0196965 0.0238991 0.99952 -0.296727
0.995633 0.0930381 0.00764015 -3.15889 -0.0928604 0.995457 -0.0210168 -0.299194 -0.0095608 0.0202155 0.99975 -0.306337
0.99615 0.0868996 0.0115846 -3.25804 -0.0866812 0.99607 -0.0181835 -0.300182 -0.0131192 0.0171094 0.999768 -0.334372
0.996518 0.0811989 0.0189203 -3.35674 -0.0809031 0.996595 -0.01591 -0.287709 -0.0201478 0.0143239 0.999694 -0.370294
0.995869 0.0874221 0.0245433 -3.46392 -0.0869229 0.996 -0.0207195 -0.293084 -0.0262565 0.0185006 0.999484 -0.36007
0.99589 0.0869259 0.0254171 -3.57089 -0.0864607 0.996077 -0.0188663 -0.287729 -0.0269573 0.0165912 0.999499 -0.347223
0.996397 0.0827625 0.0185236 -3.6755 -0.0823228 0.996332 -0.0233589 -0.293993 -0.0203889 0.0217498 0.999556 -0.341139
0.996301 0.0859168 0.00174341 -3.78313 -0.0858425 0.995968 -0.0260495 -0.296517 -0.00397447 0.0258035 0.999659 -0.358682
0.995868 0.0906909 0.004647 -3.88172 -0.0905347 0.99553 -0.0268802 -0.299702 -0.00706402 0.0263484 0.999628 -0.393491
0.995254 0.096112 0.0152419 -3.98491 -0.0954622 0.994677 -0.0387943 -0.310386 -0.0188894 0.0371552 0.999131 -0.463076
0.995021 0.0975923 0.0202368 -4.08685 -0.0969064 0.994763 -0.0324831 -0.333405 -0.0233009 0.0303602 0.999267 -0.441554
0.993433 0.11179 0.0243808 -4.19329 -0.110996 0.993311 -0.0318174 -0.340182 -0.0277746 0.0289023 0.999196 -0.438275
0.99308 0.115654 0.0203884 -4.2873 -0.115091 0.99299 -0.0269104 -0.354076 -0.0233578 0.0243777 0.99943 -0.404857
0.993211 0.116029 0.00830911 -4.39255 -0.115853 0.99308 -0.0192345 -0.357387 -0.0104834 0.0181413 0.99978 -0.418954
0.993598 0.112143 0.0136967 -4.48518 -0.111764 0.993399 -0.0258243 -0.350109 -0.0165023 0.0241282 0.999573 -0.44654
0.99461 0.102359 0.0165304 -4.59217 -0.10189 0.994427 -0.0270973 -0.346499 -0.0192119 0.025267 0.999496 -0.483772
0.994615 0.101757 0.0196404 -4.69313 -0.100984 0.9942 -0.0369929 -0.332465 -0.0232908 0.0348103 0.999123 -0.511782
0.994489 0.101048 0.0279562 -4.79305 -0.100129 0.994443 -0.0325088 -0.33151 -0.0310858 0.0295304 0.99908 -0.487789
0.994834 0.0962941 0.0321332 -4.89135 -0.0949725 0.99466 -0.0403932 -0.328813 -0.0358513 0.0371327 0.998667 -0.498493
0.994872 0.0991605 0.0199437 -4.99058 -0.0982001 0.994174 -0.0444416 -0.327603 -0.0242343 0.0422552 0.998813 -0.500297
0.99411 0.106001 0.0225426 -5.08559 -0.104991 0.993583 -0.0420714 -0.324483 -0.0268575 0.0394569 0.99886 -0.527684
0.993324 0.112091 0.0272454 -5.18058 -0.1107 0.99269 -0.0480906 -0.339317 -0.0324367 0.0447535 0.998471 -0.527179
0.991954 0.120717 0.0381453 -5.27508 -0.118891 0.991796 -0.0469677 -0.341364 -0.0435021 0.0420546 0.998168 -0.536368
0.987922 0.145414 0.0535221 -5.36922 -0.143155 0.988727 -0.0438876 -0.343009 -0.0593006 0.0356956 0.997602 -0.534583
0.984399 0.16723 0.0547017 -5.46923 -0.165011 0.98536 -0.0428626 -0.339624 -0.0610687 0.0331675 0.997582 -0.533668
0.981032 0.189462 0.0409918 -5.56326 -0.187683 0.98126 -0.0436376 -0.340588 -0.0484913 0.0351164 0.998206 -0.540207
0.97891 0.199914 0.0420773 -5.66281 -0.198069 0.979188 -0.0442586 -0.336315 -0.0500495 0.034991 0.998134 -0.551919
0.975104 0.218359 0.038616 -5.75959 -0.216512 0.975152 -0.0469238 -0.310572 -0.0479027 0.0373948 0.998152 -0.578445
0.967763 0.250505 0.026114 -5.86425 -0.248358 0.96639 -0.0663996 -0.283237 -0.0418697 0.0577734 0.997451 -0.616266
0.956436 0.290794 0.0258724 -5.95547 -0.28788 0.954149 -0.082011 -0.271372 -0.0485344 0.0709901 0.996296 -0.584337
0.950045 0.309579 0.0396901 -6.04506 -0.305197 0.948073 -0.089509 -0.260704 -0.0653392 0.0729243 0.995195 -0.586495
0.943871 0.329619 0.021437 -6.13967 -0.326532 0.940886 -0.0900599 -0.241004 -0.0498553 0.078005 0.995706 -0.594221
0.932604 0.360694 0.0122655 -6.23589 -0.358439 0.929668 -0.0850807 -0.226555 -0.042091 0.0749501 0.996299 -0.610311
0.923533 0.383359 0.0110579 -6.32813 -0.380846 0.920114 -0.0913621 -0.210739 -0.0451991 0.0801646 0.995756 -0.637907
0.916894 0.399017 0.00949679 -6.42511 -0.397031 0.914251 -0.0806969 -0.194938 -0.0408819 0.0702201 0.996693 -0.65332
0.902451 0.430009 0.0259734 -6.51819 -0.427364 0.90123 -0.0717215 -0.182636 -0.0542489 0.053625 0.997086 -0.655101
0.885038 0.46479 0.0260557 -6.60755 -0.461371 0.883231 -0.0839071 -0.170776 -0.0620124 0.0622395 0.996133 -0.638669
0.875937 0.482236 0.0135279 -6.70998 -0.479963 0.873953 -0.0764339 -0.152693 -0.0486819 0.0604584 0.996983 -0.667894
0.866482 0.499104 -0.0102236 -6.80424 -0.498462 0.863884 -0.0723895 -0.143892 -0.0272979 0.0678202 0.997324 -0.677049
0.862385 0.505881 -0.019385 -6.8985 -0.505713 0.859069 -0.0790826 -0.128255 -0.0233533 0.0780029 0.99668 -0.695682
0.863322 0.5045 -0.0124524 -6.9896 -0.503895 0.86041 -0.0760611 -0.106606 -0.0276587 0.07194 0.997025 -0.710375
0.858147 0.513331 -0.00864725 -7.09789 -0.511636 0.853673 -0.097322 -0.0833568 -0.0425765 0.0879409 0.995215 -0.736481
0.85791 0.513263 -0.023488 -7.18916 -0.513462 0.854789 -0.0754455 -0.056402 -0.0186461 0.0767856 0.996873 -0.718699
0.858669 0.511099 -0.0382756 -7.2903 -0.512451 0.854835 -0.0815503 -0.029079 -0.00896098 0.0896391 0.995934 -0.723202
0.858909 0.510642 -0.0389977 -7.3822 -0.512102 0.855596 -0.0755448 -0.019285 -0.00521002 0.0848569 0.99638 -0.724754
0.856134 0.516364 -0.0200565 -7.46601 -0.516189 0.852742 -0.0798711 -0.00425554 -0.0241396 0.0787334 0.996603 -0.739361
0.854466 0.519308 -0.0143471 -7.55419 -0.51811 0.84982 -0.0967885 0.00780205 -0.0380706 0.0901359 0.995202 -0.783693
0.852583 0.522586 -0.0023938 -7.64442 -0.520715 0.849125 -0.088554 0.00820203 -0.0442445 0.0767461 0.996069 -0.763802
0.848737 0.52874 0.00896199 -7.74226 -0.526531 0.846522 -0.0785294 0.0273899 -0.0491081 0.061932 0.996872 -0.766311
0.846093 0.532886 0.0125923 -7.82957 -0.530581 0.844227 -0.0759232 0.0448469 -0.0510892 0.0575569 0.997034 -0.774866
0.847216 0.531242 -0.0024843 -7.93422 -0.53013 0.84512 -0.0688074 0.0586482 -0.0344539 0.0596118 0.997627 -0.784916
0.852421 0.522836 -0.00448514 -8.01647 -0.521638 0.84982 -0.075495 0.0738126 -0.0356599 0.0666931 0.997136 -0.79488
0.867036 0.498212 0.00572862 -8.10781 -0.496443 0.86482 -0.0750321 0.0961473 -0.0423361 0.0622116 0.997165 -0.809879
0.87614 0.481975 0.00884728 -8.19419 -0.480101 0.87409 -0.0739544 0.128221 -0.0433775 0.0605468 0.997222 -0.827765
0.883969 0.467237 0.0169648 -8.28018 -0.465197 0.882583 -0.0681135 0.15977 -0.046798 0.0523183 0.997533 -0.842242
0.893352 0.44868 0.024677 -8.3648 -0.446455 0.892473 -0.0645839 0.180483 -0.051001 0.0466789 0.997607 -0.839783
0.899333 0.436988 0.0155327 -8.45723 -0.435011 0.897736 -0.0695385 0.206367 -0.0443318 0.0557814 0.997458 -0.837538
0.903551 0.428292 0.0127319 -8.54186 -0.426492 0.90182 -0.069463 0.227838 -0.0412323 0.0573333 0.997503 -0.848546
0.907516 0.419749 0.0150491 -8.62873 -0.417811 0.905835 -0.0699836 0.246674 -0.0430075 0.0572235 0.997435 -0.86702
0.91312 0.407464 0.0136238 -8.7208 -0.405257 0.910806 -0.0787292 0.254291 -0.044488 0.0663681 0.996803 -0.878452
0.918402 0.395142 0.0200134 -8.811 -0.392782 0.916659 -0.0738816 0.266655 -0.0475392 0.0599921 0.997066 -0.893809
0.919608 0.392463 0.0171493 -8.9097 -0.38973 0.916943 -0.0855878 0.279335 -0.049315 0.0720236 0.996183 -0.896888
0.923662 0.383124 0.00808341 -9.01264 -0.380995 0.920386 -0.0879309 0.292076 -0.0411282 0.0781386 0.996094 -0.907061
0.932033 0.362372 -0.000946358 -9.09635 -0.361391 0.929312 -0.0759921 0.305508 -0.0266579 0.0711692 0.997108 -0.901244
0.940427 0.339995 -0.000280379 -9.18316 -0.339124 0.937959 -0.0723098 0.31579 -0.024322 0.0680972 0.997382 -0.916462
0.949295 0.314286 0.00801307 -9.27307 -0.313036 0.947268 -0.0684986 0.333711 -0.0291187 0.062517 0.997619 -0.944561
0.953987 0.299377 0.0168023 -9.36419 -0.297677 0.952322 -0.0668615 0.349837 -0.036018 0.0587833 0.997621 -0.95734
0.95496 0.296077 0.0197285 -9.44876 -0.294352 0.953607 -0.0631625 0.372846 -0.0375142 0.0545105 0.997808 -0.971782
0.955098 0.29512 0.0263064 -9.54446 -0.292871 0.953798 -0.0670507 0.389562 -0.0448789 0.0563357 0.997403 -0.951995
0.955317 0.294637 0.0236401 -9.63731 -0.292214 0.953443 -0.0745518 0.397868 -0.0445052 0.0643126 0.996937 -0.950759
0.951543 0.307331 0.0106803 -9.72723 -0.305656 0.94903 -0.0769253 0.409406 -0.0337775 0.0699332 0.99698 -0.963469
0.947388 0.320054 0.00452714 -9.80953 -0.318751 0.944634 -0.0778789 0.416918 -0.029202 0.0723386 0.996953 -0.974184
0.944165 0.329028 0.0171212 -9.89391 -0.326589 0.941496 -0.0832136 0.411715 -0.0434991 0.0729758 0.996385 -0.997426
0.935998 0.350178 0.0358268 -9.97774 -0.346478 0.934481 -0.0818375 0.411347 -0.0621372 0.0641865 0.996002 -1.00415
0.927901 0.369499 0.0497013 -10.0628 -0.364813 0.927344 -0.0833368 0.402984 -0.076883 0.0591966 0.995281 -0.989556
0.925664 0.37488 0.0510959 -10.1455 -0.370506 0.925528 -0.0782527 0.400663 -0.0766261 0.0535044 0.995623 -0.990845
0.923472 0.382096 0.0346738 -10.241 -0.378736 0.922317 -0.0767488 0.396124 -0.0613056 0.0577431 0.996447 -0.992861
0.92533 0.378052 0.0289942 -10.3255 -0.374714 0.923476 -0.0823566 0.390439 -0.0579105 0.0653425 0.996181 -1.02467
0.930317 0.366178 0.0206034 -10.4209 -0.363627 0.928244 -0.0783529 0.389677 -0.0478161 0.065401 0.996713 -1.02661
0.931675 0.362686 0.0209989 -10.5173 -0.359956 0.929389 -0.0816532 0.395857 -0.0491306 0.0685155 0.99644 -1.05426
0.933895 0.356923 0.021138 -10.6001 -0.354747 0.932344 -0.0699275 0.3995 -0.0446666 0.0578062 0.997328 -1.04077
0.939142 0.343249 0.0138875 -10.6989 -0.341469 0.937166 -0.0715487 0.405899 -0.0375739 0.0624522 0.99734 -1.04706
0.942156 0.335119 0.00616539 -10.791 -0.333625 0.939407 -0.0788006 0.395622 -0.0321994 0.0721855 0.996871 -1.0572
0.941701 0.336332 0.00889452 -10.8845 -0.334519 0.938798 -0.0821907 0.39888 -0.0359935 0.0744237 0.996577 -1.07673
0.942261 0.334718 0.0103906 -10.9736 -0.332773 0.939359 -0.0828707 0.404522 -0.0374988 0.0746281 0.996506 -1.10295
0.941731 0.336178 0.0112911 -11.0716 -0.333903 0.938359 -0.0893962 0.390668 -0.0406481 0.080417 0.995932 -1.12769
0.940142 0.340459 0.0148396 -11.1664 -0.338369 0.937771 -0.0780471 0.383135 -0.040488 0.0683541 0.996839 -1.11828
0.936898 0.348752 0.0243889 -11.2634 -0.346498 0.93559 -0.0678982 0.380542 -0.0464976 0.055163 0.997394 -1.10869
0.938385 0.345025 0.01979 -11.365 -0.343248 0.937149 -0.0627063 0.380853 -0.0401814 0.0520498 0.997836 -1.11803
0.943782 0.330452 0.00881245 -11.4696 -0.329361 0.942273 -0.0603568 0.380624 -0.0282488 0.0540611 0.998138 -1.12751
0.952032 0.305902 0.00768104 -11.5582 -0.30488 0.950398 -0.061583 0.374054 -0.0261384 0.0562872 0.998072 -1.14435
0.960663 0.277544 0.00979306 -11.6526 -0.276724 0.959613 -0.0506587 0.383354 -0.0234576 0.0459559 0.998668 -1.1685
0.967363 0.252484 0.0214704 -11.7599 -0.251418 0.966927 -0.0429127 0.38879 -0.031595 0.0361141 0.998848 -1.17805
0.976058 0.216293 0.0229959 -11.8512 -0.215484 0.975942 -0.0332298 0.392678 -0.0296301 0.027479 0.999183 -1.16463
0.984304 0.174323 0.0275146 -11.9521 -0.17341 0.984308 -0.0326688 0.385904 -0.0327777 0.0273847 0.999087 -1.16612
0.991206 0.128869 0.0300462 -12.0442 -0.128078 0.991399 -0.0269071 0.38044 -0.0332553 0.0228223 0.999186 -1.17216
0.994612 0.0957635 0.0397102 -12.1252 -0.094929 0.995232 -0.0223976 0.368884 -0.0416658 0.0185072 0.99896 -1.18421
0.996708 0.0619047 0.0523567 -12.2185 -0.061361 0.998044 -0.01193 0.357329 -0.0529929 0.00867805 0.998557 -1.208
0.99759 0.035356 0.0596966 -12.3024 -0.0346931 0.999325 -0.0121047 0.330393 -0.0600843 0.0100045 0.998143 -1.22257
0.997875 0.00844607 0.064609 -12.4033 -0.00789398 0.99993 -0.00879561 0.315445 -0.0646788 0.0082669 0.997872 -1.22557
0.997952 -0.0178933 0.0614132 -12.4892 0.0181733 0.999827 -0.00400233 0.292421 -0.061331 0.00511022 0.998104 -1.23992
0.997483 -0.0543817 0.0454936 -12.5855 0.0542727 0.99852 0.00362905 0.267703 -0.0456236 -0.00115086 0.998958 -1.23971
0.99439 -0.0974432 0.0411506 -12.6762 0.0971271 0.995226 0.00961622 0.235871 -0.0418911 -0.00556543 0.999107 -1.24715
0.988274 -0.150042 0.0283177 -12.766 0.14953 0.988567 0.0194008 0.221341 -0.0309048 -0.014939 0.999411 -1.27433
0.981087 -0.19182 0.0259575 -12.8715 0.191285 0.981294 0.021748 0.202655 -0.0296436 -0.0163714 0.999426 -1.2877
0.973779 -0.226731 0.0186298 -12.9635 0.226308 0.9738 0.0223185 0.176323 -0.0232019 -0.0175172 0.999577 -1.28892
0.96317 -0.268459 0.0153002 -13.0513 0.268205 0.963216 0.0167633 0.14328 -0.0192376 -0.0120423 0.999742 -1.28535
0.949569 -0.313323 0.0121672 -13.1283 0.312943 0.94942 0.0258431 0.119868 -0.019649 -0.0207322 0.999592 -1.29453
0.93805 -0.3465 0.00100118 -13.209 0.346337 0.93769 0.0280829 0.0886534 -0.0106695 -0.0259964 0.999605 -1.30301
0.928738 -0.370738 -1.96757e-06 -13.2843 0.37054 0.928243 0.0326177 0.0510039 -0.0120908 -0.030294 0.999468 -1.31894
0.920631 -0.390271 0.0112751 -13.3518 0.389833 0.920433 0.0288467 0.00267842 -0.021636 -0.0221618 0.99952 -1.34426
0.913329 -0.406562 0.0231833 -13.4184 0.405702 0.913359 0.034368 -0.0440117 -0.0351474 -0.0219838 0.99914 -1.34788
0.908165 -0.415931 0.0472992 -13.4768 0.414791 0.909344 0.032262 -0.100982 -0.0564301 -0.00967997 0.99836 -1.33804
0.896787 -0.439354 0.0523565 -13.5532 0.437703 0.898217 0.0402805 -0.156414 -0.0647249 -0.0132064 0.997816 -1.33846
0.882153 -0.469945 0.0309394 -13.6198 0.468482 0.882345 0.0446386 -0.201719 -0.0482769 -0.0248835 0.998524 -1.33765
0.86377 -0.50305 0.0290216 -13.6837 0.501707 0.863957 0.043217 -0.25913 -0.0468138 -0.0227692 0.998644 -1.34918
0.843517 -0.536353 0.0283581 -13.7531 0.535143 0.843773 0.0408552 -0.3144 -0.0458406 -0.0192864 0.998763 -1.35737
0.824679 -0.565038 0.0252351 -13.8263 0.563197 0.824465 0.0553776 -0.365275 -0.0520959 -0.0314564 0.998147 -1.3683
0.808969 -0.58708 0.030109 -13.8895 0.584458 0.808739 0.0659557 -0.418055 -0.0630716 -0.0357586 0.997368 -1.36789
0.788111 -0.615 0.0256156 -13.9697 0.612369 0.787595 0.068549 -0.472222 -0.0623323 -0.038338 0.997319 -1.36979
0.76939 -0.638512 0.0184796 -14.0372 0.636626 0.76885 0.0598101 -0.532622 -0.0523975 -0.0342527 0.998039 -1.36724
0.756465 -0.653972 0.00895592 -14.0997 0.652561 0.75561 0.056734 -0.600706 -0.0438696 -0.037073 0.998349 -1.37579
0.750004 -0.661395 0.00714255 -14.1595 0.659993 0.74904 0.0578685 -0.654425 -0.043624 -0.0386876 0.998299 -1.39339
0.747401 -0.664198 0.0152698 -14.2192 0.662653 0.746921 0.0547773 -0.729834 -0.0477883 -0.030822 0.998382 -1.40913
0.748767 -0.662683 0.0141281 -14.2738 0.66066 0.747867 0.0649827 -0.783834 -0.0536288 -0.039323 0.997786 -1.42609
0.758449 -0.651488 0.0178821 -14.3312 0.649361 0.757742 0.0644768 -0.846434 -0.0555558 -0.0372904 0.997759 -1.41661
0.76499 -0.643922 0.0124284 -14.3821 0.641694 0.763706 0.0705779 -0.905992 -0.0549382 -0.0460162 0.997429 -1.41933
0.768233 -0.640165 0.00250377 -14.4526 0.638548 0.766559 0.0681458 -0.972198 -0.0455438 -0.0507531 0.997672 -1.41783
0.766778 -0.641913 -0.000561087 -14.5157 0.640617 0.765174 0.0641755 -1.03079 -0.0407657 -0.0495677 0.997938 -1.43013
0.761477 -0.648189 -0.00204635 -14.577 0.647042 0.759933 0.0619619 -1.08533 -0.0386079 -0.0485066 0.998076 -1.44774
0.755777 -0.654816 -0.00416165 -14.6398 0.653694 0.754078 0.0636483 -1.1467 -0.0385397 -0.0508244 0.997964 -1.45624
0.750553 -0.660807 0.00195429 -14.7009 0.659429 0.749172 0.0623986 -1.19419 -0.0426975 -0.0455447 0.998049 -1.45853
0.73774 -0.675075 0.0036361 -14.7681 0.672904 0.735779 0.0763459 -1.2428 -0.0542145 -0.0538767 0.997075 -1.45042
0.725202 -0.688522 0.00453861 -14.8277 0.685496 0.722602 0.0891144 -1.29645 -0.0646368 -0.0615147 0.996011 -1.44422
0.714983 -0.69911 -0.00666865 -14.8874 0.696781 0.711754 0.0888966 -1.35072 -0.0574021 -0.0682062 0.996019 -1.45156
0.707858 -0.706209 -0.014389 -14.945 0.704587 0.704499 0.0850728 -1.40893 -0.049942 -0.0703577 0.996271 -1.46209
0.702056 -0.712033 -0.0111908 -14.9878 0.710492 0.699301 0.0786109 -1.48607 -0.0481478 -0.0631403 0.996843 -1.48574
0.697059 -0.716999 -0.00459838 -15.0322 0.714886 0.694482 0.0814427 -1.54253 -0.0552008 -0.0600577 0.996667 -1.48872
0.689254 -0.724505 -0.00463134 -15.0776 0.722085 0.6864 0.086301 -1.61824 -0.0593465 -0.0628275 0.996258 -1.48726
0.686354 -0.727196 -0.01023 -15.1184 0.724777 0.682772 0.0923042 -1.67536 -0.0601385 -0.0707677 0.995678 -1.48282
0.680695 -0.732462 -0.0123936 -15.1747 0.730226 0.677072 0.0913474 -1.7402 -0.058517 -0.0712299 0.995742 -1.48126
0.674583 -0.738016 -0.0164423 -15.2155 0.736209 0.670962 0.0883542 -1.79411 -0.0541746 -0.0717072 0.995953 -1.48927
0.663128 -0.748329 -0.0162556 -15.2607 0.746633 0.659777 0.0850522 -1.85288 -0.052922 -0.0685375 0.996244 -1.50331
0.655358 -0.754937 -0.0239955 -15.3148 0.753418 0.651127 0.0916266 -1.91836 -0.0535482 -0.0781269 0.995504 -1.51851
0.646507 -0.762829 -0.010944 -15.3645 0.760822 0.643613 0.0831386 -1.98113 -0.0563769 -0.0620762 0.996478 -1.52253
0.635437 -0.772125 -0.00651822 -15.4201 0.769146 0.632196 0.093498 -2.04291 -0.0680714 -0.0644255 0.995598 -1.51417
0.627383 -0.778708 -0.00214465 -15.4768 0.77507 0.624181 0.0983065 -2.10526 -0.0752134 -0.0633381 0.995154 -1.50577
0.626608 -0.779317 -0.00532006 -15.5282 0.776151 0.623417 0.0945566 -2.15217 -0.0703729 -0.063379 0.995505 -1.50453
0.62698 -0.778914 -0.0137471 -15.5764 0.776906 0.623865 0.0849162 -2.21534 -0.057566 -0.063921 0.996293 -1.51008
0.632792 -0.774123 -0.0175259 -15.6224 0.772621 0.629742 0.0805129 -2.27672 -0.0512901 -0.0644888 0.996599 -1.53418
0.636344 -0.771364 -0.00793665 -15.662 0.769604 0.634121 0.0748354 -2.33659 -0.0526925 -0.0537291 0.997164 -1.5504
0.631861 -0.775069 -0.00450631 -15.6937 0.772808 0.629551 0.0802073 -2.39457 -0.0593292 -0.0541623 0.996768 -1.552
0.627828 -0.778295 0.00943139 -15.7227 0.775048 0.626232 0.084462 -2.47372 -0.0716426 -0.0457179 0.996382 -1.56173
0.620407 -0.78406 0.0185575 -15.7506 0.780715 0.619668 0.0805976 -2.55518 -0.0746928 -0.0355152 0.996574 -1.55088
0.592764 -0.80527 0.0130474 -15.7798 0.802287 0.591831 0.0779223 -2.63001 -0.0704703 -0.0357218 0.996874 -1.546
0.558473 -0.829523 -0.000104553 -15.8087 0.827332 0.556989 0.0726977 -2.70015 -0.0602462 -0.0406862 0.997354 -1.55065
0.510867 -0.859575 -0.0120568 -15.832 0.857304 0.508379 0.0811232 -2.77424 -0.063602 -0.0517795 0.996631 -1.55963
0.465068 -0.884972 -0.0231703 -15.8522 0.882702 0.461563 0.088299 -2.84531 -0.0674476 -0.0615175 0.995824 -1.57119
0.421752 -0.906384 -0.024377 -15.8833 0.903465 0.417816 0.0958161 -2.92563 -0.076661 -0.0624344 0.995101 -1.57992
0.372294 -0.927865 -0.0215481 -15.8921 0.923052 0.367742 0.112872 -2.99154 -0.0968062 -0.0619118 0.993376 -1.576
0.303072 -0.952158 -0.0392658 -15.9169 0.946783 0.296163 0.126054 -3.06798 -0.108394 -0.0753797 0.991246 -1.56139
0.233349 -0.971303 -0.0460254 -15.924 0.965369 0.225724 0.130812 -3.14639 -0.116669 -0.0749564 0.990338 -1.55866
0.166417 -0.984614 -0.0532993 -15.9224 0.980627 0.159594 0.113581 -3.22345 -0.103327 -0.0711685 0.992098 -1.55963
0.106105 -0.992572 -0.0595235 -15.9128 0.989121 0.0992235 0.1086 -3.30352 -0.101888 -0.070399 0.992302 -1.5649
0.0536169 -0.996865 -0.0581823 -15.9057 0.993446 0.0473615 0.104026 -3.38428 -0.100944 -0.0633785 0.992871 -1.57969
0.00671432 -0.99803 -0.0623727 -15.8839 0.994493 0.000140771 0.104803 -3.45967 -0.104588 -0.0627329 0.992535 -1.5846
-0.0333621 -0.997155 -0.0675898 -15.8723 0.993675 -0.040349 0.104797 -3.54661 -0.107226 -0.063666 0.992194 -1.58078
-0.065273 -0.994775 -0.078499 -15.8436 0.991925 -0.0732554 0.103526 -3.6134 -0.108736 -0.0711077 0.991524 -1.56901
-0.107684 -0.990402 -0.0866479 -15.8315 0.987328 -0.116753 0.107482 -3.69224 -0.116566 -0.0739758 0.990424 -1.56902
-0.153241 -0.984139 -0.0893794 -15.8123 0.983082 -0.161008 0.0873324 -3.77246 -0.100338 -0.0744843 0.992161 -1.56773
-0.19598 -0.976362 -0.0911544 -15.7891 0.97464 -0.204184 0.0915761 -3.84469 -0.108024 -0.0708956 0.991617 -1.57059
-0.235503 -0.966284 -0.104082 -15.7712 0.964617 -0.245463 0.0962437 -3.92171 -0.118547 -0.0777331 0.989901 -1.57368
-0.274859 -0.955174 -0.109978 -15.7594 0.952352 -0.286189 0.105461 -3.99519 -0.132208 -0.0757506 0.988323 -1.57109
-0.310738 -0.942789 -0.120791 -15.7394 0.93861 -0.324399 0.117374 -4.08452 -0.149844 -0.0769033 0.985714 -1.56496
-0.349742 -0.928286 -0.126352 -15.7175 0.922601 -0.364707 0.125685 -4.15555 -0.162754 -0.0726154 0.983991 -1.54672
-0.386099 -0.913542 -0.127937 -15.6884 0.90827 -0.400718 0.120294 -4.2395 -0.16116 -0.0697563 0.98446 -1.536
-0.417701 -0.899118 -0.130815 -15.6645 0.89522 -0.431873 0.109848 -4.31627 -0.155262 -0.0712242 0.985302 -1.53773
-0.439433 -0.888554 -0.131799 -15.6205 0.885341 -0.453228 0.10371 -4.38145 -0.151887 -0.0711137 0.985836 -1.54749
-0.458605 -0.879853 -0.124661 -15.5776 0.875171 -0.471519 0.108375 -4.44463 -0.154134 -0.0593981 0.986263 -1.56109
-0.474784 -0.870433 -0.130104 -15.5352 0.864423 -0.488981 0.116916 -4.5251 -0.165386 -0.0569552 0.984583 -1.55329
-0.488691 -0.862151 -0.133701 -15.4925 0.855203 -0.503695 0.122146 -4.57623 -0.172653 -0.0546493 0.983466 -1.5383
-0.503494 -0.852949 -0.137737 -15.446 0.846587 -0.518881 0.118544 -4.64504 -0.172582 -0.0569205 0.983349 -1.52937
-0.528393 -0.837952 -0.136519 -15.4032 0.832233 -0.543017 0.111898 -4.70455 -0.167897 -0.0544895 0.984297 -1.51905
-0.556656 -0.818809 -0.140307 -15.3502 0.813034 -0.571651 0.110413 -4.762 -0.170614 -0.0526118 0.983932 -1.51812
-0.591577 -0.792834 -0.14646 -15.3117 0.787944 -0.607015 0.103324 -4.814 -0.170822 -0.0542781 0.983806 -1.52635
-0.621623 -0.767216 -0.158 -15.2646 0.763604 -0.638491 0.0961196 -4.88349 -0.174626 -0.0608991 0.98275 -1.52708
-0.650652 -0.743029 -0.15672 -15.2088 0.737643 -0.667445 0.101977 -4.94705 -0.180374 -0.0492515 0.982364 -1.51924
-0.680284 -0.711991 -0.174019 -15.1634 0.70583 -0.700367 0.106251 -5.01334 -0.197527 -0.0505468 0.978993 -1.50339
-0.709823 -0.680768 -0.18085 -15.1138 0.673648 -0.731108 0.108068 -5.06096 -0.20579 -0.0451203 0.977555 -1.48763
-0.742928 -0.646807 -0.172334 -15.0672 0.640943 -0.761628 0.0954687 -5.12119 -0.193004 -0.03953 0.980401 -1.48231
-0.766047 -0.619338 -0.172025 -15.0097 0.615011 -0.78403 0.084018 -5.16783 -0.186908 -0.0414353 0.981503 -1.483
-0.783496 -0.598187 -0.168246 -14.9481 0.594941 -0.800282 0.0747951 -5.21343 -0.179386 -0.0414949 0.982903 -1.48879
-0.795726 -0.581052 -0.170877 -14.8845 0.576021 -0.813219 0.0829106 -5.25313 -0.187136 -0.0324545 0.981798 -1.49831
-0.807951 -0.562408 -0.175819 -14.8117 0.557647 -0.826192 0.0802271 -5.28615 -0.19038 -0.0332253 0.981148 -1.48865
-0.818523 -0.543915 -0.184867 -14.7505 0.537383 -0.838703 0.0882979 -5.30004 -0.203075 -0.0270704 0.978789 -1.46576
-0.833522 -0.51573 -0.198151 -14.6884 0.509112 -0.856284 0.0870792 -5.32427 -0.214583 -0.0282988 0.976296 -1.45276
-0.85749 -0.474242 -0.199513 -14.6295 0.469351 -0.879884 0.07425 -5.35015 -0.210761 -0.0299729 0.977078 -1.44418
-0.881343 -0.429219 -0.197501 -14.5586 0.424101 -0.902925 0.0697412 -5.37019 -0.208262 -0.0222944 0.977819 -1.44606
-0.908628 -0.374193 -0.185404 -14.4839 0.369877 -0.927225 0.0586845 -5.3946 -0.193871 -0.0152544 0.980908 -1.44856
-0.929354 -0.317723 -0.188026 -14.4222 0.316756 -0.947824 0.0359908 -5.41401 -0.189651 -0.0261103 0.981504 -1.44764
-0.944059 -0.260899 -0.201706 -14.3447 0.259266 -0.965173 0.0349505 -5.44369 -0.203799 -0.0193002 0.978822 -1.44001
-0.954835 -0.207715 -0.212474 -14.2677 0.20492 -0.97814 0.0353447 -5.4662 -0.215171 -0.00979179 0.976527 -1.4256
-0.965132 -0.148094 -0.215844 -14.204 0.144275 -0.988973 0.0334311 -5.47201 -0.218415 0.00112453 0.975855 -1.4073
-0.973579 -0.0922186 -0.208899 -14.1301 0.0867009 -0.995604 0.0354378 -5.47889 -0.211249 0.0163897 0.977295 -1.40154
-0.980619 -0.0311446 -0.193433 -14.0519 0.0261026 -0.999251 0.0285606 -5.48693 -0.194178 0.0229579 0.980698 -1.39485
-0.981403 0.0157602 -0.191309 -13.9815 -0.0201776 -0.999572 0.0211644 -5.47989 -0.190893 0.024631 0.981302 -1.39775
-0.979529 0.0584602 -0.192627 -13.9065 -0.0638468 -0.99772 0.0218703 -5.4709 -0.190909 0.0337212 0.981028 -1.40552
-0.975293 0.100311 -0.196827 -13.8306 -0.106813 -0.99402 0.022677 -5.44878 -0.193376 0.0431405 0.980176 -1.39816
-0.968424 0.131774 -0.211638 -13.7577 -0.140149 -0.989815 0.025004 -5.42666 -0.206188 0.0538753 0.977028 -1.3953
-0.962474 0.163734 -0.216414 -13.7013 -0.171657 -0.984989 0.0182046 -5.39899 -0.210184 0.0546705 0.976132 -1.37533
-0.953233 0.20897 -0.218355 -13.6341 -0.216481 -0.976227 0.0107857 -5.37396 -0.21091 0.057551 0.97581 -1.36196
-0.943129 0.258927 -0.20848 -13.5622 -0.264237 -0.964455 -0.00246476 -5.35817 -0.201708 0.0527635 0.978023 -1.35692
-0.929454 0.307651 -0.203633 -13.4907 -0.313302 -0.949642 -0.0047068 -5.32904 -0.194826 0.0594237 0.979036 -1.35325
-0.914939 0.350451 -0.200178 -13.4098 -0.355261 -0.934682 -0.0125778 -5.30939 -0.191511 0.0596074 0.979679 -1.35757
-0.898664 0.389512 -0.2017 -13.3413 -0.395245 -0.918487 -0.0127372 -5.28211 -0.19022 0.0682744 0.979365 -1.35446
-0.878986 0.428328 -0.209567 -13.2707 -0.433888 -0.90072 -0.0210993 -5.25608 -0.197799 0.0723828 0.977567 -1.33831
-0.854929 0.473517 -0.211846 -13.2032 -0.478378 -0.877604 -0.0310664 -5.22355 -0.200627 0.0747828 0.976809 -1.32004
-0.830459 0.515752 -0.210563 -13.1415 -0.521837 -0.852517 -0.0300269 -5.19871 -0.194995 0.0849437 0.977119 -1.3103
-0.810479 0.553031 -0.193083 -13.072 -0.559255 -0.828595 -0.0257635 -5.15528 -0.174235 0.0871017 0.980844 -1.30617
-0.793123 0.579854 -0.186346 -13.0121 -0.585584 -0.810112 -0.0284777 -5.11007 -0.167474 0.0865345 0.982071 -1.3085
-0.775043 0.603999 -0.185727 -12.9548 -0.609591 -0.792069 -0.0320342 -5.05968 -0.166457 0.0883898 0.982079 -1.31532
-0.757008 0.626984 -0.183932 -12.9074 -0.631642 -0.774248 -0.0395954 -5.01499 -0.167235 0.0862054 0.982141 -1.31598
-0.740526 0.642114 -0.198269 -12.8604 -0.64746 -0.76074 -0.0454993 -4.94006 -0.180047 0.0946775 0.979091 -1.30455
-0.727806 0.655911 -0.200199 -12.8232 -0.659693 -0.749377 -0.0569246 -4.88694 -0.187362 0.0906395 0.9781 -1.29517
-0.709465 0.676658 -0.19696 -12.7669 -0.68038 -0.730494 -0.0588387 -4.83381 -0.183692 0.0922638 0.978644 -1.27861
-0.694058 0.696419 -0.182441 -12.717 -0.699361 -0.712358 -0.0586609 -4.76784 -0.170816 0.0868782 0.981465 -1.2776
-0.675966 0.715744 -0.175444 -12.6669 -0.719563 -0.69244 -0.0524915 -4.69933 -0.159055 0.0907607 0.983089 -1.28586
-0.661553 0.731126 -0.16674 -12.6117 -0.734544 -0.67655 -0.0521943 -4.64684 -0.150968 0.0879483 0.984619 -1.28244
-0.646915 0.743993 -0.16726 -12.5475 -0.747003 -0.662366 -0.0570846 -4.57994 -0.153258 0.088015 0.984259 -1.2811
-0.62805 0.760581 -0.16453 -12.4928 -0.761018 -0.644469 -0.0742334 -4.52988 -0.162495 0.0785881 0.983575 -1.26672
-0.61002 0.773939 -0.169981 -12.4392 -0.775006 -0.627433 -0.0754554 -4.46504 -0.16505 0.0857072 0.982554 -1.25298
-0.597042 0.782982 -0.174587 -12.3931 -0.785798 -0.614606 -0.0691406 -4.40436 -0.161438 0.0959107 0.982211 -1.24183
-0.589346 0.790311 -0.167567 -12.3436 -0.792984 -0.605547 -0.0670082 -4.35063 -0.154427 0.0933873 0.983581 -1.23752
-0.587945 0.791831 -0.165301 -12.2973 -0.793989 -0.603986 -0.0691617 -4.28086 -0.154604 0.0905837 0.983815 -1.24472
-0.588863 0.790341 -0.169119 -12.2587 -0.793463 -0.605124 -0.0651266 -4.21779 -0.15381 0.0958391 0.983442 -1.24981
-0.588726 0.790397 -0.169334 -12.2185 -0.793032 -0.605333 -0.0683522 -4.15003 -0.156529 0.0940464 0.983186 -1.24829
-0.596918 0.782044 -0.179156 -12.1766 -0.784337 -0.615807 -0.0748122 -4.08601 -0.168832 0.0958624 0.980972 -1.23562
-0.608217 0.773103 -0.179953 -12.1393 -0.77438 -0.627713 -0.079442 -4.01645 -0.174376 0.0910339 0.980462 -1.21816
-0.610256 0.772736 -0.174549 -12.085 -0.774265 -0.628403 -0.0749911 -3.95279 -0.167636 0.0893836 0.981789 -1.21322
-0.611899 0.773093 -0.167052 -12.0503 -0.775054 -0.628198 -0.068248 -3.886 -0.157704 0.0877134 0.983583 -1.20952
-0.605544 0.779472 -0.160436 -11.9932 -0.782036 -0.620193 -0.0614942 -3.82101 -0.147434 0.0882292 0.985129 -1.2186
-0.599536 0.78613 -0.150188 -11.9435 -0.786755 -0.613322 -0.0696641 -3.76203 -0.146879 0.0763953 0.9862 -1.21998
-0.591164 0.791708 -0.154026 -11.8925 -0.792188 -0.60583 -0.0735371 -3.69685 -0.151533 0.0785447 0.985327 -1.21512
-0.585067 0.795767 -0.156372 -11.8394 -0.793441 -0.601558 -0.092622 -3.64482 -0.167772 0.0698817 0.983346 -1.20138
-0.578867 0.798121 -0.167079 -11.7892 -0.795998 -0.597545 -0.0965746 -3.58255 -0.176915 0.0770904 0.981202 -1.1842
-0.577299 0.798695 -0.169742 -11.7423 -0.798106 -0.595858 -0.0893327 -3.51222 -0.172491 0.0839001 0.981431 -1.17444
-0.581465 0.796856 -0.164072 -11.6926 -0.79668 -0.598575 -0.0837196 -3.45492 -0.164922 0.0820329 0.982889 -1.1741
-0.590898 0.790271 -0.162206 -11.6501 -0.789331 -0.607887 -0.086195 -3.39512 -0.16672 0.0771019 0.982985 -1.17592
-0.599095 0.782196 -0.171036 -11.6045 -0.78185 -0.617557 -0.0856416 -3.33443 -0.172613 0.0824172 0.981536 -1.18564
-0.604591 0.777223 -0.174342 -11.5709 -0.776419 -0.623912 -0.0889208 -3.25914 -0.177885 0.0816016 0.980662 -1.18027
-0.611195 0.769336 -0.185912 -11.5338 -0.768328 -0.633114 -0.0940181 -3.19495 -0.190035 0.085378 0.978058 -1.16599
-0.621516 0.760644 -0.187454 -11.49 -0.758172 -0.644263 -0.100501 -3.12001 -0.197215 0.0796596 0.977118 -1.15251
-0.6237 0.761344 -0.177069 -11.4548 -0.758766 -0.644118 -0.0968759 -3.06474 -0.187809 0.0739325 0.979419 -1.14341
-0.624149 0.761872 -0.173174 -11.4092 -0.760739 -0.643124 -0.0875675 -3.0015 -0.178088 0.0770851 0.980991 -1.14767
-0.616571 0.768476 -0.17113 -11.3542 -0.767821 -0.63499 -0.0850763 -2.9365 -0.174045 0.0789416 0.981568 -1.15192
-0.614259 0.772607 -0.160515 -11.3066 -0.76979 -0.631426 -0.0934089 -2.86555 -0.173522 0.0661856 0.982604 -1.15646
-0.610904 0.77502 -0.16168 -11.2452 -0.773636 -0.627762 -0.0860366 -2.80215 -0.168177 0.0725217 0.983086 -1.15159
-0.602623 0.780892 -0.164478 -11.1999 -0.778549 -0.62055 -0.0936981 -2.74023 -0.175235 0.0715897 0.98192 -1.13137
-0.591659 0.788376 -0.16853 -11.1607 -0.784663 -0.611122 -0.104082 -2.68224 -0.185048 0.0706581 0.980186 -1.11544
-0.580491 0.796219 -0.170488 -11.1135 -0.791842 -0.600791 -0.109709 -2.60683 -0.189781 0.0713145 0.979233 -1.09785
-0.575241 0.799618 -0.172364 -11.0644 -0.795264 -0.596025 -0.110946 -2.53914 -0.191448 0.0732541 0.978765 -1.09684
-0.575652 0.799378 -0.1721 -11.0274 -0.794846 -0.596439 -0.111712 -2.47091 -0.191947 0.0724864 0.978725 -1.09764
-0.5719 0.799984 -0.181539 -10.9919 -0.794895 -0.595105 -0.118286 -2.40089 -0.202661 0.0766563 0.976244 -1.09837
-0.571209 0.800928 -0.179538 -10.9553 -0.793529 -0.594774 -0.128667 -2.32192 -0.209838 0.0689731 0.9753 -1.09256
-0.57784 0.795482 -0.18251 -10.9261 -0.788266 -0.601918 -0.127796 -2.24991 -0.211516 0.0700207 0.974863 -1.08508
-0.580994 0.79571 -0.171149 -10.8838 -0.787436 -0.602723 -0.129113 -2.17925 -0.205892 0.0597552 0.976749 -1.06686
-0.585534 0.79352 -0.165762 -10.8324 -0.787567 -0.605289 -0.115599 -2.10646 -0.192064 0.0628617 0.979367 -1.06835
-0.582141 0.794992 -0.170587 -10.7922 -0.790636 -0.60243 -0.109417 -2.03192 -0.189753 0.0711761 0.979249 -1.07243
-0.572447 0.80331 -0.164309 -10.7353 -0.798118 -0.591834 -0.11287 -1.95694 -0.187914 0.066526 0.97993 -1.07633
-0.564504 0.809354 -0.162112 -10.6806 -0.804221 -0.583523 -0.112824 -1.89466 -0.185911 0.0666837 0.980301 -1.08408
-0.556648 0.812715 -0.172157 -10.6368 -0.807999 -0.577816 -0.115179 -1.81804 -0.193083 0.0749886 0.978313 -1.06595
-0.541681 0.82281 -0.171948 -10.5854 -0.817238 -0.563375 -0.121365 -1.75353 -0.196732 0.0747812 0.977601 -1.04639
-0.527748 0.831253 -0.174643 -10.5371 -0.827746 -0.549436 -0.113825 -1.67978 -0.190572 0.0844894 0.978031 -1.03643
-0.514784 0.841821 -0.162279 -10.4893 -0.838747 -0.533714 -0.107949 -1.61906 -0.177484 0.0805412 0.980822 -1.04312
-0.503863 0.849827 -0.154645 -10.441 -0.845504 -0.521869 -0.113031 -1.53935 -0.176762 0.0738006 0.981483 -1.04684
-0.493205 0.856068 -0.154582 -10.4063 -0.851179 -0.511583 -0.117379 -1.46782 -0.179566 0.0736854 0.980982 -1.06218
-0.478952 0.864045 -0.155023 -10.3709 -0.858932 -0.497726 -0.120438 -1.39232 -0.181223 0.0754701 0.980542 -1.06154
-0.47054 0.868013 -0.158574 -10.348 -0.862807 -0.490252 -0.123353 -1.31106 -0.184813 0.0787766 0.979611 -1.05124
-0.464835 0.871241 -0.157695 -10.3122 -0.864463 -0.485089 -0.131878 -1.23438 -0.191393 0.0750195 0.978642 -1.03063
-0.446837 0.882197 -0.148543 -10.2809 -0.876374 -0.465009 -0.125441 -1.16614 -0.179738 0.0741273 0.980918 -1.03203
-0.420728 0.897296 -0.133598 -10.2446 -0.891455 -0.436231 -0.122515 -1.08508 -0.168212 0.0675515 0.983434 -1.02214
-0.389634 0.912241 -0.126495 -10.2168 -0.906578 -0.404097 -0.121744 -1.01422 -0.162177 0.067242 0.984468 -1.02657
-0.368656 0.920527 -0.129316 -10.1831 -0.914575 -0.384067 -0.126671 -0.932407 -0.16627 0.0715708 0.983479 -1.03148
-0.337686 0.931568 -0.134717 -10.1395 -0.925909 -0.354501 -0.130466 -0.849941 -0.169295 0.080679 0.982258 -1.03124
-0.301983 0.944514 -0.129226 -10.1066 -0.938289 -0.318451 -0.134916 -0.775966 -0.168582 0.0805086 0.982394 -1.00816
-0.268718 0.953741 -0.13479 -10.0817 -0.949145 -0.286021 -0.131589 -0.699102 -0.164055 0.0925744 0.982098 -1.00208
-0.233131 0.963891 -0.1287 -10.0591 -0.96103 -0.248587 -0.120935 -0.62584 -0.148561 0.0954909 0.984282 -0.998622
-0.208839 0.97019 -0.122953 -10.0364 -0.968849 -0.222366 -0.109021 -0.543146 -0.133112 0.0963554 0.986406 -1.01194
-0.192071 0.973695 -0.122583 -10.0137 -0.974253 -0.20421 -0.0955452 -0.465474 -0.118065 0.101075 0.987848 -1.01888
-0.174474 0.975967 -0.130563 -9.99994 -0.977844 -0.187313 -0.093466 -0.368103 -0.115676 0.111362 0.987025 -1.02941
-0.156142 0.979241 -0.129258 -9.9855 -0.981448 -0.168555 -0.0913718 -0.288675 -0.111262 0.112593 0.987392 -1.02716
-0.148694 0.981195 -0.12307 -9.97337 -0.983298 -0.159913 -0.0869062 -0.19686 -0.104952 0.108092 0.988585 -1.01619
-0.13852 0.983431 -0.116944 -9.96312 -0.985981 -0.148034 -0.0769898 -0.124136 -0.0930259 0.10464 0.99015 -1.00742
-0.128397 0.985338 -0.112357 -9.94626 -0.98858 -0.136179 -0.064543 -0.0424239 -0.0788973 0.102787 0.99157 -0.995368
-0.110256 0.9872 -0.11524 -9.93107 -0.990691 -0.118473 -0.0670498 0.0445443 -0.0798444 0.106775 0.991072 -1.00317
-0.0850602 0.990027 -0.112298 -9.9146 -0.993272 -0.0931443 -0.0688128 0.123401 -0.0785865 0.105689 0.991289 -1.00885
-0.0644143 0.991792 -0.110447 -9.88661 -0.994771 -0.0726062 -0.0718251 0.20758 -0.0792547 0.105243 0.991283 -1.01103
-0.044619 0.99239 -0.114765 -9.86149 -0.995052 -0.0543565 -0.083167 0.287375 -0.0887724 0.110486 0.989905 -0.999093
-0.0229105 0.992607 -0.119189 -9.84819 -0.994565 -0.0347415 -0.0981527 0.372113 -0.101568 0.116292 0.988008 -0.993211
0.00163465 0.992794 -0.119826 -9.82907 -0.995406 -0.00985563 -0.0952361 0.459767 -0.0957307 0.119431 0.988217 -0.979395
0.0129855 0.993386 -0.114087 -9.82176 -0.99649 0.00341959 -0.083646 0.537963 -0.0827026 0.114773 0.989943 -0.980037
0.0159235 0.99384 -0.109678 -9.8142 -0.996369 0.00659606 -0.0848871 0.615139 -0.0836407 0.110632 0.990336 -0.987961
0.022309 0.992948 -0.116432 -9.80218 -0.995499 0.0113332 -0.0940918 0.701425 -0.0921088 0.118007 0.988732 -0.994774
0.0280332 0.992928 -0.115358 -9.81198 -0.993917 0.0153916 -0.10905 0.776494 -0.106504 0.117714 0.98732 -1.00512
0.0341378 0.99191 -0.122263 -9.82469 -0.992768 0.0195684 -0.118439 0.864427 -0.115089 0.125422 0.985405 -0.99417
0.0483857 0.992961 -0.108109 -9.8275 -0.990887 0.034097 -0.130311 0.938436 -0.125707 0.113429 0.985562 -0.987391
0.0710377 0.992513 -0.0993509 -9.8287 -0.991963 0.0598386 -0.111485 1.03062 -0.104705 0.106472 0.988787 -0.970166
0.0993388 0.989463 -0.105329 -9.83271 -0.990061 0.087695 -0.109945 1.1053 -0.0995501 0.115204 0.988341 -0.977745
0.132217 0.986336 -0.0982825 -9.82849 -0.986834 0.121665 -0.106563 1.19193 -0.0931499 0.111078 0.989437 -0.977192
0.153057 0.983285 -0.0986125 -9.83065 -0.983748 0.142124 -0.109734 1.27753 -0.0938849 0.113805 0.989057 -0.998083
0.179987 0.977756 -0.107693 -9.83831 -0.979192 0.167658 -0.11434 1.36372 -0.0937406 0.126032 0.987587 -0.994792
0.207025 0.972443 -0.107216 -9.83543 -0.974117 0.194725 -0.114794 1.45041 -0.0907529 0.128206 0.987586 -0.983302
0.2353 0.966218 -0.105152 -9.84347 -0.967996 0.223258 -0.114628 1.52082 -0.0872796 0.128758 0.987828 -0.975941
0.256333 0.960651 -0.106967 -9.86184 -0.964604 0.247149 -0.091959 1.60564 -0.0619037 0.126753 0.990001 -0.97167
0.270589 0.956758 -0.106748 -9.87289 -0.961311 0.262591 -0.0832246 1.69544 -0.0515947 0.125138 0.990797 -0.984247
0.287175 0.951962 -0.106292 -9.89652 -0.956527 0.279106 -0.0845973 1.77291 -0.0508666 0.125966 0.99073 -1.00415
0.299772 0.947895 -0.107852 -9.9197 -0.952612 0.291292 -0.0876376 1.84499 -0.0516549 0.129012 0.990297 -1.00648
0.309853 0.94489 -0.10571 -9.95548 -0.949224 0.30106 -0.0913052 1.92016 -0.0544484 0.128634 0.990196 -1.00255
