1.000000000000000000e+00 0.000000000000000000e+00 0.000000000000000000e+00 0.000000000000000000e+00 0.000000000000000000e+00 1.000000000000000000e+00 0.000000000000000000e+00 0.000000000000000000e+00 0.000000000000000000e+00 0.000000000000000000e+00 1.000000000000000000e+00 0.000000000000000000e+00
9.999986454476786912e-01 -2.020124142472458026e-04 -1.633491289318971711e-03 9.744559698738993747e-01 2.014074759949959056e-04 9.999999110858817097e-01 -3.704905630140404031e-04 -7.042993729316856903e-03 1.633565987771624277e-03 3.701610638075466847e-04 9.999985972204913365e-01 -3.832272075866619693e-03
9.999996796528378695e-01 -3.370038514406860754e-04 -7.260321106690003756e-04 1.928824154078806918e+00 3.369524677308458711e-04 9.999999407185014011e-01 -7.089448628689139957e-05 -6.148965489697311507e-03 7.260559593436533184e-04 7.064982526470216413e-05 9.999997339256376794e-01 -2.226959969885808702e-02
9.999999815592369723e-01 -1.095152903153121118e-04 -1.577590788336260608e-04 2.907498158486791162e+00 1.094686585783945400e-04 9.999999503284953128e-01 -2.955666080117578393e-04 -6.433789130952911363e-03 1.577914400603791761e-04 2.955493328865455710e-04 9.999999438762250392e-01 -3.314445225330990563e-02
9.999998155023013258e-01 -5.603575071004519501e-04 -2.345097601293588034e-04 3.815370019090810860e+00 5.601002395472780716e-04 9.999992428909868503e-01 -1.095675670462655177e-03 -2.171286029533343355e-03 2.351235526671967887e-04 1.095544119340190669e-03 9.999993722498017323e-01 -1.530927938739420208e-02
9.999996675248076228e-01 -6.989158267815637161e-04 -4.200796845807095716e-04 4.715600934408624489e+00 6.982869195504428457e-04 9.999986380848649992e-01 -1.495400880390940950e-03 -6.219100242034401177e-03 4.211242718105176041e-04 1.495107047058333869e-03 9.999987936539050937e-01 5.515834025839745983e-03
9.999990601445942762e-01 -1.360461399013901439e-03 -1.698667413818656104e-04 5.610268487301880214e+00 1.360176854651443416e-03 9.999976902912698362e-01 -1.664130718925263932e-03 -2.117966261837959073e-03 1.721303346451811612e-04 1.663898106073009127e-03 9.999986009061415659e-01 1.175786092613667969e-02
9.999983533446502593e-01 -1.792941368246361291e-03 -2.804803699873347129e-04 6.489340382790738992e+00 1.792523592936921427e-03 9.999972941873187526e-01 -1.482726276107868522e-03 2.961687664298013256e-04 2.831380523382124302e-04 1.482221066888155751e-03 9.999988614261279274e-01 7.295241596430718234e-04
9.999970286786041829e-01 -2.421961512267579737e-03 -2.770133499850509760e-04 7.370774730693162802e+00 2.421720886874639735e-03 9.999966929071489874e-01 -8.657035931179091724e-04 3.406213157493283121e-03 2.791091346597449302e-04 8.650301718186985140e-04 9.999995869103610602e-01 -1.212242672634436351e-02
9.999958405128640537e-01 -2.884056800929579896e-03 3.425404521880711365e-05 8.207658404139792196e+00 2.884093841712629183e-03 9.999951961968246428e-01 -1.135599395204584493e-03 7.121634840612686181e-03 -3.097874751024462834e-05 1.135693463574377789e-03 9.999993546201287886e-01 -6.553034683166692603e-03
9.999931944725526378e-01 -3.600270427834804075e-03 8.056434856986985837e-04 9.054057620341488644e+00 3.601456030298826223e-03 9.999924268540099082e-01 -1.475042063650530786e-03 1.104964744971463977e-02 -8.003268341213919329e-04 1.477933514801121288e-03 9.999985875937447144e-01 9.187937325480011186e-03
9.999905052715397646e-01 -4.194488733471854122e-03 1.181368289464646611e-03 9.892023872919869731e+00 4.196898347351624148e-03 9.999891026841774000e-01 -2.044641082354683656e-03 1.687331500483341129e-02 -1.172779191737363062e-03 2.049579751664475612e-03 9.999972119020177352e-01 2.887705731345593246e-02
9.999870679254575512e-01 -5.024892766990723958e-03 7.838587414442431487e-04 1.071677465219859471e+01 5.026570345866964579e-03 9.999850488277743921e-01 -2.153070243115787902e-03 1.445399558312361089e-02 -7.730280747457437054e-04 2.156982520556001079e-03 9.999973749235553377e-01 2.427685207814529039e-02
9.999819555235088808e-01 -5.940121259609757766e-03 8.964300308591324502e-04 1.151751718175314387e+01 5.941963921815093634e-03 9.999802099140079337e-01 -2.067086134756760969e-03 2.600976770500217777e-02 -8.841335481372227315e-04 2.072375390171393456e-03 9.999974617808343735e-01 1.048398650463118996e-02
9.999762930889697365e-01 -6.786332422922967435e-03 1.165741089825367066e-03 1.231110762001179992e+01 6.789102555201274695e-03 9.999741000601191088e-01 -2.388994652524049737e-03 2.522067073410103749e-02 -1.149498385332610320e-03 2.396852352652007086e-03 9.999964668698893000e-01 5.512187080549526240e-03
9.999680415270534306e-01 -7.845523472228116066e-03 1.537428370973304564e-03 1.309279062233520996e+01 7.851672170039384127e-03 9.999610343747848962e-01 -4.034969175146475677e-03 3.151589775925791453e-02 -1.505712018742277458e-03 4.046911607247052380e-03 9.999906776254264829e-01 1.235911460301340747e-02
9.999583297378070723e-01 -9.031074461127752348e-03 1.333597410291344904e-03 1.385483083598152199e+01 9.038524618338103847e-03 9.999429608319260199e-01 -5.690356351310986091e-03 3.776374221447512808e-02 -1.282131311085475678e-03 5.702172985693726437e-03 9.999829205354171524e-01 2.629576975628840699e-02
9.999513620301804240e-01 -9.862536695340208895e-03 -6.280063757918067616e-05 1.460434646248422297e+01 9.861526777183228162e-03 9.999081617073865003e-01 -9.296151923134755163e-03 5.063834800734647035e-02 1.544785095432243125e-04 9.295080467008966923e-03 9.999567878741070226e-01 3.754218049379710875e-02
9.999380669677255806e-01 -1.103929715524849808e-02 -1.412850723331797237e-03 1.533399575340168219e+01 1.102615001492962543e-02 9.998987297200445656e-01 -8.997461869296322426e-03 6.648217214853653634e-02 1.512033298761689950e-03 8.981326325175826783e-03 9.999585239062388498e-01 3.056482900278882989e-02
9.999286435461929301e-01 -1.185967940089306671e-02 -1.433813230022151644e-03 1.606639088474162236e+01 1.184580776548562267e-02 9.998863614039684711e-01 -9.324222043453450973e-03 7.294165443277428329e-02 1.544232577597818299e-03 9.306572024139469004e-03 9.999555005413519604e-01 2.280322222268362301e-02
9.999142605476321055e-01 -1.306984064265175223e-02 -8.067335730232013877e-04 1.676802765848836785e+01 1.306065338679301448e-02 9.998595633289991680e-01 -1.050109292659814897e-02 7.828908408698470600e-02 9.438678891701367518e-04 1.048965610106861179e-02 9.999445365760488702e-01 2.061638842249862574e-02
9.998985316339740193e-01 -1.422103554554856111e-02 8.298097583108094734e-04 1.748030302188576002e+01 1.422830837100901719e-02 9.998532679692215819e-01 -9.539275243302815233e-03 9.019786569155879841e-02 -6.940296263260321407e-04 9.550114097761321780e-03 9.999541557709521467e-01 2.932442092736906036e-02
9.998873815766606832e-01 -1.483005623052778554e-02 2.300781599531576734e-03 1.816261648987396526e+01 1.484940441484214682e-02 9.998524681418163862e-01 -8.633489401313275413e-03 1.029923834009844885e-01 -2.172407027659781480e-03 8.666682347790655855e-03 9.999600838357441956e-01 4.543373446840086316e-02
9.998677649724367900e-01 -1.584913089264908606e-02 3.641101340463484548e-03 1.883546976079918878e+01 1.587573985706291005e-02 9.998465951393650242e-01 -7.399126449081550386e-03 1.189221937838599030e-01 -3.523273054237037981e-03 7.455953203066013196e-03 9.999659970763100647e-01 4.189746231444985841e-02
9.998544567415686979e-01 -1.656477606271608907e-02 4.083323158224296326e-03 1.947805658939855178e+01 1.659369537336092063e-02 9.998367272436160524e-01 -7.153190101691024767e-03 1.308664584294866873e-01 -3.964165470628498375e-03 7.219906423694011192e-03 9.999660785963464527e-01 4.296957039266526696e-02
9.998410454801381908e-01 -1.745916436364641430e-02 3.614049378103935135e-03 2.011020728217507525e+01 1.748531802324281362e-02 9.998202058378443668e-01 -7.336187838140646386e-03 1.418901818935784376e-01 -3.485315883855328884e-03 7.398214520653069448e-03 9.999665589383958109e-01 5.070404499906239204e-02
9.998382522997721900e-01 -1.783351870077094087e-02 2.331276235518587887e-03 2.073377445472996783e+01 1.785185908045999748e-02 9.998078447873773866e-01 -8.098433736901789956e-03 1.540765301771283291e-01 -2.186404699143877205e-03 8.138741448703501122e-03 9.999644896305681652e-01 5.287035076803262706e-02
9.998265385459143006e-01 -1.860110592281059502e-02 9.442868968900571414e-04 2.133585786565814857e+01 1.860848123326367884e-02 9.997905643235495132e-01 -8.517741237533632201e-03 1.655011774069453934e-01 -7.856497225425887205e-04 8.533835482752638243e-03 9.999632775289634123e-01 4.636487207567746571e-02
9.998147913998688407e-01 -1.921472370296886667e-02 1.085030439787203465e-03 2.193106248506693845e+01 1.922209634418516749e-02 9.997889419986887294e-01 -7.251377060765834028e-03 1.796914008916715988e-01 -9.454682287425580792e-04 7.270890603021349340e-03 9.999731197585599585e-01 3.949140110564784700e-02
9.997995831527567434e-01 -1.997586174763581190e-02 1.326075040582206559e-03 2.250431016881205792e+01 1.998574223285191215e-02 9.997689696480215327e-01 -7.910590138247705280e-03 1.915939272654436087e-01 -1.167747822054983559e-03 7.935507316654858215e-03 9.999678315269203699e-01 4.180977031509047065e-02
9.997720655684583235e-01 -2.113528923848805030e-02 3.019347244645126556e-03 2.306755981804308675e+01 2.116013913477723246e-02 9.997403886082046887e-01 -8.450082680819329117e-03 2.030781235294682463e-01 -2.839968446156375739e-03 8.512046423819894653e-03 9.999597390119782103e-01 4.845217283237153449e-02
9.997415108535602224e-01 -2.231886420711918714e-02 4.333563977250669622e-03 2.361666213735187370e+01 2.235426276656350339e-02 9.997156623784900775e-01 -8.299477772742707912e-03 2.152216316802811058e-01 -4.147096864576867853e-03 8.394206075680510012e-03 9.999561684853766064e-01 6.186961503267701667e-02
9.997147525516391076e-01 -2.355621543744532143e-02 3.939320357568556856e-03 2.413697641629091351e+01 2.358744383362119251e-02 9.996891387921220673e-01 -8.078259370744677106e-03 2.305712294275856222e-01 -3.747802557587161937e-03 8.168873565548762442e-03 9.999596109246909892e-01 6.524213654550081731e-02
9.996908505939543499e-01 -2.463365333103631483e-02 3.374368430153837015e-03 2.464546598024578117e+01 2.465945787458626720e-02 9.996652302690332004e-01 -7.831891756932128634e-03 2.553347014777909152e-01 -3.180310687275824354e-03 7.912680628403973015e-03 9.999636368934649022e-01 5.811300360694481026e-02
9.996590385986635630e-01 -2.587696087623682015e-02 3.491338397425808489e-03 2.513587023292372891e+01 2.590394068434821381e-02 9.996330831516883064e-01 -7.917381238237953048e-03 2.659051399245530023e-01 -3.285179602000500715e-03 8.005121139591954774e-03 9.999625621144638821e-01 5.804169217570338823e-02
9.996370648448852370e-01 -2.678750495465084813e-02 2.858000456149146530e-03 2.560753384795266996e+01 2.680933799878530699e-02 9.996093801278047586e-01 -7.895983572223888580e-03 2.846400150041714650e-01 -2.645370365313442877e-03 7.969738942430904666e-03 9.999647420168472634e-01 6.050442476914730250e-02
9.996138432873561408e-01 -2.770052430122937892e-02 2.201195520183128317e-03 2.608273328567344507e+01 2.771587080077923121e-02 9.995893504727871859e-01 -7.277425859868653403e-03 2.994696692974059271e-01 -1.998703088401775161e-03 7.335623683666746796e-03 9.999710964878615327e-01 6.425022561859443371e-02
9.995950324316009716e-01 -2.835234839206674656e-02 2.432175717624100730e-03 2.651929219298415319e+01 2.836556643920343235e-02 9.995820185196294672e-01 -5.584164468062180996e-03 3.131226762175005063e-01 -2.272834936740028046e-03 5.650893104466093476e-03 9.999814506421967897e-01 6.632151370450871386e-02
9.995650775234300456e-01 -2.937127460056046177e-02 2.642730390684206593e-03 2.693742868710553751e+01 2.938431097566988545e-02 9.995554952955396644e-01 -5.037270389159155363e-03 3.335547243020377528e-01 -2.493604632755661195e-03 5.112734378671068315e-03 9.999838208106712756e-01 6.238077667925236852e-02
9.995411110531867704e-01 -3.018005974387123064e-02 2.594476520865116737e-03 2.735129384368088523e+01 3.019066041828316616e-02 9.995355483160104360e-01 -4.148695713134607777e-03 3.527901711800765505e-01 -2.468063627394385083e-03 4.225120882132806649e-03 9.999880284360720406e-01 6.259712616968425569e-02
9.995118378319434171e-01 -3.113724228996793408e-02 2.560893669540486705e-03 2.774305119897517358e+01 3.114904736985536077e-02 9.995036681113312893e-01 -4.706833324452823659e-03 3.655562831139887447e-01 -2.413064806706821056e-03 4.784305024714157785e-03 9.999856436687823980e-01 6.155113415336542493e-02
9.994858347086663652e-01 -3.187136961920382372e-02 3.504570632257794551e-03 2.810831143237348329e+01 3.188785294233055512e-02 9.994801535700760242e-01 -4.752626038881691516e-03 3.787715393517073759e-01 -3.351276092579148162e-03 4.861935636477256704e-03 9.999825651132213666e-01 6.606837347908441072e-02
9.994658733447707721e-01 -3.233605278278687406e-02 4.727336417408137953e-03 2.847290843746511513e+01 3.235763490833402228e-02 9.994659409782273851e-01 -4.562487002230515738e-03 3.891890555599421542e-01 -4.577278920220561806e-03 4.713015482191852505e-03 9.999784177684791775e-01 7.356694066052431313e-02
9.994569243254004531e-01 -3.258573156898009193e-02 4.901685029169921062e-03 2.881321510292298882e+01 3.260640004534190450e-02 9.994594557929772360e-01 -4.197487592471010366e-03 3.984374948146757189e-01 -4.762257247770367366e-03 4.355034342022483067e-03 9.999791770740957819e-01 7.148690943454560909e-02
9.994692941558328547e-01 -3.232305378498195880e-02 4.043542216225247572e-03 2.913710629865583002e+01 3.233507806106607207e-02 9.994727472750735142e-01 -2.944517142371918302e-03 4.148501938639885256e-01 -3.946234461609699103e-03 3.073702723121070606e-03 9.999874897143182784e-01 7.300321904111407856e-02
9.994802781732869956e-01 -3.208276064929765914e-02 3.141657487485719717e-03 2.945014745555337399e+01 3.209107081946187268e-02 9.994814848746487179e-01 -2.631457092113454691e-03 4.249287070502695274e-01 -3.055604082514612723e-03 2.730908619348021860e-03 9.999916026756443532e-01 7.503478346584879777e-02
9.994912665823837417e-01 -3.168089953029546574e-02 3.678128667346909630e-03 2.973927562237570754e+01 3.168486082784890273e-02 9.994973844600003599e-01 -1.023744078425333761e-03 4.411745733302517847e-01 -3.643846849427255161e-03 1.139764260533360435e-03 9.999927116322240295e-01 7.800037365678638701e-02
9.995150670609593835e-01 -3.080444042599592494e-02 4.551611601076517230e-03 3.000525205031671661e+01 3.080309108774720653e-02 9.995254050909005983e-01 3.662749117711988352e-04 4.553719113150021536e-01 -4.560734323081641617e-03 -2.258935862577299302e-04 9.999895742829132406e-01 7.312679544153116717e-02
9.995195578487122701e-01 -3.063111944655417043e-02 4.731595858225682259e-03 3.027604666325947846e+01 3.062491400331071242e-02 9.995299968217233877e-01 1.378439645224492291e-03 4.676648825344463800e-01 -4.771595142556732914e-03 -1.232872668459337670e-03 9.999878558786495786e-01 6.714567138703068927e-02
9.995453603580737312e-01 -2.994337230633773925e-02 3.530869803981055623e-03 3.050774368131542147e+01 2.993939187444580666e-02 9.995510254775719083e-01 1.174853575009937026e-03 4.762763294654446811e-01 -3.564463611399012067e-03 -1.068607345282242315e-03 9.999930763147836243e-01 6.470177483291665588e-02
9.995613297033213440e-01 -2.956977988563864318e-02 1.666217045560987060e-03 3.073459178646782419e+01 2.956782158446825265e-02 9.995620704850702865e-01 1.187928595715622652e-03 4.742732230969569085e-01 -1.700614147033623590e-03 -1.138141078401959903e-03 9.999979062710124822e-01 7.247217976624471814e-02
9.995643170494131757e-01 -2.950997536613003333e-02 -5.808919268536274225e-04 3.094122849716129409e+01 2.951134441448472270e-02 9.995612958594554120e-01 2.509256984838678130e-03 4.828517920926290730e-01 5.065889753502287327e-04 -2.525306646072714156e-03 9.999966830914757132e-01 7.999804987036811255e-02
9.995736627980408295e-01 -2.906639295987129348e-02 -2.763592012380476897e-03 3.112814746742195382e+01 2.907578029187008264e-02 9.995713609804586230e-01 3.419547936875235589e-03 4.917139962862765445e-01 2.663013504931544592e-03 -3.498443650544204829e-03 9.999903345788381248e-01 7.836169843500673249e-02
9.995791941009730674e-01 -2.872133984125404063e-02 -4.064401330141893462e-03 3.129065225671517680e+01 2.873831119772580003e-02 9.995782267063251236e-01 4.180689433710456891e-03 4.929914665291294518e-01 3.942612072209725899e-03 -4.295734205192820905e-03 9.999830010943617786e-01 7.539967658639999681e-02
9.995773902126451338e-01 -2.871940296293395631e-02 -4.498540777846553318e-03 3.144377669657801277e+01 2.873717617294373541e-02 9.995792474470820421e-01 3.937356820308200202e-03 5.002833766822987194e-01 4.383569468198580954e-03 -4.064968213633776868e-03 9.999821300164016824e-01 7.024274451117827611e-02
9.995911664483754233e-01 -2.822364487482849002e-02 -4.574475746546414687e-03 3.157880573767846855e+01 2.824159862012790359e-02 9.995934838196857131e-01 3.908863339052041919e-03 4.949533324175470761e-01 4.462293777393346733e-03 -4.036455772501796463e-03 9.999818973156668900e-01 7.420693530774222224e-02
9.996036277051506547e-01 -2.773392533079828415e-02 -4.839097482826702767e-03 3.171049850724743280e+01 2.775219719844918692e-02 9.996077977874903153e-01 3.750487048663038274e-03 5.007201628935415982e-01 4.733183850325641678e-03 -3.883296047110682166e-03 9.999812583155993639e-01 7.945528520563677199e-02
9.996013496600640869e-01 -2.769358554394124247e-02 -5.496096569271012068e-03 3.180963263914538430e+01 2.771596960622326952e-02 9.996076779491274156e-01 4.039209568766720555e-03 5.099282819769159758e-01 5.382080133670614532e-03 -4.189928981965841855e-03 9.999767385837337041e-01 8.090846935993531441e-02
9.996063105723588249e-01 -2.753272772649881933e-02 -5.401182079445301064e-03 3.191873272890842728e+01 2.755465456341441716e-02 9.996121824851369464e-01 4.028106154533598639e-03 5.156209257737253138e-01 5.288182656427719251e-03 -4.175348038160361756e-03 9.999773005388434832e-01 7.629800827438747157e-02
9.996061655885900565e-01 -2.751546403185613221e-02 -5.514794319628892744e-03 3.200970803563361500e+01 2.753745746409301531e-02 9.996129577181016579e-01 3.952619192629554766e-03 5.183104297753063916e-01 5.403901709824800517e-03 -4.102925929176299592e-03 9.999769816576430381e-01 7.339385633276254706e-02
9.996073605353131830e-01 -2.727518900154393341e-02 -6.417852331930888089e-03 3.207386012312108647e+01 2.729679609151514433e-02 9.996219142896971555e-01 3.303542786109389413e-03 5.189322256904990160e-01 6.325321079807529577e-03 -3.477432491288453848e-03 9.999739485489138602e-01 7.317232331524682609e-02
9.996017683403396470e-01 -2.731365916719792966e-02 -7.090046104512938256e-03 3.214145147837049166e+01 2.733514003224786146e-02 9.996219703238922172e-01 2.950688935974272401e-03 5.215170388756901199e-01 7.006771744774836601e-03 -3.143321281324112145e-03 9.999705119057455960e-01 7.694313409372814661e-02
9.996036787643138855e-01 -2.719481799506472119e-02 -7.275113405694407474e-03 3.219679551658471439e+01 2.721892312968711425e-02 9.996242615340149573e-01 3.235116108482215952e-03 5.211136458068228450e-01 7.184401471980408731e-03 -3.431854715817866594e-03 9.999683028719954514e-01 8.039255717184040639e-02
9.996012707022651211e-01 -2.710382377357373890e-02 -7.917218404714519014e-03 3.224713852376500967e+01 2.713123279523569492e-02 9.996261819444374197e-01 3.375289350141650983e-03 5.232181398519404336e-01 7.822775557793943541e-03 -3.588747419018450784e-03 9.999629618513552476e-01 7.890097699554912691e-02
9.995921081975700506e-01 -2.708264837563730681e-02 -9.063519520526468198e-03 3.229921775848899301e+01 2.711846495298159826e-02 9.996248034690513595e-01 3.852421064008165925e-03 5.211196152097399281e-01 8.955785154372748053e-03 -4.096638429504710112e-03 9.999515045570193106e-01 7.660208916316726957e-02
9.995815286220658402e-01 -2.701986834596678891e-02 -1.032929582018264972e-02 3.234631627335872395e+01 2.706165278687868922e-02 9.996260525953265530e-01 3.927075391173402187e-03 5.216012681515163063e-01 1.021932414676439763e-02 -4.204959839541946680e-03 9.999389399992038019e-01 7.495037062854331689e-02
9.995750995117479443e-01 -2.695168834677794459e-02 -1.110076264665746555e-02 3.238974730800848789e+01 2.699875633241630504e-02 9.996270087789173031e-01 4.112234941890943046e-03 5.254601871659057011e-01 1.098579048508036525e-02 -4.410194437057420730e-03 9.999299288412389908e-01 7.694507069899320095e-02
9.995740566216996248e-01 -2.682324601499734909e-02 -1.149864348773654496e-02 3.243576899596465068e+01 2.687372025331826245e-02 9.996297688239150769e-01 4.257750672893112140e-03 5.235263511218245513e-01 1.138017963766516788e-02 -4.564948440569611271e-03 9.999248235528256368e-01 8.108407565479514023e-02
9.995661327051612588e-01 -2.695514235799792088e-02 -1.187293768651761540e-02 3.248635435901969970e+01 2.700554182240770887e-02 9.996268543849705646e-01 4.105204414773903042e-03 5.247232608342218274e-01 1.175785098247346221e-02 -4.424058416087796840e-03 9.999210872100883218e-01 8.218800047285272636e-02
9.995629181816594322e-01 -2.704632790020899610e-02 -1.193602711456198152e-02 3.253977603224152659e+01 2.709680588356727995e-02 9.996244561721119304e-01 4.087754092138988146e-03 5.300682685662392313e-01 1.182098587569819191e-02 -4.409395618891748594e-03 9.999204075941258152e-01 8.169217001680061097e-02
9.995640551317575007e-01 -2.696914865602136405e-02 -1.201518661221300140e-02 3.258630244258540642e+01 2.701982083882189037e-02 9.996265915508203426e-01 4.075137583845997100e-03 5.316901592014851019e-01 1.190079704872104745e-02 -4.398009238135944590e-03 9.999195110329363034e-01 7.866475446835338725e-02
9.995641902306807713e-01 -2.680300981982498484e-02 -1.237045969564973258e-02 3.264024412462836011e+01 2.685534732399395483e-02 9.996309864245090937e-01 4.084274730066616253e-03 5.322444516558402228e-01 1.225642397239013609e-02 -4.414707754922811249e-03 9.999151416129509196e-01 7.853726431710916778e-02
9.995519930697177591e-01 -2.698208461440455841e-02 -1.295300197699204153e-02 3.271302790699941454e+01 2.704100452375122338e-02 9.996246621241278163e-01 4.395332475447100151e-03 5.390285801932473975e-01 1.282954499198287607e-02 -4.743625521093206357e-03 9.999064460199336146e-01 7.908257818008961049e-02
9.995397311215964420e-01 -2.705954905802139196e-02 -1.371520011313316807e-02 3.278484552012955078e+01 2.712489205754678098e-02 9.996214646703472928e-01 4.600826140608244366e-03 5.420683816633766750e-01 1.358551214467787309e-02 -4.970731846137168078e-03 9.998953573673000639e-01 7.653953314433344091e-02
9.995377373019527223e-01 -2.691635732394201744e-02 -1.413582037599671500e-02 3.285028601371684687e+01 2.698934112658816012e-02 9.996232274051758404e-01 4.997869307293370707e-03 5.420959830709939364e-01 1.399596995014021177e-02 -5.377075456974844507e-03 9.998875936247457741e-01 7.618749494156272506e-02
9.995332977114664841e-01 -2.723601406357299692e-02 -1.383424388862053260e-02 3.293833042014075829e+01 2.730383041346657463e-02 9.996159568947685647e-01 4.737041915451993719e-03 5.434419194993465041e-01 1.369991280241003410e-02 -5.112558976182604055e-03 9.998930813491617720e-01 8.051793407965822380e-02
9.995353571558964756e-01 -2.723275456210836470e-02 -1.369112392006062440e-02 3.302931239400243157e+01 2.730038542295659676e-02 9.996158592105546248e-01 4.777339270197536458e-03 5.470479993779486794e-01 1.355576449310436776e-02 -5.148892473582898990e-03 9.998948595503943659e-01 7.704635016910076073e-02
9.995398318065321641e-01 -2.721972079718150417e-02 -1.338698740915536707e-02 3.312114524858565545e+01 2.729293140249906130e-02 9.996133389586944196e-01 5.316810256984235046e-03 5.536438190220989153e-01 1.323708909193709558e-02 -5.679733759057462895e-03 9.998962546668520579e-01 7.776445816954988266e-02
9.995506411037028416e-01 -2.721104397435681818e-02 -1.257278628635235575e-02 3.323220677831593406e+01 2.729277258251161173e-02 9.996071534826391769e-01 6.375207533457307764e-03 5.611912295583773025e-01 1.239437105850768432e-02 -6.715488974078343519e-03 9.999006359503443964e-01 7.477064366282257235e-02
9.995618934865125871e-01 -2.731494435749474634e-02 -1.139802195140284836e-02 3.334016533079577727e+01 2.738653970112939554e-02 9.996058563798523311e-01 6.173275816005990846e-03 5.639475438501295734e-01 1.122490680835072814e-02 -6.482723644347883341e-03 9.999159843513327761e-01 7.692871680709015281e-02
9.995764221637380986e-01 -2.722940647352887003e-02 -1.027305589587088237e-02 3.346112166391465337e+01 2.728784063062055995e-02 9.996119794824719351e-01 5.591442466115408710e-03 5.602854466891605822e-01 1.011681807972236551e-02 -5.869403567090010834e-03 9.999315977074173523e-01 7.850353702691256763e-02
9.995915459707245265e-01 -2.692705611879762928e-02 -9.574699610539780942e-03 3.358347168912389691e+01 2.697471199717525747e-02 9.996241878497241773e-01 4.883439202935275190e-03 5.626283166773536903e-01 9.439604680620723720e-03 -5.139719306969890537e-03 9.999422369061721216e-01 8.358099155841122729e-02
9.996023561689633130e-01 -2.704277967710426098e-02 -7.988592416229125040e-03 3.371052990470391109e+01 2.708536453671394131e-02 9.996192247367592376e-01 5.271485994833851815e-03 5.717244279144225727e-01 7.842994923519678099e-03 -5.485763758676404089e-03 9.999541958642973460e-01 8.558113406655681876e-02
9.996072139356846353e-01 -2.733746713993903329e-02 -6.170959253721358326e-03 3.383944961471991064e+01 2.737025756406661139e-02 9.996113496821430466e-01 5.293258686375313694e-03 5.714689814675255608e-01 6.023856623043935196e-03 -5.460080312320202654e-03 9.999669497910258498e-01 8.489474249419931562e-02
9.996156523709294195e-01 -2.726151943713771286e-02 -5.035582689196019951e-03 3.397666098653615308e+01 2.728665331791953197e-02 9.996151858875158558e-01 4.991862756004132248e-03 5.832262355679959098e-01 4.897559162362306873e-03 -5.127348344483025760e-03 9.999748617906379922e-01 7.910175500947985716e-02
9.996157055367903554e-01 -2.719214556713124564e-02 -5.387806941678394308e-03 3.410224954762978200e+01 2.721732017666630282e-02 9.996186986787137796e-01 4.655613200814211032e-03 5.745942210144765472e-01 5.259156451911900336e-03 -4.800465741020019071e-03 9.999746480796818382e-01 8.237895658127375453e-02
9.996019348956951545e-01 -2.769610307747239278e-02 -5.375651319086055709e-03 3.423687540876318991e+01 2.772105612001731986e-02 9.996050018298167084e-01 4.624215003980594596e-03 5.795649352241021290e-01 5.245455211248833093e-03 -4.771392997250736151e-03 9.999748591882160476e-01 8.853998763206462341e-02
9.996030516957069567e-01 -2.774776755430252706e-02 -4.878569091670753588e-03 3.437674585370727698e+01 2.777107197100128766e-02 9.996029005195073980e-01 4.775859563390143052e-03 5.840997022928567928e-01 4.744112373381960748e-03 -4.909446887395204663e-03 9.999766950929649401e-01 9.107952520479205283e-02
9.996017762510738258e-01 -2.783752223065671938e-02 -4.621825586912806094e-03 3.451758680698989679e+01 2.786055105154260775e-02 9.995993379402093870e-01 4.995326275566912624e-03 5.959599598212337312e-01 4.480916290507683600e-03 -5.122103625725857659e-03 9.999768424536864542e-01 9.082540120824415808e-02
9.996015294543186824e-01 -2.785843014006879684e-02 -4.548646251124382513e-03 3.465702941053591957e+01 2.788222337898275602e-02 9.995974075096165645e-01 5.254000332886744201e-03 6.005052996347992611e-01 4.400446799072646291e-03 -5.378733139352911280e-03 9.999758523573377689e-01 9.218545947141361385e-02
9.995954971475259354e-01 -2.793596713047478627e-02 -5.331399710726856395e-03 3.479518753491355909e+01 2.796609514239792663e-02 9.995928326302480071e-01 5.662726968816223297e-03 6.091558769522465999e-01 5.171035184259839199e-03 -5.809534811156895004e-03 9.999697543928022236e-01 8.981900631048528316e-02
9.995830417686830671e-01 -2.828499534334677837e-02 -5.805311954922315332e-03 3.494027827883637372e+01 2.832219424936247357e-02 9.995781730435494561e-01 6.428785874585837140e-03 6.131562432337624990e-01 5.621024939323090303e-03 -6.590524512263511506e-03 9.999624838289108419e-01 9.502149506219442765e-02
9.995809551608328958e-01 -2.831101027346264939e-02 -6.033305648879201330e-03 3.508124292611511663e+01 2.835311854572755350e-02 9.995733756397472414e-01 7.011945585403927921e-03 6.184717683020535262e-01 5.832216430211206379e-03 -7.180070296079124094e-03 9.999572150057494113e-01 1.003199795516387938e-01
9.995708562608827119e-01 -2.852313508684035590e-02 -6.673385850049844310e-03 3.521856719562351401e+01 2.857343167209661430e-02 9.995630542648245020e-01 7.567004113621903991e-03 6.215803241582781302e-01 6.454635262027969868e-03 -7.754438315790604386e-03 9.999491018897115335e-01 1.011247523735742115e-01
9.995676002034554752e-01 -2.849629078364142656e-02 -7.250795479060894236e-03 3.535889520589017820e+01 2.855445274718106455e-02 9.995598355080022035e-01 8.048507161241679614e-03 6.368762712797677583e-01 7.018251335911310576e-03 -8.252069485268988952e-03 9.999413220271459180e-01 1.013881707783254454e-01
9.995461955208112537e-01 -2.883271687273133987e-02 -8.722239254285600943e-03 3.550428307150230012e+01 2.890808734198092866e-02 9.995447141450025663e-01 8.642158932441714597e-03 6.342723091935466018e-01 8.469091220460982575e-03 -8.890380336188854343e-03 9.999246149742376799e-01 1.004790083698832992e-01
9.995218728718567869e-01 -2.912469122717659814e-02 -1.038161893238804048e-02 3.564508388197457833e+01 2.922057044181592539e-02 9.995305880998084369e-01 9.206612618436320686e-03 6.332822930678391193e-01 1.010860592715773915e-02 -9.505567514499076512e-03 9.999037255018288217e-01 1.000123986282096811e-01
9.995160622140882856e-01 -2.924809007999600724e-02 -1.059200654811603103e-02 3.577153711254982937e+01 2.935606481713149557e-02 9.995171153982554957e-01 1.018614178198963202e-02 6.461918169492412156e-01 1.028896663884512445e-02 -1.049215195385864649e-02 9.998920201266143781e-01 1.007843788460213719e-01
9.995264396827441278e-01 -2.912092634177057549e-02 -9.943240122554609581e-03 3.591004619904598627e+01 2.923016437632657005e-02 9.995119210901911577e-01 1.102347899387284835e-02 6.537909616145206604e-01 9.617373116944999065e-03 -1.130890125487880524e-02 9.998898013714995203e-01 1.037410250181855370e-01
9.995146033910721206e-01 -2.933344151378115480e-02 -1.049317954412713055e-02 3.604557206624566135e+01 2.945235893507814132e-02 9.995015880803569397e-01 1.136371321372588693e-02 6.540068303786195081e-01 1.015461280143317366e-02 -1.166724619617096927e-02 9.998803724471497789e-01 1.027041882402873890e-01
9.994962892501089158e-01 -2.970476308938817256e-02 -1.117116041716192248e-02 3.617883280786924871e+01 2.981970377257904536e-02 9.995025612687065131e-01 1.026719456381760924e-02 6.553621918073615493e-01 1.086061886718607539e-02 -1.059514356198031949e-02 9.998848883200119886e-01 9.802920979227700005e-02
9.994913113245366132e-01 -2.981420971165356024e-02 -1.132393421155764718e-02 3.631214181613089664e+01 2.990745107657486954e-02 9.995193975666069042e-01 8.155872619741108900e-03 6.528712148088220424e-01 1.107533100455349376e-02 -8.490393828127438744e-03 9.999026203864969098e-01 9.498045970397159254e-02
9.994922643042630783e-01 -2.980411818517300984e-02 -1.126623873088781515e-02 3.644004829617495744e+01 2.986967913403440131e-02 9.995375695364399071e-01 5.696433411911607132e-03 6.535169991415934465e-01 1.109125170424632954e-02 -6.030060065269041321e-03 9.999203080802201438e-01 9.608042512871731167e-02
9.994787944075544939e-01 -3.003925450873485073e-02 -1.182297416815726761e-02 3.656773812099659438e+01 3.009801392399701417e-02 9.995353125479984335e-01 4.823746200407106992e-03 6.587554328035098994e-01 1.167257844061641604e-02 -5.177080078047170859e-03 9.999184710537220022e-01 9.877807229631110908e-02
9.994633546533762125e-01 -3.011622135732527558e-02 -1.288471637934178980e-02 3.668121003548321823e+01 3.017754309321224807e-02 9.995340081379602282e-01 4.591564931628303384e-03 6.550379911829943280e-01 1.274043162050687676e-02 -4.977929973455428106e-03 9.999064464315161604e-01 9.918939357672151846e-02
9.994693258487989951e-01 -3.005186663652723369e-02 -1.256789556798069453e-02 3.679381546284214011e+01 3.011469944611250629e-02 9.995347293381461329e-01 4.840426033849094638e-03 6.574874303467149739e-01 1.241658425725846414e-02 -5.216335742571998578e-03 9.999093050256123716e-01 9.924635460104194729e-02
9.994894486180547766e-01 -2.977867058835574621e-02 -1.157898437545317946e-02 3.691160643321394730e+01 2.982783141813635797e-02 9.995466572363413960e-01 4.096398484897647435e-03 6.593972282398575802e-01 1.145174982559564458e-02 -4.439683056934436156e-03 9.999245704753363384e-01 1.024195670567432659e-01
9.994832815270559001e-01 -2.980670076107424030e-02 -1.203040056056779890e-02 3.700983259738541165e+01 2.983937862559448220e-02 9.995514642443402709e-01 2.545939950928129310e-03 6.617157641368424104e-01 1.194911842548849849e-02 -2.903604094068825379e-03 9.999243909676963638e-01 1.013542026186601830e-01
9.994592459160487330e-01 -2.986065302057247517e-02 -1.376797567212196920e-02 3.710751687384227182e+01 2.988352665948471737e-02 9.995523234589667183e-01 1.458595959474824275e-03 6.687529348456592304e-01 1.371825744455295627e-02 -1.869242885797897397e-03 9.999041530785433007e-01 1.022945329907215400e-01
9.994588434236788554e-01 -2.957622307531588071e-02 -1.439678195991564262e-02 3.719674074806676600e+01 2.960882194079001231e-02 9.995594473696798321e-01 2.056413698349350127e-03 6.708010856714867742e-01 1.432961846947754074e-02 -2.481572610124371196e-03 9.998942463240299006e-01 1.058486965153942194e-01
9.994648312138549873e-01 -2.945305912539561768e-02 -1.423265522719547628e-02 3.728234172717226613e+01 2.950078621693688272e-02 9.995597776611998553e-01 3.155074400904425442e-03 6.802521339437752612e-01 1.413346310154916553e-02 -3.573260422723959547e-03 9.998937328690027382e-01 1.067714930399769335e-01
9.994594605458761993e-01 -2.958417174844238384e-02 -1.433748608734173452e-02 3.737046217092808575e+01 2.964040331504379233e-02 9.995536841431827968e-01 3.725453947103151645e-03 6.804325465007077245e-01 1.422087257054204662e-02 -4.148409062412859206e-03 9.998902727227539922e-01 1.062853233739868286e-01
9.994548468823536425e-01 -2.965985046167207706e-02 -1.450180381753211553e-02 3.744364468341343866e+01 2.971733155390781506e-02 9.995512541296747155e-01 3.764382168385085967e-03 6.893899496057429577e-01 1.438364518076184345e-02 -4.193284915885306212e-03 9.998877572572474337e-01 1.045769641695632746e-01
9.994712166710641998e-01 -2.913963065432744262e-02 -1.442806194164650974e-02 3.750605778169730087e+01 2.919886633429910963e-02 9.995659668226037908e-01 3.912055059064724685e-03 6.901075316756388744e-01 1.430780384455776835e-02 -4.331269481664736312e-03 9.998882571836829047e-01 1.092705236743763686e-01
9.994751204683920420e-01 -2.906235273130378799e-02 -1.431304364607586914e-02 3.756288010643800845e+01 2.912759551750920134e-02 9.995661443916765698e-01 4.371059977450997801e-03 6.898201512328900886e-01 1.417980056494347503e-02 -4.785670243484756343e-03 9.998880090371417007e-01 1.128458121850445389e-01
9.994644421225163944e-01 -2.929875932364213106e-02 -1.457434852137072696e-02 3.761616968110221393e+01 2.936870146606546453e-02 9.995580238372574478e-01 4.608292173211994171e-03 6.938372358919283611e-01 1.443288976346081796e-02 -5.033853856823413027e-03 9.998831691794916043e-01 1.126633489323596166e-01
9.994816943931736919e-01 -2.867128680066519109e-02 -1.463898514735642239e-02 3.766108177550592728e+01 2.874260505773208740e-02 9.995758675445493013e-01 4.684834795037825204e-03 7.023267795313564710e-01 1.449845603661830198e-02 -5.103169187432973937e-03 9.998818692409612297e-01 1.111419813870306028e-01
9.994830677902951654e-01 -2.869038846155881270e-02 -1.450719857260682720e-02 3.770228426829910262e+01 2.876138818805695427e-02 9.995752120984361389e-01 4.709342614676487702e-03 6.913849249170360700e-01 1.436592322115395719e-02 -5.124155373460397185e-03 9.998836748750888903e-01 1.108326144947056752e-01
9.994838175325791996e-01 -2.872583534238888278e-02 -1.438488353737727918e-02 3.773018691704371719e+01 2.880157509133002627e-02 9.995722094341435993e-01 5.086000314887077593e-03 6.991136815235426960e-01 1.423263021231226111e-02 -5.497682314077045017e-03 9.998835970883875879e-01 1.111921207330290318e-01
9.994851731235715464e-01 -2.864227166691815651e-02 -1.445714286789011142e-02 3.776127525462181467e+01 2.872526527952064951e-02 9.995718477826132098e-01 5.565990933656248495e-03 7.004882615311970318e-01 1.429153038569676119e-02 -5.978410675993718441e-03 9.998799981822937832e-01 1.162552139695806341e-01
9.994850399295867049e-01 -2.859477396716832848e-02 -1.456000888457713652e-02 3.778130692878463748e+01 2.867739464058669668e-02 9.995736005613947706e-01 5.497644709984668594e-03 6.993636579187946234e-01 1.439659659712885439e-02 -5.912356763231174130e-03 9.998788836873813146e-01 1.140496443699249157e-01
9.994784809629075895e-01 -2.862533320733411796e-02 -1.494511260739884474e-02 3.779165173619890084e+01 2.871155726816558562e-02 9.995721243505260034e-01 5.587011778533660517e-03 7.023272490023750869e-01 1.477878788384166635e-02 -6.013195502037211107e-03 9.998727063524329717e-01 1.123160247866330647e-01
9.994745131877559308e-01 -2.871053575560809576e-02 -1.504668151867129093e-02 3.779692558360314791e+01 2.879765147552945312e-02 9.995695451612919280e-01 5.605323856998517019e-03 6.983680501440959754e-01 1.487927275078696106e-02 -6.035687423471293271e-03 9.998710805497545984e-01 1.102461249673956645e-01
9.994774820406940874e-01 -2.854865854313850052e-02 -1.515707719124605862e-02 3.780028224575713125e+01 2.864058140321864079e-02 9.995724645931680641e-01 5.882612007032386563e-03 6.983736471729236062e-01 1.498265632255218333e-02 -6.313645739741834302e-03 9.998678202077478927e-01 1.141001743037403232e-01
9.994733661809604985e-01 -2.852864663749583168e-02 -1.546307265495993136e-02 3.780144887405102594e+01 2.862394963815676624e-02 9.995723790012875920e-01 5.977344294788969163e-03 7.039613743456970552e-01 1.528593477717136995e-02 -6.416810636062021851e-03 9.998625729265242512e-01 1.146106237634246655e-01
9.994690094274962799e-01 -2.850110394085400220e-02 -1.579196847045915425e-02 3.780443485007698712e+01 2.859740084648202882e-02 9.995735635516923567e-01 5.905904959998346457e-03 7.028688444550650338e-01 1.561690938838310692e-02 -6.354378232647211328e-03 9.998578569068863331e-01 1.134968513751407893e-01
9.994665255717193331e-01 -2.848418651694838502e-02 -1.597859130409872569e-02 3.780531567343358290e+01 2.858189343321179340e-02 9.995739228207175531e-01 5.920150722296838551e-03 6.950817114662338758e-01 1.580315251360461803e-02 -6.373690867141520479e-03 9.998548076772756366e-01 1.111304385480502560e-01
9.994633761572736530e-01 -2.850143646035567177e-02 -1.614397224973923919e-02 3.780261876137456056e+01 2.860035191833136189e-02 9.995733384711995573e-01 5.929661684142325390e-03 6.928002979172422915e-01 1.596808036213626450e-02 -6.388202974005632168e-03 9.998520946981664936e-01 1.092521596972760994e-01
9.994586453271141480e-01 -2.855078109256126845e-02 -1.634836933442005216e-02 3.780214354338679783e+01 2.865050998041249880e-02 9.995720845324188586e-01 5.898822033018521691e-03 6.963536879909009158e-01 1.617295763774343267e-02 -6.364017796925695164e-03 9.998489559522119041e-01 1.108804358102062626e-01
9.994611755330580216e-01 -2.844328395679963234e-02 -1.638103170837172315e-02 3.779952930060620275e+01 2.854425408572585504e-02 9.995747416932593277e-01 5.963331916262490894e-03 6.927834854441472512e-01 1.620444879554185438e-02 -6.427703058391606543e-03 9.998480386901930084e-01 1.140177573413449358e-01
9.994616812635934711e-01 -2.846623680105466944e-02 -1.631015168958869707e-02 3.779817248866614676e+01 2.856610999320499319e-02 9.995743545809313568e-01 5.923430084889528061e-03 6.904327289272453871e-01 1.613459158476675606e-02 -6.386158978661687566e-03 9.998494346289805712e-01 1.132976886675307049e-01
