1.000000000000000000e+00 0.000000000000000000e+00 0.000000000000000000e+00 0.000000000000000000e+00 0.000000000000000000e+00 1.000000000000000000e+00 0.000000000000000000e+00 0.000000000000000000e+00 0.000000000000000000e+00 0.000000000000000000e+00 1.000000000000000000e+00 0.000000000000000000e+00
9.999997234476319941e-01 -7.416174064226927799e-04 5.575196787088809936e-05 1.089578052704899047e+00 7.416429958738324398e-04 9.999996190094885273e-01 -4.603765245993661969e-04 2.940288231469814339e-03 -5.541052338576607565e-05 4.604177453376257856e-04 9.999998924725810312e-01 -1.321884093798977346e-02
9.999979026812156890e-01 -1.788098884251030371e-03 -9.986668863626152991e-04 2.174360404760673937e+00 1.787976984073263347e-03 9.999983940104502089e-01 -1.229423635007615442e-04 1.465130969815370623e-03 9.988851156170351804e-04 1.211565122438607354e-04 9.999994937746845558e-01 -1.418598533463929709e-02
9.999961712850607976e-01 -2.244265548230738646e-03 -1.618853720470513503e-03 3.234141873825322033e+00 2.241072989930599068e-03 9.999955459005483993e-01 -1.971235885908643754e-03 6.127108691310431676e-03 1.623270486721225831e-03 1.967600369260763798e-03 9.999967467655651587e-01 -1.107618706403836091e-02
9.999962210662981521e-01 -2.748891566944776117e-03 -3.805622969902014267e-05 4.317225052876893621e+00 2.748698359487031662e-03 9.999866164181757666e-01 -4.383108697805165356e-03 6.867262257590464429e-03 5.010441090675497194e-05 4.382987529231846362e-03 9.999903934087900348e-01 -9.396333789408241668e-03
9.999889279344874593e-01 -2.538942647339525495e-03 3.962042234502350518e-03 5.399547275343528518e+00 2.562499200844258959e-03 9.999790043085933222e-01 -5.951851799225188824e-03 4.701385963801665846e-03 -3.946847638322557861e-03 5.961938629991770516e-03 9.999744385140512115e-01 -5.388615860061524848e-03
9.999820423187546492e-01 -2.102884353860482759e-03 5.611855077132293403e-03 6.473794111644277649e+00 2.135552029654787937e-03 9.999807742386137566e-01 -5.821560844935113124e-03 8.552504959714066299e-04 -5.599505115729785411e-03 5.833440711701207149e-03 9.999673077215684991e-01 -2.111714389542532905e-02
9.999712242519080974e-01 -1.701898334993086955e-03 7.392848584779464043e-03 7.559680140176022078e+00 1.756967191146348219e-03 9.999707135011646209e-01 -7.448839255945836207e-03 5.079260064120817535e-03 -7.379954907000670951e-03 7.461613902436400533e-03 9.999449287753509052e-01 -3.524127618208751367e-02
9.999828178621237296e-01 -1.548753112915264964e-03 5.653790261584521089e-03 8.626836492160583347e+00 1.587407754567937744e-03 9.999753546938027204e-01 -6.838869908418468077e-03 1.211526317159768856e-02 -5.643059201132863585e-03 6.847727272516724098e-03 9.999606314820868036e-01 -4.919873197598199910e-02
9.999995266102658098e-01 -8.506876038485733935e-04 4.723450486601871992e-04 9.688122911418037830e+00 8.537064873170618949e-04 9.999789739841239422e-01 -6.428279310385656697e-03 1.247770924041244171e-02 -4.668666596022737593e-04 6.428679511336516175e-03 9.999792268418692398e-01 -5.788349036300600992e-02
9.999870496675032916e-01 -7.142997544028584873e-04 -5.038876178595575253e-03 1.073909939398341962e+01 6.717239229438925823e-04 9.999641053814687375e-01 -8.446107719553983678e-03 1.437004284365524936e-02 5.044728362727055049e-03 8.442613605976798108e-03 9.999516353260523571e-01 -6.696593074788124988e-02
9.999968140620000279e-01 2.109422326895652757e-04 -2.515426250988158936e-03 1.180494461620404856e+01 -2.269608825470880722e-04 9.999796882567248968e-01 -6.369581049098425006e-03 1.258309251324115849e-02 2.514031544648127284e-03 6.370131659370024090e-03 9.999765502590722832e-01 -3.868103821633536721e-02
9.999924031986955342e-01 8.714206647006293108e-04 3.799232938727273041e-03 1.288188852913365778e+01 -8.515344090714767073e-04 9.999859464518957575e-01 -5.232761016567622978e-03 1.600948644121187592e-02 -3.803739482107686230e-03 5.229486086746502546e-03 9.999790918020340369e-01 -4.076111933625840150e-02
9.999644951325117326e-01 2.196016064366815117e-03 8.135477111150394777e-03 1.394109640100221981e+01 -2.169552930328787904e-03 9.999923320216926870e-01 -3.260205192812912732e-03 3.144970269602426205e-02 -8.142574191464935565e-03 3.242439091453438310e-03 9.999615917995424708e-01 -6.038052979486043664e-02
9.999446167567730415e-01 4.246734094979016244e-03 9.629572611323987397e-03 1.500468252451790363e+01 -4.213876075734476062e-03 9.999852393222128377e-01 -3.429925088856593425e-03 2.726828590718089612e-02 -9.643996452123514140e-03 3.389157302834741071e-03 9.999477521076829412e-01 -8.187537490144883301e-02
9.999390662079087333e-01 6.436729433494688471e-03 8.968410419665080041e-03 1.605078609413266122e+01 -6.404355630286523091e-03 9.999728894423767223e-01 -3.633814693286973804e-03 2.768131582359381962e-02 -8.991557163049754969e-03 3.576156381412052589e-03 9.999531804066225105e-01 -7.220995906477886694e-02
9.999465003250465056e-01 7.506558918257369428e-03 7.116745105625995639e-03 1.709898610214242254e+01 -7.475634175402603998e-03 9.999625430566417839e-01 -4.362038212730643370e-03 1.891285575241749561e-02 -7.149222430955232653e-03 4.308602662174879951e-03 9.999651616740116156e-01 -6.095957913623292757e-02
9.999589490056277619e-01 8.515547718480275322e-03 -3.096086338372824182e-03 1.812937183449505696e+01 -8.533269398561632926e-03 9.999470217963003504e-01 -5.756467152756820568e-03 1.157192980571027617e-02 3.046902842550953255e-03 5.782650582862669877e-03 9.999786384394941940e-01 -9.629657319520872061e-02
9.999178557526586797e-01 8.972751230315127377e-03 -9.152676240542730046e-03 1.915900178054283742e+01 -9.043622700511245657e-03 9.999292160627728521e-01 -7.731478030713456046e-03 1.135165625996028063e-03 9.082655749070019796e-03 7.813616284889189287e-03 9.999282238066372619e-01 -1.132206193831322844e-01
9.999458069870128529e-01 9.199610788492485272e-03 -4.873422866110806856e-03 2.020365328303714492e+01 -9.245525558273627945e-03 9.999122808838015741e-01 -9.484239289727545985e-03 -7.883339941244658228e-03 4.785744063673708429e-03 9.528782665889447279e-03 9.999431478612488267e-01 -1.054093185107741470e-01
9.999144831054123106e-01 9.492550449279971506e-03 8.995441178946603916e-03 2.123940999679367181e+01 -9.409443656601216080e-03 9.999130710543306932e-01 -9.236487685813194251e-03 -2.774763030794064750e-02 -9.082337040060822070e-03 9.151055713129836386e-03 9.999168812122465333e-01 -7.277892840080896208e-02
9.997989265560669470e-01 9.492288704400452665e-03 1.766360417606359715e-02 2.226542416316064532e+01 -9.348556309262626846e-03 9.999226623215933252e-01 -8.202065022261641886e-03 -3.016368477158567693e-02 -1.774009448308789746e-02 8.035286606535796405e-03 9.998103436236703834e-01 -6.464732598398528762e-02
9.998274394743250637e-01 9.069488377549670896e-03 1.621220696833884645e-02 2.326488444330577821e+01 -8.925440881081650110e-03 9.999202434100613601e-01 -8.935509154044615071e-03 -3.350551950194120832e-02 -1.629195443441577157e-02 8.789266143040052465e-03 9.998286458295609913e-01 -8.205110339360646710e-02
9.999317071057318707e-01 9.044588307905564867e-03 7.401117953215995311e-03 2.426706700003958517e+01 -8.970958832643469161e-03 9.999105351609266501e-01 -9.921873402352327995e-03 -4.714724902077101210e-02 -7.490195073556782900e-03 9.854800684427280841e-03 9.999233870058397144e-01 -1.203524642587361776e-01
9.999535297601861439e-01 9.624269888214629851e-03 5.583451113596840827e-04 2.525617211117463867e+01 -9.618236256143579063e-03 9.999041867451909926e-01 -9.955242877962835676e-03 -5.281832634723296338e-02 -6.541035587574988829e-04 9.949409960245370402e-03 9.999502894594197722e-01 -1.499455995415740206e-01
9.999421970252495573e-01 1.074885259981957220e-02 -2.545115015996191705e-04 2.624914984131372009e+01 -1.075075063375345585e-02 9.998992181708652449e-01 -9.272263051877605716e-03 -6.379004081155990880e-02 1.548196626535665635e-04 9.274463277177659448e-03 9.999569792555039749e-01 -1.430226718565341948e-01
9.999318864649714422e-01 1.107900409885739616e-02 3.671253026010091406e-03 2.724192727919258417e+01 -1.104146708996424191e-02 9.998881146591819258e-01 -1.009178714638813736e-02 -6.917743345793207765e-02 -3.782649217773677037e-03 1.005056373962521891e-02 9.999423372042064440e-01 -1.143163566553410393e-01
9.999034230552736879e-01 1.149374360933353226e-02 7.812708889324442019e-03 2.823326761360466719e+01 -1.141186311773690135e-02 9.998803240438327578e-01 -1.044542819524491538e-02 -7.906218968094633204e-02 -7.931830969483705945e-03 1.035526184327976475e-02 9.999149236858246859e-01 -1.015121063113303829e-01
9.998831624243291749e-01 1.201681799238811348e-02 9.447623281032361056e-03 2.920599198614097247e+01 -1.191535055377700332e-02 9.998715028203120081e-01 -1.072391108837327314e-02 -9.118840990130755442e-02 -9.575276575801526871e-03 1.061008638930647369e-02 9.998978648568604966e-01 -1.061393753826986308e-01
9.998533808588340177e-01 1.296174659388616562e-02 1.118972342801193877e-02 3.017980411069176228e+01 -1.279538575674968662e-02 9.998084080204412416e-01 -1.481301302797352441e-02 -1.063514155549762502e-01 -1.137958208791017660e-02 1.466766432895253054e-02 9.998276675180767237e-01 -1.516298161225032581e-01
9.998361547036129782e-01 1.408270671024289961e-02 1.137282371296422477e-02 3.113560281000553687e+01 -1.390450294595741917e-02 9.997816411529294456e-01 -1.559919265157185160e-02 -1.294307370956900294e-01 -1.159001921131898837e-02 1.543850333640769089e-02 9.998136446705521152e-01 -1.793383620061712591e-01
9.998451729484733042e-01 1.504129144266553968e-02 9.131795189026976206e-03 3.208387915516345856e+01 -1.489167384132499168e-02 9.997572707004048764e-01 -1.623692495151237911e-02 -1.312707149443873011e-01 -9.373802955105082352e-03 1.609842332075550261e-02 9.998264712362563422e-01 -1.763659478992575802e-01
9.998811486281981020e-01 1.517634009326728622e-02 2.714280628217068548e-03 3.302837824725578741e+01 -1.512102159133436180e-02 9.996983082958861289e-01 -1.935580265392879140e-02 -1.418903998453053816e-01 -3.007211996123087313e-03 1.931245949424683500e-02 9.998089745467848566e-01 -1.555853217248022724e-01
9.998758100665446902e-01 1.575096872046310645e-02 -5.209876564265383337e-04 3.397167260924988597e+01 -1.575807730618535366e-02 9.996907502196881179e-01 -1.923764343180905945e-02 -1.560068165043844990e-01 2.178150211583963249e-04 1.924346407391696462e-02 9.998148036746867806e-01 -1.404081562019453000e-01
9.998702914905076566e-01 1.604203187281428092e-02 1.432971764881005869e-03 3.491298763877867373e+01 -1.601551603309762581e-02 9.997286406598322461e-01 -1.691591826173436189e-02 -1.708344971634284670e-01 -1.703948614521072534e-03 1.689077434091451266e-02 9.998558887666179062e-01 -1.640887984380358933e-01
9.998657461820076309e-01 1.571324382388811225e-02 4.645813214930696010e-03 3.584441562006976767e+01 -1.564412527053859331e-02 9.997716465838257793e-01 -1.455733600578771637e-02 -1.794852873305053387e-01 -4.873495297697367883e-03 1.448270194393124453e-02 9.998832433779388795e-01 -1.763897767820100104e-01
9.998491982023626212e-01 1.576476940205383953e-02 7.283742155835829651e-03 3.674898830944576389e+01 -1.566868881935859492e-02 9.997918767113465055e-01 -1.306504698368024520e-02 -1.915977597230216767e-01 -7.488193692389370423e-03 1.294895006182865405e-02 9.998881195651448950e-01 -1.853745990456956705e-01
9.998406670384272221e-01 1.580881153205920819e-02 8.289874190645144664e-03 3.767874218045491830e+01 -1.568387077175865951e-02 9.997655891491906699e-01 -1.492591540866226515e-02 -2.106584483891504045e-01 -8.523891937822013209e-03 1.479351990283580415e-02 9.998542368941168990e-01 -1.790804803131304801e-01
9.998347885557886672e-01 1.586449697283511331e-02 8.872053279842664203e-03 3.857759510426220118e+01 -1.573819033052139063e-02 9.997763077532818565e-01 -1.412953715927394403e-02 -2.167281364108862018e-01 -9.094226669802356333e-03 1.398757273489313092e-02 9.998608117384460980e-01 -1.740640976258776285e-01
9.998354369396512675e-01 1.583958831831447367e-02 8.843442859138657755e-03 3.947671138314701267e+01 -1.574442284646284523e-02 9.998184843907144126e-01 -1.072899901605477851e-02 -2.217808502288683981e-01 -9.011780563701806204e-03 1.058799851534940675e-02 9.999033363773273120e-01 -1.910431967536333209e-01
9.998606665767193480e-01 1.529663289702329343e-02 6.682847804048350042e-03 4.035706771269435933e+01 -1.522412714323275948e-02 9.998261129680082737e-01 -1.076892659508598207e-02 -2.354904384591458566e-01 -6.846414060298472264e-03 1.066568559903072547e-02 9.999196816570906643e-01 -2.141229513193350920e-01
9.998863982066680256e-01 1.484987530112405994e-02 2.582999194249660947e-03 4.122629655966002105e+01 -1.480186193953964176e-02 9.997336329870613048e-01 -1.770785016919613347e-02 -2.690391570663524523e-01 -2.845270535333416489e-03 1.766760532819763169e-02 9.998398672575262713e-01 -2.356750358269415757e-01
9.998971478677243230e-01 1.431546739904186218e-02 -8.723984967990599301e-04 4.208835572464712271e+01 -1.433008407105641584e-02 9.996963064544551747e-01 -2.004852991709327875e-02 -2.821911883576534441e-01 5.851294785795748288e-04 2.005896942684490952e-02 9.997986274090528980e-01 -1.993705748104388498e-01
9.998931476345118696e-01 1.458952328204060102e-02 9.160370904797540854e-04 4.294695783857423521e+01 -1.457082666693176355e-02 9.997340625123058988e-01 -1.787443042122076678e-02 -2.924758058958301099e-01 -1.176572900660892516e-03 1.785917307838264315e-02 9.998398199777631667e-01 -1.750707453921435119e-01
9.998750049298276155e-01 1.412820361574444912e-02 7.097068350333977753e-03 4.379668363925016905e+01 -1.399897320912915459e-02 9.997410579933148078e-01 -1.794005884877836188e-02 -2.995630661189971344e-01 -7.348691425507738496e-03 1.783846476016397870e-02 9.998138756335266386e-01 -1.817336498246816257e-01
9.998082570839498251e-01 1.326099740573880373e-02 1.440815791694312516e-02 4.463788251534528229e+01 -1.296351918671070566e-02 9.997048329297518743e-01 -2.054736448288618442e-02 -3.091942382332627526e-01 -1.467638365028543258e-02 2.035664423970163714e-02 9.996850558042006396e-01 -2.017429404144489846e-01
9.998141605709975899e-01 1.248101454425600519e-02 1.469246737813140365e-02 4.546229054542842363e+01 -1.215568996466616890e-02 9.996834721158757153e-01 -2.202713734986982280e-02 -3.183249751939035144e-01 -1.496273782415168986e-02 2.184444676097763161e-02 9.996494068534790278e-01 -2.371295428418902784e-01
9.998597716382967571e-01 1.241505996349630270e-02 1.123847612071781667e-02 4.627652005563610516e+01 -1.216080249405954855e-02 9.996747596408879222e-01 -2.241628469736657234e-02 -3.372749876664742352e-01 -1.151312043338505349e-02 2.227647241004973230e-02 9.996855539792753875e-01 -2.371894565653478726e-01
9.999033124863445643e-01 1.230331786595848832e-02 6.480281500423758917e-03 4.707783783389002963e+01 -1.216224324935144020e-02 9.996975064289029822e-01 -2.137698479620472880e-02 -3.434947304083927899e-01 -6.741329095894449397e-03 2.129610314876290850e-02 9.997504841072586412e-01 -2.188460557809280560e-01
9.999033092509749254e-01 1.283307874768457868e-02 5.355766873654068012e-03 4.785883647337377766e+01 -1.272987118662358488e-02 9.997407342428423771e-01 -1.887894793558376680e-02 -3.531842623852237684e-01 -5.596653332231193122e-03 1.880894429355986844e-02 9.998074320018033312e-01 -2.111483121533117013e-01
9.998964447271450062e-01 1.272792331671204237e-02 6.715637725433315844e-03 4.863083875717832427e+01 -1.259974809083974807e-02 9.997439622665440506e-01 -1.879511265298173736e-02 -3.587254920779443523e-01 -6.953141021347501380e-03 1.870855097635281891e-02 9.998008021352565722e-01 -2.231201272640815358e-01
9.998961992277418664e-01 1.225558099589387981e-02 7.575718076137699826e-03 4.941514874636887811e+01 -1.209785280593592832e-02 9.997161074438124517e-01 -2.052672586842936922e-02 -3.648515376760788076e-01 -7.825134337629154752e-03 2.043294525624790928e-02 9.997606023547603860e-01 -2.413451666537846374e-01
9.999023538358025043e-01 1.182895800263459619e-02 7.440332398051657629e-03 5.018420048343643458e+01 -1.165628788723360558e-02 9.996712334271785627e-01 -2.283760081255009969e-02 -3.770546772125252244e-01 -7.708031286361087357e-03 2.274864415202288229e-02 9.997115011056605383e-01 -2.492715547897579043e-01
9.999184867541788257e-01 1.166945533232065062e-02 5.181086708402620096e-03 5.092573266001333110e+01 -1.154280084688472964e-02 9.996492173614520693e-01 -2.383707149054939411e-02 -3.949318783059705962e-01 -5.457434914148801518e-03 2.377532420143579905e-02 9.997024309079549642e-01 -2.493965241819162959e-01
9.999243313717550707e-01 1.178948007081800226e-02 3.512789547961749862e-03 5.165351776117648797e+01 -1.170681891904192320e-02 9.996740131790237127e-01 -2.268959597132449296e-02 -3.998586823307232474e-01 -3.779142964383093873e-03 2.264675548958321877e-02 9.997363865260930904e-01 -2.301915747273529933e-01
9.999255809399441031e-01 1.173538374143745858e-02 3.333669203207768796e-03 5.237017183490522143e+01 -1.166537309078764448e-02 9.997259431690015408e-01 -2.029673928252850174e-02 -3.999993814543015280e-01 -3.570945612570720993e-03 2.025634032325220740e-02 9.997884421337048799e-01 -2.222308424163682572e-01
9.999182486706569284e-01 1.128824970329569272e-02 6.005946556730986687e-03 5.310371813593397405e+01 -1.116654036111406137e-02 9.997390891075963459e-01 -1.992641680476324104e-02 -4.089503819239940774e-01 -6.229313908439255455e-03 1.985772214906797797e-02 9.997834098039837247e-01 -2.320696221625907774e-01
9.998749974445123589e-01 1.117859812090360450e-02 1.118161121608816921e-02 5.380372839674801355e+01 -1.095112490754841447e-02 9.997359422031081300e-01 -2.020194868132599991e-02 -4.164282679870763282e-01 -1.140448809003240943e-02 2.007697216501997534e-02 9.997333908798331503e-01 -2.624537121806814755e-01
9.998270609605036663e-01 1.099314695332963970e-02 1.499996303808276768e-02 5.448924390993372668e+01 -1.067840364826279712e-02 9.997244569019136939e-01 -2.090411365493379317e-02 -4.217283366644407616e-01 -1.522563189513386622e-02 2.074032285756711655e-02 9.996689547751084204e-01 -2.734457177030905628e-01
9.998196126176128740e-01 1.116701294988179521e-02 1.536359485744651608e-02 5.517330473412709324e+01 -1.085381096243156346e-02 9.997346005121044987e-01 -2.032051491706262855e-02 -4.241309722667424564e-01 -1.558643682046621966e-02 2.015009579828186750e-02 9.996754656520093762e-01 -2.517764710536051775e-01
9.998641007727894214e-01 1.120075510704280665e-02 1.209640735314317789e-02 5.582872404659613608e+01 -1.095479128046788521e-02 9.997356995034113458e-01 -2.021196889039141020e-02 -4.385622617999965223e-01 -1.231959958044524447e-02 2.007670848164160027e-02 9.997225381288153967e-01 -2.497155896293573873e-01
9.999037053158297272e-01 1.145218071444775200e-02 7.837579508871379830e-03 5.646569694663418204e+01 -1.130594522344896373e-02 9.997657687292242912e-01 -1.845489853311322107e-02 -4.386829489719833997e-01 -8.047092535731222018e-03 1.836451017987585435e-02 9.997989743281269215e-01 -2.580501691435311273e-01
9.999148762720968531e-01 1.121763315655698208e-02 6.663701383029979435e-03 5.709952702434996752e+01 -1.108694305035478993e-02 9.997515749339772606e-01 -1.933566939183068920e-02 -4.413345972561149022e-01 -6.878946398647968301e-03 1.926014338983233001e-02 9.997908416129083209e-01 -2.709226557359255549e-01
9.999200962239075396e-01 1.070159970976440611e-02 6.728813507857917334e-03 5.771439876945633074e+01 -1.057107774061415498e-02 9.997608761648202336e-01 -1.914269587996657307e-02 -4.502016893469139025e-01 -6.932061956838868333e-03 1.907003549558751454e-02 9.997941189381059912e-01 -2.739792386499563803e-01
9.999079825566562496e-01 1.099205400848954350e-02 7.949916235534941825e-03 5.832638738568919479e+01 -1.085789727949039093e-02 9.998011541017978177e-01 -1.672597750151596022e-02 -4.501050745296363287e-01 -8.132188275341898850e-03 1.663811904596285488e-02 9.998285055490599982e-01 -2.662287618286310886e-01
9.998883723477455243e-01 1.158673226974401768e-02 9.433476511103398854e-03 5.891368585458789653e+01 -1.141820402062094023e-02 9.997776653310229689e-01 -1.772694339677565595e-02 -4.574319403972641473e-01 -9.636776469325345623e-03 1.761725122027511109e-02 9.997983621704538137e-01 -2.765024218322516547e-01
9.998686440807198483e-01 1.173330089433564233e-02 1.118142362607190028e-02 5.951680692898575842e+01 -1.151326764535324718e-02 9.997427105339186104e-01 -1.954373051440868106e-02 -4.699449388384437931e-01 -1.140785923428048500e-02 1.941242860685775742e-02 9.997464770446927718e-01 -2.866192129003006794e-01
9.998374109091746620e-01 1.189772013357301948e-02 1.354976022154928510e-02 6.006800232597251465e+01 -1.161197485771812109e-02 9.997125534395072677e-01 -2.097552229061545523e-02 -4.817631902668211841e-01 -1.379542628344736406e-02 2.081477242449589551e-02 9.996881671114119516e-01 -2.986780944729605092e-01
9.998190906409319956e-01 1.230638090273749978e-02 1.450306791739748927e-02 6.062633352915206331e+01 -1.202614577322880761e-02 9.997422979994483594e-01 -1.925381543028084619e-02 -4.873771500282817470e-01 -1.473627523429707833e-02 1.907591622593807906e-02 9.997094335917612318e-01 -2.913715164613180919e-01
9.998291151666085508e-01 1.255621322677290957e-02 1.356768125217117961e-02 6.114425734139000213e+01 -1.230158884202194047e-02 9.997496418960460929e-01 -1.869022313107569083e-02 -4.926471647216336680e-01 -1.379896290010758537e-02 1.852012521910606502e-02 9.997332612175859889e-01 -2.806573735384471080e-01
9.998474367122596185e-01 1.240029050551025823e-02 1.230187365009443624e-02 6.165712898551660714e+01 -1.216003134588596567e-02 9.997375316324208505e-01 -1.941652603277429709e-02 -4.951471085220822688e-01 -1.253941536081353524e-02 1.926397261452796397e-02 9.997357963089626987e-01 -2.844358903747628009e-01
9.998755709259492530e-01 1.199620151047114426e-02 1.024372075112819219e-02 6.215208866717755143e+01 -1.176379526705175448e-02 9.996786581419876416e-01 -2.245425519472448589e-02 -5.039207219800808657e-01 -1.050979478495252251e-02 2.233095619885298866e-02 9.996953899107583474e-01 -3.043730150373605281e-01
9.998988569677031979e-01 1.205303167726468581e-02 7.549851791093890700e-03 6.263318126533762609e+01 -1.187867725363646841e-02 9.996711170490074627e-01 -2.272784117978555313e-02 -5.053933743061668205e-01 -7.821308163253075027e-03 2.263586016427187458e-02 9.997131813541516587e-01 -3.190599371626597347e-01
9.999139852001440731e-01 1.200678079662848008e-02 5.278201972995113025e-03 6.308739612430775878e+01 -1.189431971673265628e-02 9.997119578115801763e-01 -2.084530083768424899e-02 -5.124852402000276141e-01 -5.526966585945739321e-03 2.078072721150846583e-02 9.997687802771791921e-01 -3.085672816338504432e-01
9.999200987694437659e-01 1.169564583918084218e-02 4.796659807656368860e-03 6.354461633691475697e+01 -1.160175449004658028e-02 9.997491913884168913e-01 -1.915603327829725616e-02 -5.213833800531124663e-01 -5.019498944976301044e-03 1.909885301820504061e-02 9.998050002094059918e-01 -2.962075428069830263e-01
9.999192746085783234e-01 1.189863957897629304e-02 4.457201187299488464e-03 6.396887224029693897e+01 -1.180831548067635267e-02 9.997348068174940483e-01 -1.977067836713465934e-02 -5.240168151318744805e-01 -4.691263344053957403e-03 1.971645033360432467e-02 9.997946057238352724e-01 -2.949484760927720273e-01
9.999206130790445624e-01 1.188564564198728128e-02 4.183176699693509117e-03 6.439049287693258350e+01 -1.179747660692243884e-02 9.997201278930575308e-01 -2.050574142034177968e-02 -5.321279341421385478e-01 -4.425729921365255566e-03 2.045476260341124938e-02 9.997809838167063257e-01 -3.015693272443414341e-01
9.999203301546070177e-01 1.152129951314692820e-02 5.156840217625857647e-03 6.480507188170732036e+01 -1.140083292481186387e-02 9.996748064251289589e-01 -2.281013826134191055e-02 -5.433537190868926725e-01 -5.417965681165662351e-03 2.274952870741213037e-02 9.997265148986838046e-01 -3.133005195771416673e-01
9.999158414644961912e-01 1.166409537091247887e-02 5.679689034334423244e-03 6.518617961210016176e+01 -1.153290629082732478e-02 9.996778983039193989e-01 -2.260733763948454336e-02 -5.474826558554523048e-01 -5.941553739172620273e-03 2.253993171766314682e-02 9.997282877949026370e-01 -3.110046237296488214e-01
9.999024945492223093e-01 1.203295495114071849e-02 7.085858408561006641e-03 6.556322163584444240e+01 -1.187148565052391185e-02 9.996784918481873561e-01 -2.240492723895920468e-02 -5.543332595884143954e-01 -7.353177727470044944e-03 2.231862297001025591e-02 9.997238667982428773e-01 -3.007385891752776264e-01
9.998918911398719800e-01 1.206916065372342500e-02 8.398892417753153067e-03 6.592879864078561525e+01 -1.188447892469460948e-02 9.996938474681967834e-01 -2.170185464245547036e-02 -5.456873469666215781e-01 -8.658244245738664496e-03 2.159969201975784486e-02 9.997292073912978916e-01 -3.039596911313942051e-01
9.998869128286841379e-01 1.235091113498744571e-02 8.580008628149959210e-03 6.627394477417686858e+01 -1.216680060113323712e-02 9.997014594963263834e-01 -2.118869613844302779e-02 -5.414252034229052324e-01 -8.839146851124749654e-03 2.108190871459815485e-02 9.997386771591332266e-01 -3.083171020931672057e-01
9.998785278792454712e-01 1.231717915760195681e-02 9.550737334491875286e-03 6.661366379532941551e+01 -1.211699148323932759e-02 9.997114242636190307e-01 -2.074238930792051544e-02 -5.416945970628835871e-01 -9.803468948694975954e-03 2.062414348296107147e-02 9.997392343517214064e-01 -3.087080672181675145e-01
9.998729178829669495e-01 1.230661594152790590e-02 1.013386837635383945e-02 6.692987865796908409e+01 -1.210267968369956211e-02 9.997278149435784300e-01 -1.994545493619700322e-02 -5.417224404174395547e-01 -1.037657114249688171e-02 1.982027326264274025e-02 9.997497104471293472e-01 -3.078852421567679354e-01
9.998677243324364250e-01 1.287208110151181160e-02 9.942000120244182115e-03 6.723338714946518735e+01 -1.266785039057242816e-02 9.997128836269018048e-01 -2.033902349835543452e-02 -5.454284826911889317e-01 -1.020095116922470346e-02 2.021038937033829350e-02 9.997437075354574931e-01 -3.049698941556436838e-01
9.998687687690246406e-01 1.297819542905246509e-02 9.695962237970569275e-03 6.753472291572107622e+01 -1.276374596999745731e-02 9.996795359096237732e-01 -2.186120473195843003e-02 -5.567549785428965725e-01 -9.976574017577538589e-03 2.173457906021070488e-02 9.997139971231507882e-01 -3.057400817101886825e-01
9.998763588885291043e-01 1.288136625717062680e-02 9.018721592665762329e-03 6.781471691544113867e+01 -1.267860734521577062e-02 9.996733900914640536e-01 -2.218932308173163920e-02 -5.651180634890138332e-01 -9.301604786445745107e-03 2.207223473933379865e-02 9.997131071472498132e-01 -3.122430323571446786e-01
9.998830396632779616e-01 1.317556665928491279e-02 7.766043840357807031e-03 6.805821821514989267e+01 -1.299931115513358777e-02 9.996662459046162796e-01 -2.232520343609837449e-02 -5.593965343307787386e-01 -8.057599097475569641e-03 2.222163905246188342e-02 9.997205978945349347e-01 -3.223292196683288369e-01
9.998708835890389723e-01 1.401430238526133257e-02 7.862282081484149240e-03 6.830245883646762195e+01 -1.384864832350563013e-02 9.996889350068357549e-01 -2.074242426792143393e-02 -5.485748613071007584e-01 -8.150527006656251364e-03 2.063086410097865822e-02 9.997539379047030161e-01 -3.174683794029091732e-01
9.998477794701412513e-01 1.480249444809732945e-02 9.236018987736929059e-03 6.852639093712204499e+01 -1.460586327639024420e-02 9.996726610709161243e-01 -2.100570078204119090e-02 -5.510139018776065711e-01 -9.543932448377041855e-03 2.086760325258506243e-02 9.997366935788210007e-01 -3.153386935270647840e-01
9.998378942403322034e-01 1.475897573403052443e-02 1.031299550764092250e-02 6.875131375872580008e+01 -1.454579524867976106e-02 9.996850793514616695e-01 -2.044900884261527038e-02 -5.541417780491152412e-01 -1.061155415770041570e-02 2.029568321944768758e-02 9.997377056813522289e-01 -3.134515332695688161e-01
9.998359315563770666e-01 1.497509363187825120e-02 1.019100287057687210e-02 6.895133531491279655e+01 -1.475316108900309557e-02 9.996596724894888375e-01 -2.151472602869803838e-02 -5.586407955480338083e-01 -1.050971962868427895e-02 2.136084663407542342e-02 9.997165898515448790e-01 -3.205438765769937359e-01
9.998374546989058365e-01 1.539731982545665748e-02 9.380123848121172878e-03 6.912603317949340465e+01 -1.519123244773044890e-02 9.996499882242673163e-01 -2.165935132780544281e-02 -5.672441988001775126e-01 -9.710336653922650371e-03 2.151333506025705083e-02 9.997214040804831559e-01 -3.214364740888515648e-01
9.998355737982593805e-01 1.574271131445098906e-02 8.999578210964720784e-03 6.928385154791261868e+01 -1.553518849600971259e-02 9.996220249337735009e-01 -2.268182500804735019e-02 -5.706844699914109809e-01 -9.353250017981004291e-03 2.253828537782081448e-02 9.997022268687456581e-01 -3.260229697966661178e-01
9.998309096956908837e-01 1.585043499642337095e-02 9.322860479019793103e-03 6.941464548158587888e+01 -1.564125094810590866e-02 9.996334425166327753e-01 -2.209823230768230562e-02 -5.738204066142659210e-01 -9.669709709473601686e-03 2.194867451055017987e-02 9.997123348250557262e-01 -3.242998497270293545e-01
9.998095030194612542e-01 1.652505343705306176e-02 1.038654325944846947e-02 6.955301333529260432e+01 -1.631037574761271328e-02 9.996583492903169388e-01 -2.042440542905586687e-02 -5.635129942068671793e-01 -1.072050908070791043e-02 2.025110621821189782e-02 9.997374472240144749e-01 -3.246069713776950083e-01
9.997926259450686803e-01 1.690252337141529698e-02 1.135824852443021935e-02 6.965657426686226472e+01 -1.668568996129028009e-02 9.996817333459986354e-01 -1.892141022374712114e-02 -5.588876285120405463e-01 -1.167445315120405405e-02 1.872796620080207849e-02 9.997564555558527966e-01 -3.225313348950528125e-01
9.997911266045368395e-01 1.652145156348134442e-02 1.203099335327155808e-02 6.976039354120383962e+01 -1.630024618512795204e-02 9.997004305530784452e-01 -1.825790585729295673e-02 -5.596034223199768398e-01 -1.232903634251867123e-02 1.805798411299253114e-02 9.997609234575233206e-01 -3.268409719753761489e-01
9.997816561538764857e-01 1.707765475221449322e-02 1.204133407791857686e-02 6.983858790455637688e+01 -1.684671024301798506e-02 9.996770335390754436e-01 -1.902674350755049343e-02 -5.625108034668970802e-01 -1.236237728754750569e-02 1.881973226904377905e-02 9.997464625119319992e-01 -3.304421570675619702e-01
9.997820034158289015e-01 1.734343879115651452e-02 1.162543662530179413e-02 6.990154782622288110e+01 -1.710895271510174190e-02 9.996540846299017957e-01 -1.997485468647173384e-02 -5.799511943260501345e-01 -1.196784787770606602e-02 1.977160119086606577e-02 9.997328915282949202e-01 -3.341256850562143721e-01
9.997944802051533797e-01 1.698199959099193704e-02 1.107289669412606960e-02 6.994575067381036604e+01 -1.675076228747639576e-02 9.996463954944879715e-01 -2.065177807517304745e-02 -5.721888033898557824e-01 -1.141968975479180394e-02 2.046205426562272903e-02 9.997254098106814757e-01 -3.305149564132178197e-01
9.997872945328466487e-01 1.736354204522134667e-02 1.112982921409189259e-02 6.997564119871104538e+01 -1.713765364849540243e-02 9.996514947607172408e-01 -2.007958789636566516e-02 -5.752761340714019900e-01 -1.147460317898772210e-02 1.988457770000390951e-02 9.997364337922156619e-01 -3.274424152902692953e-01
9.997831022482259744e-01 1.764466856204689391e-02 1.106409193059956428e-02 6.999730604527924527e+01 -1.741823322950916339e-02 9.996434382439113309e-01 -2.023861475135689883e-02 -5.700535544524502063e-01 -1.141725054799390751e-02 2.004150810759839849e-02 9.997339567818517292e-01 -3.244745360430108527e-01
9.997910684112604196e-01 1.724545453801945918e-02 1.097332323626719515e-02 7.002071765304604867e+01 -1.702059395268290878e-02 9.996497493654491473e-01 -2.026519121776677174e-02 -5.717610045497788507e-01 -1.131896225669082844e-02 2.007418470005348926e-02 9.997344188343521010e-01 -3.278558208274519603e-01
9.997950361527754293e-01 1.732035499081524543e-02 1.048289021513177689e-02 7.001621077932908577e+01 -1.710510693113488634e-02 9.996478860481193829e-01 -2.028593691207402488e-02 -5.687733789357389824e-01 -1.083055867186939920e-02 2.010246807032279454e-02 9.997392608957281768e-01 -3.299703774024982383e-01
9.998029937190168193e-01 1.741713656761317841e-02 9.519301669592326876e-03 7.001486237873218954e+01 -1.722184121032512699e-02 9.996470876748937417e-01 -2.022642549808565879e-02 -5.676445288838476433e-01 -9.868228605881535637e-03 2.005850086343379315e-02 9.997501060801612383e-01 -3.319632169528838883e-01
9.998175642879038039e-01 1.722281902146025404e-02 8.259094766217771333e-03 7.001768710536526896e+01 -1.705428125016882415e-02 9.996533121534996180e-01 -2.006008453566264504e-02 -5.660089420669188742e-01 -8.601722643952140757e-03 1.991557193484079502e-02 9.997646624891602940e-01 -3.292043089154273461e-01
9.998213070758448229e-01 1.743573829586759702e-02 7.304036365408978979e-03 7.001186799833725161e+01 -1.728821070570396926e-02 9.996545502882890899e-01 -1.979641024311477870e-02 -5.697566268500841025e-01 -7.646678216348803958e-03 1.966659904499334921e-02 9.997773518110215640e-01 -3.280237751409670333e-01
9.998224285748682494e-01 1.762245884888965705e-02 6.675347389585144404e-03 7.001594009924541240e+01 -1.748786104959083529e-02 9.996527477847236831e-01 -1.971188885829489035e-02 -5.660861239846001203e-01 -7.020401310655560202e-03 1.959165104249147027e-02 9.997834171333642717e-01 -3.279428074892388745e-01
9.998270844187023831e-01 1.750565023945368018e-02 6.273234611492423465e-03 7.002384390151857474e+01 -1.737833545751058320e-02 9.996528153557481255e-01 -1.980510560569850517e-02 -5.664067749764459814e-01 -6.617757892454325871e-03 1.969266261886785593e-02 9.997841788703480947e-01 -3.294019110977834952e-01
9.998322489865153484e-01 1.745174530988891082e-02 5.559718716406040345e-03 7.003389447704441295e+01 -1.733855425301543407e-02 9.996537010803627776e-01 -1.979526339172892058e-02 -5.701170223506153434e-01 -5.903255286875682545e-03 1.969554523163685039e-02 9.997885961917382103e-01 -3.323069424851207154e-01
9.998355692614117052e-01 1.750285828039608096e-02 4.741770948207955916e-03 7.005492879686610763e+01 -1.740607068140130262e-02 9.996536807086979781e-01 -1.973695389330888672e-02 -5.693445461329347257e-01 -5.085581888334952949e-03 1.965117293112320085e-02 9.997939629040015763e-01 -3.318205599303941100e-01
9.998416048083655916e-01 1.737029089224949654e-02 3.877923226516769451e-03 7.008216832903525528e+01 -1.729040536250650226e-02 9.996551962963290405e-01 -1.976184202315208957e-02 -5.676998517845442960e-01 -4.219855048734546567e-03 1.969166097784662631e-02 9.997971950907349470e-01 -3.297788421103182710e-01
9.998411183781988898e-01 1.755849820026593455e-02 3.071993031187836461e-03 7.012270772373119598e+01 -1.749449252024173895e-02 9.996518743312348132e-01 -1.975026271998353566e-02 -5.720528361556849184e-01 -3.417708543983022894e-03 1.969338180710523967e-02 9.998002250356358145e-01 -3.289246229406396216e-01
9.998360834983102130e-01 1.789447625937940281e-02 2.755694860216064985e-03 7.017796470124564223e+01 -1.783763719490743041e-02 9.996521235499840063e-01 -1.942808743315353054e-02 -5.734511615886580538e-01 -3.102391668208478916e-03 1.937574776389056064e-02 9.998074592462926624e-01 -3.285959403495566922e-01
9.998352745711676093e-01 1.796051250161012636e-02 2.616049288035470540e-03 7.023538327771245804e+01 -1.790729502977556759e-02 9.996569173190500424e-01 -1.911482254404752584e-02 -5.740361076132407536e-01 -2.958463776100658717e-03 1.906482748029361685e-02 9.998138726009117017e-01 -3.328486958134476148e-01
9.998372349243721535e-01 1.780175731880796405e-02 2.932762374989328000e-03 7.031153773804707896e+01 -1.774430720262366520e-02 9.996700704470128374e-01 -1.857120928650607405e-02 -5.723804030718948610e-01 -3.262394930845104180e-03 1.851614670568794974e-02 9.998232389230051753e-01 -3.320741081268757666e-01
9.998323482754287728e-01 1.799709638817457991e-02 3.373405347190040933e-03 7.039840851261566002e+01 -1.793222684778204151e-02 9.996705576898833323e-01 -1.836331474101018241e-02 -5.683283447595427473e-01 -3.702780350139849540e-03 1.829974342968967299e-02 9.998256892119176120e-01 -3.328494870448875931e-01
9.998226144048397712e-01 1.845784336513978802e-02 3.748031880735656907e-03 7.049989540249116260e+01 -1.838782208247689148e-02 9.996701804165532002e-01 -1.792814505182127940e-02 -5.711876394225413600e-01 -4.077710599616030454e-03 1.785604671375872268e-02 9.998322528664604913e-01 -3.312513633907017696e-01
9.998215178542475545e-01 1.828575304486817349e-02 4.750123283737248299e-03 7.061213848293375861e+01 -1.820027736235747817e-02 9.996820011055297384e-01 -1.745412757994091110e-02 -5.713320569403211868e-01 -5.067774616324845043e-03 1.736455876852879485e-02 9.998363814940984806e-01 -3.309371117384903860e-01
9.998261291173270449e-01 1.771826984379395661e-02 5.811578787603573909e-03 7.073714512653175746e+01 -1.761696418574969572e-02 9.996995485713304763e-01 -1.704274505929488301e-02 -5.731209676831229283e-01 -6.111800646293585187e-03 1.693739944680438050e-02 9.998378720536842401e-01 -3.322993453816618370e-01
9.998328349262042281e-01 1.703470199036452928e-02 6.642373937762605443e-03 7.088087409058701382e+01 -1.691830132628424285e-02 9.997088696520470830e-01 -1.720311074367995158e-02 -5.790893741035648690e-01 -6.933490005952697155e-03 1.708785730060204122e-02 9.998299514663538945e-01 -3.333855606413288486e-01
9.998445227378151001e-01 1.611569327987329506e-02 7.156450328185396358e-03 7.103867790541302440e+01 -1.598358000089147510e-02 9.997075205350125504e-01 -1.814934037623719409e-02 -5.840629310754686943e-01 -7.446846416157657834e-03 1.803213287014207578e-02 9.998096752195427817e-01 -3.381125189785809115e-01
9.998746438613685950e-01 1.471689133927736245e-02 5.840348654759226418e-03 7.119732948961764407e+01 -1.460786113247521112e-02 9.997259784512559921e-01 -1.829148443438253710e-02 -5.882399333606284086e-01 -6.107942062230534847e-03 1.820387648241004672e-02 9.998156389678937161e-01 -3.371293879439192231e-01
9.999012979013385261e-01 1.281773400609968749e-02 5.753272996082177924e-03 7.136777505501081009e+01 -1.271710662205009085e-02 9.997712101815883212e-01 -1.719890959350853926e-02 -5.890148012580537218e-01 -5.972407754162680112e-03 1.712404703892003027e-02 9.998355351549708114e-01 -3.419846016513190534e-01
9.999085882626732591e-01 1.074430713074381316e-02 8.208226533668996905e-03 7.155938825209149456e+01 -1.061601836705981100e-02 9.998232587088766721e-01 -1.551616894703138939e-02 -5.930515002601932650e-01 -8.373486285773019261e-03 1.542761190342886897e-02 9.998459248896197638e-01 -3.478390881788459010e-01
9.998968860627442945e-01 8.483211228455635536e-03 1.158673246781749544e-02 7.175734419702160949e+01 -8.313510993575220012e-03 9.998586110218696810e-01 -1.461654885317516944e-02 -5.961976069634894460e-01 -1.170908950290652784e-02 1.451871525552301395e-02 9.998260369335967290e-01 -3.519307723373065744e-01
9.998845159954961037e-01 6.259878917740546722e-03 1.384805359564190291e-02 7.196615264065098927e+01 -6.044368582761118491e-03 9.998608219902691552e-01 -1.554999219868013517e-02 -5.951074987829030327e-01 -1.394346731943936490e-02 1.546449368322513722e-02 9.997831910740614392e-01 -3.524013340432901042e-01
9.998710071226630802e-01 3.715514992890309089e-03 1.562575002516670974e-02 7.217370022470203139e+01 -3.441716713663513314e-03 9.998407157739670481e-01 -1.751278580535170493e-02 -5.958293489424002498e-01 -1.568833010789482535e-02 1.745674737569534452e-02 9.997245311932116962e-01 -3.560297733284638610e-01
9.998622982312169727e-01 1.444883626496558078e-03 1.653169341279861482e-02 7.237835196852618935e+01 -1.151672443702795494e-03 9.998421106780716050e-01 -1.773209985876701700e-02 -5.912252146230816408e-01 -1.655470405568467557e-02 1.771061902150096456e-02 9.997060946835845119e-01 -3.626305371908760122e-01
9.998558159608970097e-01 -1.380905358131294565e-03 1.692454990718236102e-02 7.259338555962720818e+01 1.641385924620295672e-03 9.998802738877294871e-01 -1.538647920888543130e-02 -5.747446250150207714e-01 -1.690127632503771876e-02 1.541204044216370334e-02 9.997383737098390899e-01 -3.712299668316567658e-01
