1 0 0 0 0 1 0 0 -0 0 1 0
0.999958 0.00130718 0.00909814 0.0393901 -0.0012233 0.999957 -0.00921827 -0.0482123 -0.0091098 0.00920675 0.999916 0.000811702
0.999907 -0.00785967 0.011147 0.0943059 0.00815386 0.999613 -0.0265967 -0.12109 -0.0109336 0.0266851 0.999584 -0.00269478
0.999506 -0.0251987 0.0187937 0.124536 0.0258883 0.998965 -0.037401 -0.173086 -0.0178318 0.0378691 0.999124 -0.0221204
0.999144 -0.0329804 0.024974 0.161451 0.0342213 0.998112 -0.051009 -0.214473 -0.0232446 0.05182 0.998386 -0.0628715
0.998822 -0.0392518 0.0285144 0.204004 0.0407428 0.997723 -0.0537406 -0.295378 -0.0263401 0.0548391 0.998148 -0.11543
0.997519 -0.0641076 0.0290734 0.224497 0.0653346 0.996918 -0.0434238 -0.324762 -0.0262 0.0452156 0.998634 -0.166285
0.995516 -0.0926941 0.0188371 0.277659 0.0933759 0.994856 -0.0392819 -0.400535 -0.015099 0.0408647 0.999051 -0.207804
0.993526 -0.112041 0.0188107 0.300369 0.112716 0.992828 -0.0398497 -0.442979 -0.014211 0.0417119 0.999029 -0.222482
0.99568 -0.0922371 0.0106473 0.354497 0.092581 0.994967 -0.0383358 -0.497704 -0.0070577 0.0391559 0.999208 -0.256319
0.995771 -0.0918124 0.00331516 0.38474 0.0918702 0.995337 -0.0294055 -0.55194 -0.000599912 0.0295857 0.999562 -0.299246
0.997451 -0.0713553 -0.000289239 0.425892 0.0713421 0.99733 -0.0156212 -0.59668 0.00140312 0.0155608 0.999878 -0.34715
0.997499 -0.0700755 0.00918693 0.4599 0.0702669 0.997274 -0.0225003 -0.659618 -0.00758517 0.0230896 0.999705 -0.386567
0.99675 -0.0783856 0.0185624 0.489516 0.0790284 0.99619 -0.0368834 -0.708557 -0.0156006 0.0382305 0.999147 -0.40959
0.998029 -0.056638 0.0270251 0.526623 0.0577433 0.997446 -0.0420413 -0.76192 -0.0245749 0.0435189 0.99875 -0.430491
0.998297 -0.0500599 0.0299386 0.553177 0.0507474 0.998454 -0.0226637 -0.818968 -0.0287578 0.0241445 0.999295 -0.467066
0.996959 -0.0755171 0.019256 0.586347 0.0752053 0.997033 0.0164368 -0.862414 -0.0204402 -0.0149387 0.999679 -0.509835
0.998088 -0.0586751 0.0194066 0.609994 0.0575001 0.996752 0.0563876 -0.923958 -0.0226521 -0.0551639 0.99822 -0.551415
0.998528 -0.0527088 0.0128097 0.620312 0.0513987 0.994874 0.0870875 -0.965406 -0.0173343 -0.0863009 0.996118 -0.554915
0.997755 -0.0655825 0.0135806 0.673774 0.0642309 0.994449 0.0833367 -1.04156 -0.0189706 -0.0822773 0.996429 -0.54715
0.999187 -0.0361863 0.0177707 0.715483 0.0347568 0.996574 0.0750511 -1.10673 -0.0204257 -0.0743724 0.997021 -0.554232
0.999033 -0.0427211 0.010415 0.746933 0.0419007 0.996721 0.0692191 -1.17037 -0.013338 -0.0687158 0.997547 -0.57814
0.999392 -0.0345757 0.0045351 0.806534 0.0342897 0.998026 0.0526082 -1.25454 -0.00634512 -0.0524207 0.998605 -0.593694
0.999937 -0.00789193 0.00795543 0.850357 0.00758435 0.99925 0.037978 -1.32498 -0.00824918 -0.0379153 0.999247 -0.588153
0.999659 0.0194268 0.0174326 0.928139 -0.0196378 0.999735 0.0120122 -1.42862 -0.0171946 -0.0123505 0.999776 -0.595824
0.999669 -0.00198773 0.0256596 0.974814 0.00255962 0.999749 -0.0222741 -1.52942 -0.0256089 0.0223324 0.999423 -0.589148
0.999311 -0.017995 0.0324691 1.04061 0.0195021 0.998718 -0.0467144 -1.60751 -0.0315868 0.0473154 0.99838 -0.59472
0.999141 -0.0180744 0.0372987 1.11084 0.0204095 0.997792 -0.0632061 -1.71442 -0.0360739 0.063913 0.997303 -0.63257
0.997593 -0.0507351 0.0472717 1.16268 0.0535275 0.996774 -0.0598093 -1.8173 -0.0440848 0.0621957 0.99709 -0.652497
0.996853 -0.0566258 0.0554795 1.24136 0.0589019 0.99745 -0.0402873 -1.91126 -0.0530568 0.0434284 0.997647 -0.647799
0.996979 -0.0503637 0.0591363 1.3094 0.0524762 0.998018 -0.0347287 -2.00348 -0.0572701 0.037727 0.997646 -0.641801
0.993667 -0.0918773 0.0646848 1.36988 0.0949238 0.994435 -0.0457104 -2.09598 -0.060125 0.0515611 0.996858 -0.643644
0.993648 -0.0931062 0.0632062 1.44042 0.0963191 0.994102 -0.0498411 -2.17478 -0.0581929 0.0556125 0.996755 -0.644444
0.994088 -0.0946476 0.0532024 1.49205 0.0974664 0.993819 -0.0531489 -2.2836 -0.0478432 0.0580202 0.997168 -0.669611
0.993588 -0.106469 0.0380372 1.55135 0.108162 0.993086 -0.0456203 -2.36142 -0.0329171 0.049442 0.998234 -0.67403
0.996648 -0.0779089 0.0249716 1.60374 0.0783566 0.996772 -0.0174822 -2.44624 -0.023529 0.0193803 0.999535 -0.666097
0.998591 -0.0394928 0.0354355 1.68842 0.039633 0.999209 -0.00326338 -2.54609 -0.0352786 0.0046632 0.999367 -0.674883
0.9981 -0.0386457 0.047991 1.7386 0.0387202 0.99925 -0.000623223 -2.60489 -0.0479309 0.00248026 0.998848 -0.652412
0.998271 -0.0322352 0.0491444 1.80246 0.0325152 0.999459 -0.00490747 -2.71477 -0.0489597 0.00649692 0.99878 -0.661933
0.997811 -0.0353797 0.0558726 1.83543 0.0362137 0.999246 -0.0139868 -2.79146 -0.0553357 0.0159796 0.99834 -0.684098
0.996794 -0.0478832 0.0641049 1.90739 0.0493924 0.998533 -0.0221676 -2.90075 -0.0629495 0.0252628 0.997697 -0.712783
0.995407 -0.061525 0.0733509 1.9651 0.0638173 0.997531 -0.029327 -3.00384 -0.0713655 0.0338733 0.996875 -0.717866
0.995622 -0.0514679 0.0780298 2.01343 0.0552922 0.997332 -0.047669 -3.10728 -0.0753682 0.0517748 0.995811 -0.709836
0.994252 -0.0601145 0.0885954 2.09196 0.0659229 0.99576 -0.0641613 -3.21583 -0.0843627 0.069633 0.993999 -0.720541
0.99494 -0.0449427 0.0898543 2.11705 0.0519262 0.995681 -0.0769563 -3.29069 -0.0860077 0.0812327 0.992977 -0.724737
0.996356 -0.0384255 0.0761463 2.1829 0.0443068 0.996037 -0.0771162 -3.39103 -0.0728813 0.080209 0.99411 -0.754983
0.997824 -0.0268979 0.060193 2.25119 0.0312447 0.99688 -0.0724786 -3.49961 -0.0580557 0.0742016 0.995552 -0.771404
0.999089 -0.00425293 0.0424535 2.3051 0.00749086 0.997049 -0.076405 -3.58228 -0.0420033 0.0766534 0.996173 -0.770529
0.998819 0.0221928 0.0432277 2.35088 -0.0184029 0.99611 -0.0861793 -3.68118 -0.0449721 0.085282 0.995341 -0.746568
0.998977 0.0246687 0.0378883 2.40343 -0.0208528 0.994968 -0.0980005 -3.78155 -0.0401152 0.0971102 0.994465 -0.739305
0.999438 0.0193617 0.0273627 2.45277 -0.0166769 0.995323 -0.0951503 -3.87044 -0.029077 0.0946405 0.995087 -0.759014
0.999479 0.0114472 0.0301859 2.52168 -0.00902031 0.996806 -0.0793444 -3.95997 -0.0309978 0.0790307 0.99639 -0.78294
0.999071 0.012647 0.0411914 2.56875 -0.0101808 0.998174 -0.0595395 -4.03804 -0.0418692 0.0590648 0.997376 -0.79363
0.998385 -0.0211456 0.0527372 2.65837 0.0235687 0.998675 -0.0457572 -4.14682 -0.0516998 0.0469262 0.99756 -0.79432
0.99718 -0.0523681 0.053751 2.72588 0.054833 0.99746 -0.0454569 -4.22567 -0.051234 0.048276 0.997519 -0.787454
0.996779 -0.0549251 0.0584358 2.78257 0.0577796 0.997159 -0.048333 -4.30697 -0.0556151 0.0515537 0.99712 -0.780695
0.996937 -0.0514089 0.058944 2.84827 0.0540877 0.997531 -0.0447877 -4.40111 -0.0564959 0.0478387 0.997256 -0.794447
0.996728 -0.0657365 0.0470361 2.90807 0.067631 0.996913 -0.0398866 -4.47657 -0.0442689 0.0429372 0.998097 -0.818231
0.9978 -0.056707 0.0343311 2.99185 0.0580349 0.997552 -0.039004 -4.56657 -0.0320353 0.0409106 0.998649 -0.833601
0.998342 -0.0524926 0.0236351 3.03665 0.0532001 0.998122 -0.0303705 -4.6411 -0.0219965 0.0315775 0.999259 -0.829471
0.999281 -0.030621 0.0223563 3.10032 0.0312214 0.999147 -0.0270183 -4.72737 -0.0215099 0.0276969 0.999385 -0.825126
0.999447 -0.0203285 0.0263021 3.14884 0.0211606 0.999272 -0.0317547 -4.79853 -0.0256374 0.0322937 0.99915 -0.810066
0.999839 -0.00502276 0.017222 3.2071 0.00558166 0.999454 -0.0325597 -4.87231 -0.017049 0.0326506 0.999321 -0.827788
0.999722 -0.0205089 0.0116443 3.27122 0.0208357 0.999372 -0.028675 -4.9638 -0.0110489 0.0289097 0.999521 -0.842619
0.999931 -0.00762336 0.0089918 3.31156 0.00786111 0.999612 -0.0267086 -5.03138 -0.00878471 0.0267774 0.999603 -0.863602
0.999846 -0.00837768 0.0154391 3.37545 0.00872698 0.999704 -0.0226974 -5.12311 -0.0152443 0.0228286 0.999623 -0.868687
0.99938 -0.0229807 0.0266656 3.42325 0.023922 0.999082 -0.0355366 -5.21163 -0.0258245 0.0361525 0.999013 -0.851047
0.99901 -0.0131552 0.042492 3.49372 0.0156242 0.998177 -0.0583046 -5.29518 -0.0416475 0.0589108 0.997394 -0.858443
0.998583 0.00463005 0.0530205 3.56244 -0.00083326 0.997447 -0.0714091 -5.39364 -0.0532157 0.0712637 0.996037 -0.87292
0.998219 0.00573373 0.0593738 3.61546 -0.000714609 0.996448 -0.0842126 -5.48757 -0.0596458 0.0840202 0.994677 -0.884541
0.99814 0.0276781 0.0543268 3.68523 -0.022754 0.995749 -0.0892529 -5.58677 -0.0565662 0.0878507 0.994526 -0.901177
0.998468 0.0276936 0.0479004 3.74077 -0.0234179 0.995878 -0.0876289 -5.66487 -0.0501297 0.086373 0.995001 -0.906423
0.998319 0.0324564 0.0480181 3.8021 -0.028156 0.995751 -0.0876719 -5.73467 -0.0506596 0.0861726 0.994991 -0.888451
0.997328 0.0469091 0.0560065 3.85805 -0.0415653 0.994795 -0.0930363 -5.82108 -0.0600792 0.0904598 0.994086 -0.890802
0.997684 0.027729 0.0621053 3.9131 -0.0217214 0.995202 -0.0954001 -5.90431 -0.0644527 0.0938302 0.9935 -0.891248
0.998169 0.0156299 0.0584368 3.97274 -0.0097494 0.994981 -0.0995923 -6.00642 -0.0597001 0.0988402 0.993311 -0.918577
0.998657 0.00404544 0.0516585 4.04209 0.000644879 0.9959 -0.090457 -6.08495 -0.0518126 0.0903688 0.99456 -0.938282
0.998434 -0.0257688 0.0496621 4.10139 0.0293184 0.996965 -0.072125 -6.17732 -0.0476528 0.073468 0.996158 -0.945866
0.997734 -0.0464546 0.0486716 4.15152 0.0491434 0.997244 -0.0555861 -6.25714 -0.0459552 0.057852 0.997267 -0.936062
0.997124 -0.0558414 0.0512317 4.21736 0.0583618 0.997088 -0.0490934 -6.34429 -0.0483411 0.0519422 0.997479 -0.939288
0.995157 -0.0831945 0.0523562 4.28003 0.0855254 0.995365 -0.0439733 -6.42307 -0.0484552 0.0482381 0.99766 -0.947097
0.994795 -0.0897964 0.0481643 4.33463 0.0918517 0.994874 -0.0423053 -6.51036 -0.0441186 0.0465091 0.997943 -0.963447
0.996216 -0.0772949 0.0397504 4.41902 0.0789087 0.996048 -0.0407686 -6.59013 -0.0364421 0.0437509 0.998378 -0.979254
0.995262 -0.0932493 0.0275194 4.484 0.094229 0.994872 -0.0367518 -6.67304 -0.0239512 0.0391708 0.998945 -0.977214
0.996322 -0.0850474 0.0104755 4.54625 0.0853308 0.995886 -0.0304979 -6.755 -0.00783859 0.0312796 0.99948 -0.973111
0.997339 -0.0724487 0.00812932 4.58778 0.0727104 0.996604 -0.0386584 -6.82638 -0.00530096 0.0391466 0.999219 -0.959389
0.996583 -0.0825353 0.00319744 4.64644 0.0825948 0.995511 -0.0462194 -6.90371 0.000631649 0.0463256 0.998926 -0.961906
0.996906 -0.0785915 -0.00148494 4.70524 0.078423 0.995699 -0.0493202 -6.9887 0.0053547 0.0490511 0.998782 -0.982995
0.996188 -0.0872267 -0.00096046 4.76234 0.0870742 0.994988 -0.0491716 -7.05385 0.00524473 0.0489005 0.99879 -1.00578
0.994447 -0.104484 0.0125623 4.82836 0.104948 0.993458 -0.045014 -7.16351 -0.00777685 0.0460824 0.998907 -1.02538
0.991195 -0.12766 0.0351547 4.89968 0.129269 0.990443 -0.0480931 -7.25357 -0.0286792 0.052214 0.998224 -1.00849
0.990631 -0.126646 0.0511 4.97223 0.129784 0.989498 -0.0636368 -7.33765 -0.042504 0.0696725 0.996664 -1.01354
0.986874 -0.148333 0.0638511 5.04437 0.152813 0.985617 -0.0721585 -7.43456 -0.0522293 0.0809686 0.995347 -1.01608
0.985325 -0.159427 0.060981 5.10415 0.163754 0.983713 -0.0741244 -7.51383 -0.0481703 0.0830225 0.995383 -1.03623
0.986994 -0.15563 0.0402673 5.16954 0.158095 0.985095 -0.0677767 -7.58497 -0.0291191 0.0732613 0.996888 -1.05778
0.988729 -0.148535 0.0187806 5.22308 0.149346 0.987317 -0.0538513 -7.6699 -0.0105436 0.0560492 0.998372 -1.05725
0.990443 -0.137553 0.0101343 5.28602 0.137894 0.989122 -0.0512216 -7.7453 -0.00297838 0.0521295 0.998636 -1.04666
0.995034 -0.0979033 0.0179255 5.3582 0.098783 0.993445 -0.0575156 -7.8285 -0.012177 0.0590008 0.998184 -1.05132
0.99507 -0.0965364 0.0227191 5.40651 0.0977761 0.993282 -0.0618933 -7.90318 -0.0165915 0.0638096 0.997824 -1.04523
0.993867 -0.10893 0.0190517 5.47389 0.109921 0.99197 -0.0625516 -7.9966 -0.012085 0.0642622 0.99786 -1.06123
0.994445 -0.103614 0.0185181 5.53513 0.104576 0.992576 -0.0621108 -8.0775 -0.0119451 0.0637023 0.997897 -1.07929
0.994885 -0.0971685 0.0276112 5.60481 0.0986385 0.993426 -0.058105 -8.17572 -0.0217837 0.0605314 0.997929 -1.08687
0.993617 -0.105209 0.0407087 5.65811 0.107291 0.99282 -0.0528814 -8.2592 -0.0348528 0.0569115 0.997771 -1.08558
0.993707 -0.101402 0.0475867 5.72662 0.103642 0.993493 -0.0472284 -8.35347 -0.0424879 0.0518632 0.99775 -1.07988
0.993663 -0.0978575 0.0552984 5.79188 0.100341 0.993977 -0.0440659 -8.43688 -0.0506532 0.0493354 0.997497 -1.08767
0.994764 -0.0827994 0.0599121 5.8561 0.0852527 0.995571 -0.039618 -8.53271 -0.0563664 0.0445182 0.997417 -1.10348
0.995559 -0.0756683 0.0560048 5.90872 0.0776693 0.996384 -0.0344567 -8.61139 -0.053195 0.0386536 0.997836 -1.11813
0.997143 -0.0535305 0.0532968 5.97253 0.0550966 0.998078 -0.0283605 -8.69776 -0.0516762 0.031216 0.998176 -1.12724
0.99825 -0.0289219 0.0515769 6.04538 0.0300668 0.999315 -0.0215609 -8.7867 -0.050918 0.0230739 0.998436 -1.12915
0.997656 -0.0340316 0.0593744 6.10394 0.0351197 0.999232 -0.01738 -8.87109 -0.0587373 0.0194244 0.998084 -1.11691
0.997339 -0.0289023 0.0669278 6.16546 0.0303231 0.999334 -0.0203111 -8.95741 -0.0662962 0.0222865 0.997551 -1.11323
0.997536 -0.0268117 0.0648292 6.22827 0.0284606 0.999291 -0.0246461 -9.04554 -0.0641225 0.0264304 0.997592 -1.12943
0.996371 -0.0525042 0.0669929 6.29039 0.0544197 0.998151 -0.0270936 -9.13947 -0.0654465 0.030641 0.997386 -1.15507
0.994982 -0.0636616 0.0771879 6.34599 0.0655325 0.997609 -0.0219498 -9.23716 -0.0756059 0.026898 0.996775 -1.16074
0.992625 -0.0869971 0.0844175 6.39926 0.0887433 0.995907 -0.0171508 -9.33436 -0.0825799 0.0245158 0.996283 -1.1629
0.989252 -0.120996 0.0821054 6.46495 0.123504 0.991999 -0.0261679 -9.42237 -0.0782823 0.036027 0.99628 -1.16419
0.989937 -0.120587 0.0740524 6.5209 0.123427 0.991735 -0.0350479 -9.5125 -0.0692141 0.0438354 0.996638 -1.16419
0.992283 -0.110246 0.0567482 6.5607 0.112812 0.992633 -0.0441957 -9.61089 -0.0514577 0.0502565 0.99741 -1.17858
0.994993 -0.0947598 0.0317646 6.61371 0.0961749 0.99428 -0.0464551 -9.68237 -0.0271808 0.0492775 0.998415 -1.19442
0.99862 -0.0502254 0.0153294 6.68101 0.0507819 0.997972 -0.0383765 -9.77231 -0.0133708 0.039102 0.999146 -1.19817
0.999801 -0.0168701 0.0106886 6.72556 0.0172424 0.999212 -0.0357562 -9.85178 -0.010077 0.0359334 0.999303 -1.18674
0.999943 -0.000495691 0.0106582 6.7894 0.000980918 0.998961 -0.0455691 -9.96009 -0.0106246 0.045577 0.998904 -1.18231
0.999807 0.0192473 0.00394371 6.84017 -0.0189792 0.998053 -0.0594156 -10.0379 -0.00507963 0.0593293 0.998226 -1.18683
0.999655 0.0258737 -0.00458381 6.88258 -0.0261351 0.997108 -0.0713652 -10.1323 0.00272407 0.0714604 0.99744 -1.20426
0.999675 0.0218023 -0.0132324 6.94344 -0.022717 0.99704 -0.0734451 -10.2319 0.0115919 0.0737218 0.997211 -1.2235
0.999461 0.0306612 -0.0117259 6.99724 -0.0313969 0.997138 -0.0687797 -10.3189 0.00958347 0.0691108 0.997563 -1.22941
0.999439 0.0330592 -0.00536496 7.04449 -0.0333407 0.997279 -0.0657495 -10.4253 0.00317673 0.0658915 0.997822 -1.22277
0.999188 0.0402365 -0.00225896 7.09777 -0.0402973 0.996922 -0.0672519 -10.5026 -0.000453977 0.0672883 0.997733 -1.22047
0.999114 0.0420238 0.0020905 7.13781 -0.0417884 0.996862 -0.0672257 -10.5905 -0.00490902 0.0670788 0.997736 -1.21938
0.998209 0.0598172 -0.00121051 7.1991 -0.0597693 0.996093 -0.0650165 -10.6784 -0.00268332 0.0649723 0.997883 -1.23435
0.997775 0.0660976 -0.00869102 7.25282 -0.0665084 0.995887 -0.0615216 -10.7791 0.00458885 0.0619627 0.998068 -1.26018
0.995889 0.089059 -0.0165118 7.29215 -0.0898828 0.994223 -0.0586726 -10.8602 0.0111911 0.0599156 0.998141 -1.27173
0.993045 0.117007 -0.0130586 7.34762 -0.11757 0.991392 -0.0576211 -10.9667 0.00620416 0.0587556 0.998253 -1.26126
0.991341 0.131311 -0.00109576 7.39109 -0.131132 0.989475 -0.061179 -11.069 -0.00694924 0.0607929 0.998126 -1.25351
0.991065 0.133285 0.00501292 7.4344 -0.132725 0.989225 -0.0617863 -11.1575 -0.0131941 0.0605689 0.998077 -1.25224
0.989483 0.144619 -0.00285786 7.49036 -0.144494 0.987325 -0.0656535 -11.2318 -0.00667314 0.065376 0.997838 -1.28024
0.992597 0.121331 -0.00551632 7.52586 -0.121435 0.990548 -0.0637806 -11.3362 -0.00227436 0.0639783 0.997949 -1.30114
0.994056 0.108868 0.000189729 7.58235 -0.10869 0.992528 -0.05545 -11.4475 -0.00622504 0.0550998 0.998461 -1.309
0.993121 0.116784 0.00845784 7.61624 -0.116257 0.99208 -0.0475497 -11.537 -0.0139439 0.0462394 0.998833 -1.30441
0.994316 0.105461 0.0146115 7.65842 -0.104689 0.993434 -0.0461458 -11.6126 -0.0193821 0.0443538 0.998828 -1.30477
0.994695 0.101193 0.0184985 7.7139 -0.100179 0.993745 -0.0493392 -11.6939 -0.0233756 0.0472243 0.998611 -1.31608
0.994344 0.10531 0.0137657 7.75974 -0.104452 0.993131 -0.0527297 -11.7993 -0.0192241 0.0509937 0.998514 -1.32374
0.995319 0.0965923 0.00324553 7.82104 -0.0962534 0.993735 -0.0567963 -11.8914 -0.00871128 0.0562181 0.998381 -1.34695
0.992429 0.122802 -0.00191417 7.86876 -0.122769 0.991491 -0.0432867 -11.9827 -0.00341781 0.043194 0.999061 -1.3466
0.98851 0.151156 -0.000276003 7.92832 -0.151064 0.987845 -0.0366332 -12.0849 -0.00526468 0.036254 0.999329 -1.33844
0.987241 0.15886 0.0108592 7.98279 -0.158162 0.986219 -0.0485582 -12.1679 -0.0184236 0.0462212 0.998761 -1.34505
0.986168 0.165016 0.0155794 8.03483 -0.163802 0.984631 -0.0605939 -12.2563 -0.025339 0.0572038 0.998041 -1.35083
0.986545 0.162667 0.016361 8.09149 -0.161329 0.984839 -0.0637518 -12.3642 -0.0264833 0.0602546 0.997832 -1.36711
0.988078 0.152876 0.0181897 8.13378 -0.151354 0.986208 -0.066974 -12.4447 -0.0281776 0.0634225 0.997589 -1.39028
0.988096 0.150752 0.0306628 8.18459 -0.148618 0.986894 -0.0628744 -12.528 -0.0397394 0.0575689 0.99755 -1.39196
0.989471 0.139072 0.0400753 8.23663 -0.136367 0.988603 -0.0637899 -12.6413 -0.04849 0.0576533 0.997158 -1.38426
0.989976 0.132752 0.0482072 8.29786 -0.129329 0.989249 -0.0682735 -12.7407 -0.0567523 0.0613545 0.996501 -1.38467
0.991179 0.121802 0.0522351 8.34389 -0.118104 0.990611 -0.0688537 -12.817 -0.0601312 0.0620772 0.996258 -1.39261
0.991052 0.124802 0.0473277 8.38714 -0.121402 0.990205 -0.0689674 -12.902 -0.0554714 0.0626046 0.996496 -1.41033
0.991405 0.125569 0.0367197 8.44647 -0.123019 0.990275 -0.0649731 -13.0104 -0.0445212 0.0598975 0.997211 -1.42083
0.99123 0.130685 0.0196233 8.49001 -0.129386 0.989951 -0.0570713 -13.0811 -0.0268845 0.0540317 0.998177 -1.42302
0.987609 0.156286 0.0142827 8.54576 -0.155346 0.986464 -0.0524968 -13.1758 -0.0222939 0.0496276 0.998519 -1.41826
0.983992 0.176105 0.0273356 8.60093 -0.17418 0.982789 -0.0615453 -13.2613 -0.0377035 0.0557987 0.99773 -1.41348
0.983702 0.177615 0.0279943 8.66076 -0.175382 0.98212 -0.0684237 -13.3624 -0.0396468 0.0623988 0.997264 -1.41496
0.984643 0.172652 0.0258651 8.7009 -0.170662 0.983137 -0.0657012 -13.441 -0.0367724 0.0602781 0.997504 -1.43883
0.987558 0.155782 0.0214737 8.75636 -0.154282 0.986238 -0.059423 -13.5308 -0.0304353 0.0553707 0.998002 -1.45714
0.987032 0.158205 0.0271945 8.81315 -0.156913 0.986611 -0.0444634 -13.6313 -0.0338647 0.0396196 0.998641 -1.45787
0.988848 0.145336 0.0324999 8.86338 -0.144052 0.988807 -0.0388656 -13.7339 -0.0377847 0.0337506 0.998716 -1.45166
0.991194 0.128316 0.0327035 8.91219 -0.126658 0.990758 -0.048537 -13.806 -0.0386293 0.0439674 0.998286 -1.45358
0.990737 0.131632 0.0333773 8.95902 -0.129656 0.989992 -0.0557196 -13.8897 -0.0403777 0.0508759 0.997888 -1.45708
0.989943 0.138246 0.0300202 9.02035 -0.135991 0.988419 -0.0673421 -13.9893 -0.0389823 0.0625824 0.997278 -1.4759
0.98913 0.145471 0.0214311 9.07579 -0.143814 0.987461 -0.065107 -14.0589 -0.0306335 0.0613172 0.997648 -1.49218
0.987411 0.157937 0.00872539 9.1262 -0.15717 0.985844 -0.0583954 -14.1528 -0.0178246 0.0562889 0.998255 -1.48941
0.980486 0.196584 0.00118306 9.19066 -0.196099 0.978453 -0.0646077 -14.2236 -0.0138584 0.063115 0.99791 -1.49565
0.978962 0.20402 0.00316544 9.2535 -0.203183 0.976132 -0.0767011 -14.3389 -0.0187385 0.0744443 0.997049 -1.49011
0.97757 0.21061 3.96315e-05 9.29716 -0.209735 0.973522 -0.0909224 -14.4125 -0.0191878 0.0888747 0.995858 -1.49227
0.973174 0.230053 -0.00285742 9.35025 -0.229151 0.9681 -0.101354 -14.4947 -0.0205504 0.0992894 0.994846 -1.51382
0.976517 0.215414 -0.00347487 9.39456 -0.214649 0.971411 -0.101426 -14.5854 -0.018473 0.0997897 0.994837 -1.54247
0.97843 0.206578 0.000256116 9.44687 -0.205715 0.974456 -0.0900961 -14.6695 -0.0188614 0.0881001 0.995933 -1.54462
0.978136 0.207884 0.00577111 9.50527 -0.206571 0.974415 -0.0885708 -14.7795 -0.0240359 0.0854422 0.996053 -1.55891
0.980118 0.19804 0.0122297 9.54468 -0.195904 0.97564 -0.0987306 -14.8742 -0.0314844 0.0943717 0.995039 -1.54957
0.981814 0.188727 0.0205972 9.5885 -0.185482 0.976706 -0.107893 -14.9436 -0.0404798 0.102111 0.993949 -1.54128
0.980948 0.192659 0.0249651 9.64609 -0.189055 0.976276 -0.105561 -15.0311 -0.0447101 0.0988303 0.994099 -1.55689
0.979595 0.199603 0.0234842 9.70531 -0.197 0.976757 -0.084486 -15.0975 -0.039802 0.0781357 0.996148 -1.56258
0.974586 0.22195 0.0303302 9.75574 -0.219574 0.973299 -0.0669093 -15.163 -0.0443708 0.0585491 0.997298 -1.56302
0.967287 0.252313 0.0263435 9.81084 -0.250266 0.966083 -0.0636438 -15.2417 -0.0415081 0.0549689 0.997625 -1.55723
0.965888 0.257546 0.0270234 9.85708 -0.25534 0.964575 -0.0663028 -15.3182 -0.0431421 0.0571409 0.997434 -1.55436
0.964474 0.261275 0.0390478 9.90015 -0.258434 0.963797 -0.0656276 -15.3987 -0.054781 0.0532049 0.99708 -1.53845
0.962033 0.270627 0.0353927 9.94069 -0.267968 0.961181 -0.0657666 -15.454 -0.051817 0.0537855 0.997207 -1.54415
0.971226 0.237105 0.0223991 9.97517 -0.235057 0.969454 -0.0700538 -15.5304 -0.038325 0.062773 0.997292 -1.5439
0.96831 0.248851 0.0211827 10.0068 -0.246965 0.966692 -0.0671887 -15.6032 -0.0371971 0.0598281 0.997515 -1.53591
0.960475 0.275662 0.0387013 10.0471 -0.272883 0.959872 -0.0646603 -15.6891 -0.0549727 0.0515437 0.997157 -1.53996
0.962383 0.264207 0.0633541 10.0756 -0.260762 0.963676 -0.0577291 -15.7482 -0.0763052 0.0390371 0.99632 -1.51868
0.967588 0.243075 0.0684614 10.1076 -0.239363 0.969188 -0.0581455 -15.8103 -0.0804856 0.0398738 0.995958 -1.49326
0.972298 0.22471 0.0643535 10.1331 -0.220467 0.973097 -0.0669022 -15.8577 -0.0776558 0.0508611 0.995682 -1.47537
0.971414 0.230058 0.0585526 10.146 -0.225988 0.971706 -0.0686728 -15.9126 -0.0726946 0.0534775 0.995919 -1.45584
0.973833 0.222883 0.0444022 10.1687 -0.220171 0.97369 -0.0587589 -15.9621 -0.0563303 0.0474452 0.997284 -1.45415
0.975429 0.2185 0.0282141 10.1855 -0.217328 0.975298 -0.0395259 -16.019 -0.0361536 0.032423 0.99882 -1.44623
0.972001 0.234728 0.0108116 10.2133 -0.234401 0.971811 -0.0253034 -16.0708 -0.0164462 0.0220607 0.999621 -1.44746
0.971406 0.23742 -0.00116795 10.2178 -0.237388 0.971166 -0.0219681 -16.1035 -0.00408141 0.0216173 0.999758 -1.40744
0.970204 0.242287 -0.000956063 10.2494 -0.242247 0.969956 -0.022406 -16.1626 -0.00450134 0.02197 0.999748 -1.38058
0.96522 0.261433 0.00170171 10.272 -0.261301 0.964904 -0.0261281 -16.1911 -0.00847273 0.0247747 0.999657 -1.34156
0.967876 0.25143 0.000211673 10.2783 -0.251351 0.967594 -0.0241584 -16.2259 -0.00627894 0.0233291 0.999708 -1.32494
0.966614 0.256222 -0.00279095 10.2927 -0.256221 0.966379 -0.0215076 -16.2824 -0.00281359 0.0215046 0.999765 -1.31719
0.967537 0.252649 -0.00638332 10.2978 -0.252713 0.967453 -0.0130946 -16.3256 0.00286723 0.0142826 0.999894 -1.32317
0.96971 0.244237 0.00341005 10.3084 -0.244218 0.969706 -0.00520698 -16.3619 -0.00457849 0.00421647 0.999981 -1.31958
0.972527 0.231767 0.0217951 10.3281 -0.231811 0.972761 -0.000505452 -16.4345 -0.0213185 -0.00456077 0.999762 -1.29183
0.978856 0.202391 0.0296506 10.344 -0.202223 0.979302 -0.00859068 -16.4952 -0.0307756 0.00241298 0.999523 -1.25636
0.977283 0.210199 0.0270957 10.3517 -0.209753 0.977581 -0.0184005 -16.5367 -0.030356 0.012299 0.999463 -1.22957
0.982782 0.183129 0.0245712 10.3463 -0.18255 0.982903 -0.0240287 -16.5967 -0.0285515 0.0191295 0.999409 -1.20946
0.982849 0.184083 0.0110551 10.3616 -0.183826 0.982736 -0.0209392 -16.6361 -0.0147188 0.0185478 0.99972 -1.21083
0.981647 0.190602 -0.00633491 10.392 -0.190672 0.981562 -0.0134176 -16.6831 0.00366069 0.0143792 0.99989 -1.21855
0.985321 0.170002 -0.0155462 10.4148 -0.170061 0.98543 -0.00252435 -16.7388 0.0148906 0.0051311 0.999876 -1.23501
0.982234 0.186165 -0.0236228 10.4459 -0.186094 0.982518 0.00519262 -16.802 0.0241765 -0.000704311 0.999707 -1.22969
0.980963 0.193378 -0.0177982 10.4837 -0.193603 0.981007 -0.0119219 -16.8654 0.0151548 0.0151407 0.999771 -1.23837
0.981252 0.192416 -0.010974 10.5415 -0.192688 0.980617 -0.0355272 -16.9498 0.00392528 0.0369757 0.999308 -1.23476
0.982405 0.186643 0.00674049 10.5772 -0.185932 0.980791 -0.0589775 -17.0165 -0.0176188 0.0566866 0.998237 -1.22979
0.983065 0.182024 0.0212329 10.6255 -0.180265 0.981352 -0.0667334 -17.0916 -0.032984 0.0617757 0.997545 -1.23584
0.986894 0.158521 0.0302028 10.6651 -0.156388 0.985668 -0.0632498 -17.1635 -0.0397963 0.0576975 0.997541 -1.24988
0.988628 0.143388 0.0453386 10.7311 -0.141296 0.98888 -0.0463969 -17.2347 -0.0514871 0.0394631 0.997894 -1.24623
0.989921 0.131607 0.0523028 10.7665 -0.130646 0.991198 -0.0213991 -17.2824 -0.0546587 0.0143503 0.998402 -1.26597
0.994895 0.0819778 0.0588464 10.792 -0.0821616 0.996619 0.000705543 -17.3563 -0.0585896 -0.00553686 0.998267 -1.25961
0.996506 0.0624512 0.0554663 10.8515 -0.0627387 0.998024 0.0034559 -17.4198 -0.0551408 -0.0069237 0.998455 -1.25667
0.998283 0.0285997 0.0511186 10.8823 -0.0287422 0.999585 0.00205475 -17.4696 -0.0510387 -0.00352048 0.99869 -1.24891
0.999199 -0.0085409 0.0391009 10.929 0.00875089 0.999948 -0.00520246 -17.5329 -0.0390545 0.00554046 0.999222 -1.26339
0.998826 -0.0402559 0.0269618 10.9779 0.0406619 0.999065 -0.0146849 -17.5905 -0.0263454 0.0157639 0.999529 -1.27845
0.996556 -0.0799624 0.0219627 11.046 0.0805142 0.996427 -0.0255039 -17.6538 -0.0198449 0.0271843 0.999433 -1.27781
0.995044 -0.09841 0.0142634 11.117 0.0986672 0.994946 -0.0186126 -17.6869 -0.0123597 0.0199277 0.999725 -1.29169
0.989424 -0.144517 0.0124792 11.1787 0.144632 0.989446 -0.00883635 -17.7395 -0.0110705 0.0105478 0.999883 -1.27774
0.982327 -0.186294 0.0181006 11.2528 0.186341 0.982485 -0.000933404 -17.7597 -0.0176097 0.00428979 0.999836 -1.27414
0.966345 -0.256663 0.0173691 11.3227 0.256771 0.966463 -0.00425689 -17.7944 -0.015694 0.0085735 0.99984 -1.27206
0.940581 -0.339481 0.00769944 11.3909 0.339545 0.940542 -0.00946883 -17.827 -0.00402716 0.0115205 0.999926 -1.2831
0.912917 -0.408135 0.00281453 11.4645 0.408128 0.912795 -0.0153989 -17.867 0.00371574 0.0152066 0.999877 -1.29258
0.879452 -0.475982 0.00240014 11.5313 0.475972 0.879372 -0.0124881 -17.8859 0.00383349 0.0121251 0.999919 -1.30354
0.841049 -0.540883 -0.00909087 11.6018 0.540954 0.840994 0.00987715 -17.8994 0.00230299 -0.0132249 0.99991 -1.3029
0.778775 -0.626404 -0.0335795 11.6725 0.627179 0.778572 0.0217536 -17.9198 0.0125175 -0.0380015 0.999199 -1.30241
0.7256 -0.686646 -0.0449575 11.7379 0.687995 0.725152 0.0286121 -17.9176 0.0129546 -0.0516914 0.998579 -1.29809
0.658659 -0.751043 -0.0458576 11.8071 0.752366 0.658234 0.0259629 -17.9402 0.0106858 -0.0516024 0.998611 -1.29121
0.593645 -0.803133 -0.0506165 11.8752 0.804575 0.59358 0.0179502 -17.9337 0.0156285 -0.0513808 0.998557 -1.2976
0.53969 -0.839811 -0.0587649 11.9364 0.841549 0.540082 0.0103643 -17.9209 0.0230338 -0.055047 0.998218 -1.30239
0.477484 -0.876024 -0.0677563 12.0113 0.878074 0.478523 0.00101925 -17.919 0.0315301 -0.0599818 0.997701 -1.30017
0.419864 -0.90346 -0.0864551 12.0702 0.906642 0.421865 -0.00544567 -17.885 0.0413923 -0.0760974 0.996241 -1.29438
0.366201 -0.925334 -0.0982487 12.1295 0.929508 0.368714 -0.00810917 -17.851 0.0437293 -0.0883534 0.995129 -1.29035
0.311725 -0.945063 -0.0984032 12.1951 0.949368 0.314048 -0.00866924 -17.8294 0.0390963 -0.0907184 0.995109 -1.28023
0.22277 -0.970897 -0.0879397 12.2557 0.974216 0.22502 -0.0164274 -17.8117 0.0357375 -0.0820127 0.99599 -1.2825
0.154485 -0.984733 -0.0802179 12.3269 0.987152 0.157197 -0.0286253 -17.769 0.0407983 -0.0747651 0.996366 -1.28396
0.074729 -0.994746 -0.0699694 12.3856 0.996607 0.0769285 -0.0292828 -17.7311 0.0345116 -0.0675436 0.997119 -1.27198
0.0018019 -0.99725 -0.0740877 12.4311 0.999716 0.0035576 -0.0235725 -17.6883 0.0237712 -0.0740242 0.996973 -1.283
-0.0526217 -0.993655 -0.0993982 12.4711 0.998548 -0.0512118 -0.0166843 -17.6439 0.0114881 -0.100132 0.994908 -1.28292
-0.155729 -0.979443 -0.128216 12.5092 0.987768 -0.155449 -0.0122552 -17.6017 -0.00792767 -0.128556 0.991671 -1.2779
-0.231097 -0.963286 -0.136653 12.5665 0.972759 -0.231401 -0.0138785 -17.5451 -0.0182528 -0.136138 0.990522 -1.28042
-0.297793 -0.945507 -0.131662 12.5996 0.954179 -0.29905 -0.0105882 -17.4889 -0.0293624 -0.128782 0.991238 -1.26647
-0.363567 -0.924153 -0.117304 12.6202 0.930922 -0.365113 -0.00879768 -17.4283 -0.0346987 -0.112399 0.993057 -1.2742
-0.400493 -0.909674 -0.10999 12.6799 0.915723 -0.401605 -0.0128306 -17.3799 -0.0325009 -0.105859 0.99385 -1.2733
-0.444418 -0.889589 -0.105474 12.6995 0.89541 -0.444686 -0.0222645 -17.2933 -0.0270967 -0.104337 0.994173 -1.2778
-0.465239 -0.878158 -0.111316 12.7179 0.88486 -0.464783 -0.0316056 -17.2163 -0.0239832 -0.113203 0.993282 -1.27406
-0.496741 -0.857908 -0.131313 12.7298 0.867516 -0.495299 -0.0457678 -17.1339 -0.0257747 -0.136651 0.990284 -1.27014
-0.515691 -0.84732 -0.126934 12.7577 0.856442 -0.513932 -0.0487981 -17.0507 -0.0238877 -0.133876 0.99071 -1.24474
-0.549372 -0.827408 -0.116558 12.7734 0.835241 -0.547742 -0.0484887 -16.9879 -0.0237236 -0.123992 0.992 -1.22491
-0.594773 -0.798117 -0.0961985 12.8086 0.803744 -0.592697 -0.0520155 -16.922 -0.0155021 -0.108256 0.994002 -1.21917
-0.606587 -0.790712 -0.0826272 12.8178 0.794947 -0.604624 -0.0498793 -16.85 -0.0105183 -0.0959404 0.995332 -1.21399
-0.635066 -0.768228 -0.0807299 12.8326 0.772343 -0.633299 -0.0491921 -16.7628 -0.0133354 -0.0935913 0.995521 -1.20374
-0.65409 -0.750362 -0.0955166 12.8607 0.756105 -0.65221 -0.0541002 -16.6918 -0.0217022 -0.107607 0.993957 -1.19585
-0.682141 -0.722726 -0.111134 12.8542 0.730413 -0.680615 -0.0571004 -16.6224 -0.0343718 -0.120124 0.992164 -1.16586
-0.699215 -0.704692 -0.120447 12.8722 0.713112 -0.69943 -0.0476245 -16.5527 -0.050684 -0.119192 0.991577 -1.12009
-0.710331 -0.69446 -0.114692 12.8785 0.701795 -0.71127 -0.0397388 -16.4989 -0.0539802 -0.108718 0.992606 -1.07223
-0.744981 -0.659803 -0.0983013 12.8842 0.665218 -0.745804 -0.0355178 -16.4331 -0.0498787 -0.0918519 0.994523 -1.04145
-0.737488 -0.66923 -0.0907888 12.8935 0.67411 -0.737617 -0.0386889 -16.394 -0.0410756 -0.0897342 0.995118 -1.01852
-0.744419 -0.662965 -0.0794859 12.9019 0.667298 -0.742862 -0.0535703 -16.3279 -0.0235318 -0.0929195 0.995396 -1.01416
-0.751685 -0.654501 -0.0812262 12.8943 0.659433 -0.747884 -0.0762719 -16.2741 -0.0108277 -0.110896 0.993773 -0.981875
-0.738714 -0.668285 -0.0877297 12.8868 0.674013 -0.732991 -0.0918251 -16.2397 -0.00293968 -0.126963 0.991903 -0.944711
-0.734473 -0.672034 -0.0944508 12.9001 0.67851 -0.729895 -0.0829334 -16.1929 -0.0132051 -0.124998 0.992069 -0.896515
-0.73592 -0.671902 -0.0834839 12.8964 0.676915 -0.732761 -0.0696189 -16.1673 -0.0143967 -0.107745 0.994074 -0.865675
-0.750606 -0.656262 -0.0768819 12.9142 0.660595 -0.747854 -0.0657971 -16.1167 -0.0143163 -0.100175 0.994867 -0.846154
-0.745984 -0.662037 -0.0722168 12.9236 0.665917 -0.742817 -0.0691156 -16.0524 -0.00788681 -0.0996495 0.994991 -0.835985
-0.7531 -0.653134 -0.0790968 12.9235 0.657876 -0.748754 -0.0810299 -15.9924 -0.00630066 -0.113059 0.993568 -0.825666
-0.762607 -0.639837 -0.0950758 12.9284 0.646504 -0.758795 -0.079139 -15.9436 -0.021507 -0.121819 0.992319 -0.786869
-0.767295 -0.633904 -0.0970808 12.948 0.640693 -0.764297 -0.0732357 -15.9224 -0.0277741 -0.118392 0.992578 -0.740786
-0.780953 -0.61864 -0.0860079 12.9413 0.623943 -0.778978 -0.0623497 -15.8504 -0.0284262 -0.102356 0.994342 -0.704323
-0.774913 -0.626975 -0.0800765 12.9486 0.631666 -0.772698 -0.0627302 -15.8087 -0.0225447 -0.099192 0.994813 -0.679967
-0.770401 -0.633254 -0.0739792 12.9591 0.637389 -0.767682 -0.0663288 -15.7693 -0.0147896 -0.0982533 0.995052 -0.630927
-0.77043 -0.634083 -0.066149 12.9637 0.637524 -0.766434 -0.0783781 -15.7267 -0.00100056 -0.102556 0.994727 -0.628203
-0.757133 -0.651163 -0.0523016 12.9515 0.653073 -0.75257 -0.0844624 -15.6692 0.0156382 -0.0981061 0.995053 -0.597679
-0.749329 -0.66005 -0.0532981 12.9648 0.662126 -0.745629 -0.0750114 -15.6266 0.00977061 -0.0914983 0.995757 -0.544461
-0.737256 -0.673405 -0.0545738 12.9591 0.675613 -0.734867 -0.0593124 -15.5747 -0.000163195 -0.0805992 0.996747 -0.505711
-0.734593 -0.677088 -0.0438632 12.9565 0.678499 -0.73272 -0.052537 -15.5193 0.00343276 -0.0683545 0.997655 -0.489033
-0.73535 -0.676091 -0.0464967 12.9686 0.677681 -0.733316 -0.0547284 -15.4766 0.00290456 -0.0717545 0.997418 -0.472357
-0.734586 -0.677234 -0.0416837 12.9887 0.678463 -0.732374 -0.0575912 -15.4398 0.00847461 -0.0705865 0.99747 -0.462122
-0.742316 -0.668023 -0.0520823 13.0001 0.67005 -0.740169 -0.0564247 -15.3758 -0.000856674 -0.0767826 0.997047 -0.436935
-0.752269 -0.656776 -0.05231 13.0088 0.658787 -0.750962 -0.0453394 -15.32 -0.00950497 -0.0685686 0.997601 -0.388043
-0.749609 -0.660099 -0.048521 13.009 0.661651 -0.749262 -0.0287079 -15.2669 -0.0174048 -0.0536238 0.99841 -0.350213
-0.754766 -0.654908 -0.037744 13.0067 0.65582 -0.754641 -0.0204156 -15.2114 -0.0151128 -0.0401623 0.999079 -0.329951
-0.750124 -0.66053 -0.0318368 13.0315 0.661246 -0.749792 -0.0237819 -15.179 -0.00816232 -0.0388914 0.99921 -0.301595
-0.742492 -0.66926 -0.0282254 13.0312 0.669855 -0.741817 -0.0316362 -15.1069 0.000234762 -0.0423966 0.999101 -0.273
-0.732496 -0.680704 -0.009561 13.0177 0.680466 -0.731676 -0.0402032 -15.0259 0.0203709 -0.0359546 0.999146 -0.25706
-0.723639 -0.690174 -0.00263559 13.0562 0.689957 -0.723304 -0.0281024 -14.9966 0.0174892 -0.0221544 0.999602 -0.22711
-0.712039 -0.702096 -0.00789365 13.0612 0.702114 -0.71187 -0.0166434 -14.9511 0.00606603 -0.017393 0.99983 -0.171407
-0.709489 -0.704701 -0.00475916 13.076 0.704694 -0.709395 -0.0128711 -14.907 0.00569416 -0.0124857 0.999906 -0.13642
-0.711922 -0.702258 -0.000493541 13.0889 0.70216 -0.711811 -0.0172209 -14.8613 0.0117422 -0.0126065 0.999852 -0.0986748
-0.711622 -0.702461 0.0119344 13.1167 0.702219 -0.711703 -0.0191696 -14.8188 0.0219596 -0.00526094 0.999745 -0.11159
-0.721532 -0.692368 -0.00429171 13.128 0.692359 -0.721444 -0.0125828 -14.7499 0.00561572 -0.0120503 0.999912 -0.0715693
-0.725362 -0.688064 -0.0204516 13.1394 0.688346 -0.725253 -0.0136931 -14.6966 -0.00541084 -0.0240102 0.999697 -0.0443838
-0.738671 -0.673868 -0.016342 13.1467 0.674052 -0.738596 -0.0114192 -14.6456 -0.00437515 -0.0194504 0.999801 -0.0119017
-0.756524 -0.653893 -0.00974325 13.152 0.653962 -0.756484 -0.00811008 -14.5905 -0.00206748 -0.0125072 0.99992 0.0291322
-0.742264 -0.6701 -0.00318041 13.1572 0.670085 -0.742192 -0.0116829 -14.5458 0.00546824 -0.0108029 0.999927 0.0515384
-0.73882 -0.673807 0.0113764 13.1638 0.673582 -0.738884 -0.0183833 -14.4867 0.0207926 -0.005919 0.999766 0.0744486
-0.737323 -0.675166 0.022482 13.181 0.674823 -0.737665 -0.0215388 -14.4555 0.0311264 -0.000709722 0.999515 0.0977296
-0.729302 -0.683832 0.0221891 13.1881 0.683708 -0.729623 -0.0139208 -14.4123 0.0257092 0.00501839 0.999657 0.118818
-0.713179 -0.700824 0.0149096 13.1808 0.700826 -0.713308 -0.00595174 -14.3513 0.0148062 0.00620435 0.999871 0.158949
-0.710497 -0.703676 0.00591749 13.1788 0.703679 -0.710516 -0.00189878 -14.2978 0.0055406 0.00281494 0.999981 0.190925
-0.713341 -0.700814 0.00210178 13.1883 0.700792 -0.713337 -0.00637472 -14.2568 0.00596677 -0.00307444 0.999977 0.230314
-0.707875 -0.706314 -0.00572959 13.1878 0.706315 -0.707764 -0.0137317 -14.2085 0.00564373 -0.0137673 0.999889 0.250779
-0.701272 -0.712583 -0.0210365 13.1957 0.712857 -0.701229 -0.0106162 -14.1665 -0.0071865 -0.0224409 0.999722 0.264586
-0.720182 -0.692862 -0.0357847 13.1861 0.693439 -0.720494 -0.00557516 -14.0919 -0.0219199 -0.0288297 0.999344 0.306237
-0.731768 -0.680749 -0.0331202 13.198 0.681126 -0.732166 -0.000147784 -14.0632 -0.0241489 -0.0226672 0.999451 0.346796
-0.74749 -0.664059 -0.0168788 13.207 0.664134 -0.747612 0.00152843 -14.0264 -0.0136338 -0.0100673 0.999856 0.376212
-0.751646 -0.659546 -0.00515423 13.1987 0.65956 -0.751583 -0.0101519 -13.9737 0.0028218 -0.0110302 0.999935 0.39593
-0.740508 -0.672047 -0.00106361 13.1885 0.671837 -0.740236 -0.0261891 -13.9241 0.016813 -0.0201078 0.999656 0.412349
-0.735231 -0.677773 0.00772802 13.1809 0.677091 -0.734923 -0.0378926 -13.8919 0.0313621 -0.0226273 0.999252 0.446192
-0.728724 -0.684749 0.00897821 13.1745 0.683895 -0.728367 -0.0420616 -13.8603 0.0353411 -0.0245111 0.999075 0.482199
-0.707982 -0.706228 -0.00159788 13.1744 0.705854 -0.707529 -0.0342401 -13.8372 0.0230508 -0.0253693 0.999412 0.536258
-0.705705 -0.708417 -0.0112047 13.1549 0.708123 -0.704716 -0.0440023 -13.7632 0.0232759 -0.038987 0.998969 0.553006
-0.714381 -0.699547 -0.0171248 13.1725 0.699481 -0.713199 -0.0455423 -13.7265 0.0196456 -0.044513 0.998816 0.575106
-0.707961 -0.706055 -0.0166568 13.1677 0.705891 -0.70665 -0.048625 -13.6987 0.0225614 -0.0461825 0.998678 0.577523
-0.725619 -0.687754 -0.021705 13.1825 0.68757 -0.723469 -0.0619713 -13.6363 0.0269182 -0.0598913 0.997842 0.593084
-0.74713 -0.664117 -0.0272918 13.1894 0.664058 -0.744031 -0.0737865 -13.5914 0.0286969 -0.0732514 0.996901 0.615189
-0.773174 -0.633921 -0.0186074 13.2051 0.633271 -0.770133 -0.0765659 -13.4856 0.0342066 -0.0709822 0.996891 0.699959
-0.771703 -0.635956 -0.00583137 13.2022 0.635067 -0.770069 -0.0606944 -13.4381 0.0341084 -0.0505414 0.998139 0.740522
-0.755949 -0.65463 -0.000409035 13.2213 0.65378 -0.754935 -0.0514287 -13.4014 0.033358 -0.0391449 0.998677 0.767283
-0.753387 -0.65756 0.00475055 13.2479 0.656372 -0.752424 -0.0550833 -13.3527 0.039795 -0.0383809 0.99847 0.762454
-0.718024 -0.695873 0.0142246 13.234 0.694355 -0.71757 -0.0544388 -13.3014 0.0480897 -0.0292114 0.998416 0.792059
-0.697079 -0.716864 0.0136455 13.2469 0.716024 -0.697 -0.0387474 -13.2485 0.0372876 -0.0172395 0.999156 0.825124
-0.670412 -0.741978 0.00401916 13.2642 0.741837 -0.670374 -0.0166252 -13.2048 0.0150299 -0.00816418 0.999854 0.864801
-0.641704 -0.766882 0.0104173 13.2604 0.76693 -0.64173 0.00103909 -13.1491 0.00588826 0.00865616 0.999945 0.896972
-0.659024 -0.75204 0.0111022 13.2817 0.752122 -0.658967 0.00871552 -13.1109 0.000761555 0.0140939 0.9999 0.914379
-0.649242 -0.760515 0.0100816 13.3044 0.760574 -0.649238 0.00409427 -13.0652 0.00343158 0.010326 0.999941 0.928528
-0.640895 -0.767622 0.00315225 13.3087 0.767629 -0.640888 0.00292808 -13.0269 -0.000227418 0.00429635 0.999991 0.93637
-0.681512 -0.731757 -0.0085944 13.3217 0.731774 -0.681546 0.00154241 -12.9597 -0.00698615 -0.00523798 0.999962 0.963582
-0.697845 -0.716172 -0.010491 13.3388 0.716158 -0.697915 0.00572161 -12.9196 -0.0114195 -0.00352044 0.999929 1.00811
-0.704403 -0.709784 0.00487566 13.3398 0.709799 -0.704369 0.00706904 -12.8711 -0.00158323 0.00844019 0.999963 1.03998
-0.727454 -0.685994 0.0149346 13.3518 0.686153 -0.727348 0.0126055 -12.8387 0.00221531 0.0194174 0.999809 1.07804
-0.704487 -0.709352 0.022757 13.3617 0.709671 -0.704443 0.0112496 -12.7942 0.0080511 0.0240752 0.999678 1.08162
-0.69642 -0.717231 0.0240514 13.3616 0.717462 -0.696596 0.0014666 -12.7415 0.0157022 0.0182773 0.99971 1.10167
-0.697312 -0.716395 0.0231063 13.3694 0.716279 -0.697664 -0.0144319 -12.7103 0.0264594 0.00648699 0.999629 1.12485
-0.664016 -0.747255 0.0263127 13.37 0.747138 -0.664476 -0.0160304 -12.6549 0.029463 0.00901481 0.999525 1.15707
-0.641237 -0.767244 0.0123597 13.3718 0.767188 -0.641348 -0.0097505 -12.6103 0.0154078 0.00322981 0.999876 1.19673
-0.628693 -0.777653 0.00102529 13.3846 0.777653 -0.628694 -0.000162033 -12.5676 0.000770602 0.000695455 0.999999 1.24653
-0.612417 -0.790484 -0.00897776 13.3787 0.790511 -0.612448 0.000907912 -12.502 -0.0062161 -0.00654099 0.999959 1.25074
-0.61299 -0.789994 -0.0123332 13.3764 0.790083 -0.612979 -0.00511885 -12.4675 -0.00351611 -0.012882 0.999911 1.26136
-0.617155 -0.786505 -0.0230302 13.4034 0.786766 -0.617237 -0.00419097 -12.4191 -0.0109189 -0.0207059 0.999726 1.29619
-0.621684 -0.783072 -0.0175331 13.4016 0.783103 -0.621856 0.0066147 -12.3731 -0.0160828 -0.00961794 0.999824 1.32721
-0.648746 -0.760931 -0.0106107 13.4277 0.76077 -0.648829 0.0158374 -12.3293 -0.0189357 0.00220214 0.999818 1.37666
