1 0 0 0 0 1 0 0 -0 0 1 0
0.99983 -0.0184302 -0.000816877 0.0532349 0.0184367 0.99979 0.00895084 -0.0406603 0.00065174 -0.00896437 0.99996 0.00960764
0.99863 -0.0522375 -0.00297759 0.102974 0.0522815 0.998482 0.0173396 -0.0602224 0.00206729 -0.0174716 0.999845 0.000399622
0.999007 -0.0440554 -0.00668848 0.156979 0.044176 0.998841 0.0191042 -0.0955743 0.00583908 -0.0193807 0.999795 -0.00399507
0.998858 -0.045615 -0.0141908 0.208711 0.0458015 0.998865 0.0131091 -0.141422 0.0135767 -0.0137441 0.999813 -0.0108034
0.99605 -0.0858886 -0.0225124 0.279605 0.0861628 0.996215 0.0115086 -0.176303 0.0214387 -0.0134029 0.99968 -0.00610636
0.998055 -0.0564205 -0.0265249 0.339988 0.0568131 0.998283 0.0142871 -0.213332 0.0256732 -0.0157663 0.999546 0.00412241
0.999418 -0.0271722 -0.0206188 0.414519 0.0273379 0.999596 0.00779796 -0.257496 0.0203986 -0.0083571 0.999757 0.0125466
0.998094 -0.0606285 -0.0115233 0.485465 0.0605528 0.998142 -0.00680976 -0.310588 0.0119147 0.00609901 0.99991 0.0102316
0.996396 -0.0847317 -0.00387047 0.553692 0.0846046 0.99608 -0.0258117 -0.359319 0.00604237 0.0253912 0.999659 0.0267215
0.996636 -0.08195 0.00086667 0.611645 0.0819163 0.995792 -0.0410974 -0.408424 0.00250491 0.0410302 0.999155 0.0125286
0.994714 -0.101846 0.0130757 0.681707 0.102389 0.99341 -0.0515094 -0.472801 -0.0077435 0.052576 0.998587 0.000574852
0.992294 -0.121886 0.022284 0.748615 0.122942 0.990912 -0.0545735 -0.530452 -0.0154298 0.0568925 0.998261 -0.00467633
0.99182 -0.125375 0.0239517 0.817888 0.126477 0.990607 -0.0519759 -0.582807 -0.0172103 0.0545801 0.998361 -0.00316039
0.992549 -0.117266 0.0331051 0.884314 0.118905 0.991497 -0.0528709 -0.639773 -0.0266237 0.0564133 0.998052 0.015656
0.988962 -0.143589 0.0365683 0.947181 0.145154 0.988407 -0.0445198 -0.679981 -0.0297518 0.0493364 0.998339 0.0229245
0.984651 -0.17006 0.0392642 1.02078 0.171311 0.984728 -0.0310431 -0.72454 -0.0333853 0.037293 0.998747 0.0274289
0.988254 -0.149131 0.0333625 1.08167 0.149934 0.988428 -0.0230002 -0.77593 -0.0295464 0.0277323 0.999179 0.0232657
0.990301 -0.137473 0.0201446 1.14979 0.137884 0.990233 -0.0206772 -0.822533 -0.0171053 0.0232543 0.999583 0.0199537
0.991433 -0.130293 0.00917397 1.21964 0.130451 0.991264 -0.0194359 -0.877424 -0.00656146 0.0204662 0.999769 0.0264525
0.995747 -0.0921247 0.000980287 1.29692 0.0921291 0.995638 -0.0147688 -0.920201 0.00038456 0.0147963 0.99989 0.0342184
0.997739 -0.0669623 0.00578018 1.36909 0.0669867 0.997745 -0.00413736 -0.970189 -0.0054901 0.0045152 0.999975 0.0486334
0.998252 -0.0545292 0.0227716 1.42887 0.0544524 0.998508 0.00397709 -1.02042 -0.0229545 -0.00273018 0.999733 0.0572239
0.999007 -0.0349136 0.0276826 1.49114 0.034548 0.999311 0.0135776 -1.06261 -0.0281376 -0.0126078 0.999525 0.0505988
0.999222 -0.020401 0.0337445 1.54559 0.019813 0.999648 0.0176684 -1.11364 -0.034093 -0.0169861 0.999274 0.0352974
0.998208 -0.0413065 0.0432932 1.61152 0.0403495 0.998927 0.0227513 -1.18197 -0.0441865 -0.0209637 0.998803 0.0348457
0.995568 -0.0822018 0.0456815 1.66359 0.080909 0.996286 0.0294645 -1.24852 -0.0479339 -0.0256379 0.998521 0.0416308
0.995337 -0.0886976 0.0379145 1.71227 0.0872463 0.995448 0.0383599 -1.31361 -0.0411444 -0.0348732 0.998544 0.0536085
0.996082 -0.0811066 0.0352509 1.76456 0.0797085 0.996039 0.0394065 -1.37146 -0.0383074 -0.0364423 0.998601 0.0690991
0.995656 -0.0829199 0.0423603 1.81186 0.0813596 0.995986 0.0373198 -1.43113 -0.0452849 -0.0337112 0.998405 0.073228
0.995883 -0.072286 0.054704 1.87084 0.0700473 0.996668 0.0417929 -1.50749 -0.0575427 -0.037789 0.997628 0.0693175
0.99717 -0.0516147 0.0546675 1.919 0.0488744 0.997536 0.05033 -1.57452 -0.0571306 -0.0475157 0.997235 0.0573166
0.997366 -0.0509319 0.051649 1.98312 0.0478934 0.997141 0.0584535 -1.65539 -0.0544784 -0.0558259 0.996953 0.0565323
0.998532 -0.0210637 0.0499113 2.03814 0.0176182 0.997496 0.0684953 -1.71487 -0.051229 -0.0675153 0.996402 0.0582466
0.998501 0.00270702 0.0546611 2.09651 -0.00693881 0.996978 0.0773782 -1.77959 -0.0542865 -0.0776415 0.995502 0.0760024
0.99807 0.0181643 0.0593749 2.15039 -0.0230375 0.996329 0.08245 -1.85538 -0.0576593 -0.0836587 0.994825 0.0952854
0.9977 0.0300686 0.0607531 2.189 -0.0349363 0.996125 0.0807176 -1.91128 -0.0580906 -0.0826544 0.994884 0.0987297
0.997039 0.0496104 0.0587459 2.233 -0.0538736 0.995849 0.0733609 -2.00721 -0.0548626 -0.0763086 0.995574 0.0929322
0.997305 0.0447774 0.0581232 2.28468 -0.0491913 0.995827 0.0768738 -2.08524 -0.0544384 -0.0795257 0.995345 0.0906673
0.996563 0.0532434 0.0634621 2.33327 -0.0586247 0.994552 0.0861902 -2.16783 -0.0585273 -0.0896144 0.994255 0.100853
0.995184 0.0724782 0.0660045 2.38022 -0.0786986 0.992157 0.0971113 -2.25468 -0.0584484 -0.101838 0.993082 0.112441
0.996298 0.0529241 0.0677404 2.41526 -0.0596184 0.993103 0.100952 -2.32765 -0.0619304 -0.104617 0.992582 0.131748
0.996322 0.0457652 0.0724483 2.46371 -0.052945 0.993527 0.100502 -2.39035 -0.0673798 -0.103969 0.992296 0.149691
0.993634 0.0805396 0.0787701 2.49856 -0.0885934 0.990544 0.104752 -2.47555 -0.0695886 -0.111064 0.991374 0.152177
0.992347 0.0920327 0.0823223 2.54395 -0.100838 0.988789 0.110123 -2.57377 -0.0712645 -0.117582 0.990503 0.15104
0.991397 0.108052 0.0738721 2.59861 -0.11584 0.987062 0.110861 -2.64511 -0.0609376 -0.118464 0.991087 0.14336
0.988364 0.137174 0.0657303 2.63448 -0.143928 0.983189 0.112353 -2.7178 -0.0492134 -0.120506 0.991492 0.149349
0.983288 0.172071 0.0594753 2.68033 -0.177451 0.978851 0.101789 -2.79095 -0.0407025 -0.110642 0.993027 0.16707
0.977428 0.2036 0.0564008 2.71252 -0.208488 0.972725 0.101684 -2.87527 -0.0341597 -0.111148 0.993217 0.180195
0.975258 0.214061 0.0552234 2.74524 -0.218772 0.970446 0.101847 -2.96453 -0.0317899 -0.111408 0.993266 0.193178
0.968136 0.244444 0.05441 2.77463 -0.24886 0.963359 0.100039 -3.03951 -0.0279623 -0.110392 0.993495 0.189153
0.958466 0.280187 0.0532671 2.80897 -0.284359 0.953183 0.102867 -3.12727 -0.0219513 -0.113742 0.993268 0.18247
0.958997 0.278147 0.0544036 2.83982 -0.282496 0.953572 0.104389 -3.20928 -0.0228422 -0.115478 0.993047 0.189286
0.958137 0.282281 0.0478707 2.85754 -0.286022 0.951206 0.11575 -3.28925 -0.0128608 -0.124597 0.992124 0.200358
0.960656 0.276822 0.0225718 2.87348 -0.277556 0.953885 0.11431 -3.36587 0.0101125 -0.116077 0.993189 0.203671
0.965313 0.261082 0.0026406 2.88327 -0.259678 0.958973 0.113748 -3.44065 0.0271652 -0.110488 0.993506 0.215576
0.954782 0.297294 -0.00262592 2.91351 -0.29501 0.948469 0.115651 -3.51018 0.0368728 -0.109646 0.993286 0.221562
0.918511 0.395392 -0.00185532 2.93131 -0.392636 0.912643 0.113667 -3.57607 0.0466363 -0.103676 0.993517 0.224734
0.897173 0.441616 -0.00753895 2.94606 -0.438535 0.892689 0.103895 -3.67614 0.0526114 -0.0899053 0.99456 0.234253
0.907266 0.419733 -0.0263243 2.97652 -0.415359 0.904105 0.100355 -3.74848 0.0659221 -0.0801145 0.994603 0.234354
0.881001 0.471041 -0.0442518 3.0095 -0.464915 0.879275 0.103578 -3.82285 0.087699 -0.070679 0.993636 0.24457
0.85161 0.521693 -0.050954 3.03365 -0.514474 0.850505 0.109347 -3.90082 0.100382 -0.0669065 0.992697 0.257957
0.845535 0.531043 -0.055351 3.06077 -0.522945 0.844604 0.114776 -3.97026 0.107701 -0.0681013 0.991848 0.268564
0.828424 0.557279 -0.0561591 3.08293 -0.548533 0.827498 0.119829 -4.04054 0.11325 -0.068464 0.991205 0.271023
0.804718 0.591255 -0.0533586 3.10069 -0.583409 0.804254 0.113177 -4.10733 0.10983 -0.0599456 0.992141 0.262285
0.809488 0.585168 -0.0480386 3.113 -0.57777 0.808459 0.112138 -4.18167 0.104457 -0.0630187 0.992531 0.258175
0.804051 0.593677 -0.0323963 3.13317 -0.587167 0.801439 0.113709 -4.26193 0.0934701 -0.0724056 0.992986 0.26126
0.785005 0.619003 -0.0245579 3.14243 -0.612772 0.781704 0.115973 -4.31744 0.0909846 -0.0759909 0.992949 0.284543
0.784568 0.61973 -0.0197036 3.16378 -0.614045 0.780996 0.113995 -4.40239 0.0860345 -0.077338 0.993286 0.292707
0.781726 0.623457 -0.0143577 3.18403 -0.619236 0.778748 0.100491 -4.47718 0.073833 -0.0696657 0.994834 0.298018
0.767683 0.640798 -0.00635539 3.19623 -0.637737 0.764915 0.0905325 -4.54021 0.0628744 -0.0654472 0.995873 0.300054
0.766478 0.642264 0.00288978 3.2311 -0.640201 0.763638 0.0836641 -4.62362 0.0515277 -0.0659767 0.99649 0.304967
0.76998 0.638067 0.000803545 3.25646 -0.635437 0.766692 0.0916706 -4.70187 0.0578759 -0.0710952 0.995789 0.298568
0.752989 0.657974 -0.00882315 3.27781 -0.653935 0.749726 0.101389 -4.76551 0.0733262 -0.0705749 0.994808 0.298387
0.721196 0.692467 -0.0191265 3.30451 -0.686664 0.718254 0.112267 -4.83682 0.0914787 -0.067833 0.993494 0.31887
0.707024 0.706871 -0.0212292 3.33258 -0.701286 0.704676 0.107847 -4.90756 0.0911935 -0.0613625 0.993941 0.329108
0.702396 0.711721 -0.00962381 3.3502 -0.707434 0.699531 0.100965 -4.97984 0.0785912 -0.0641094 0.994843 0.340836
0.69078 0.723012 -0.0087848 3.36949 -0.718925 0.688072 0.0985098 -5.04926 0.0772684 -0.061733 0.995097 0.340206
0.683906 0.729549 -0.00553822 3.37934 -0.725646 0.680994 0.098408 -5.13067 0.0755649 -0.063283 0.995131 0.333535
0.678878 0.734226 0.00606775 3.38994 -0.731064 0.675139 0.098649 -5.18803 0.0683341 -0.0714066 0.995104 0.332002
0.668416 0.743375 0.0247655 3.39903 -0.741485 0.663359 0.100775 -5.26203 0.0584849 -0.0857226 0.994601 0.340726
0.666584 0.744383 0.0395075 3.40568 -0.743554 0.660213 0.106049 -5.33979 0.052858 -0.100067 0.993576 0.343387
0.675211 0.736719 0.0365304 3.41124 -0.735703 0.669055 0.105386 -5.40994 0.053199 -0.0980333 0.99376 0.361944
0.67684 0.735408 0.0325985 3.41196 -0.734238 0.671265 0.101482 -5.4843 0.0527484 -0.0926221 0.994303 0.367869
0.667629 0.743831 0.0314166 3.40619 -0.742911 0.662865 0.0932413 -5.56317 0.0485308 -0.0855903 0.995148 0.379912
0.640057 0.767848 0.0271415 3.41034 -0.766433 0.635601 0.0926902 -5.62816 0.0539208 -0.0801292 0.995325 0.370644
0.621013 0.783639 0.0158922 3.40043 -0.780812 0.616748 0.0997733 -5.68831 0.0683848 -0.0743693 0.994883 0.366768
0.617833 0.786282 0.00659103 3.40043 -0.781915 0.613473 0.110727 -5.77255 0.0830192 -0.0735643 0.993829 0.372994
0.590751 0.806854 0.000839658 3.39778 -0.800817 0.586203 0.122713 -5.83772 0.0985191 -0.0731651 0.992442 0.380953
0.555523 0.831498 -0.00228987 3.3869 -0.824001 0.550878 0.132498 -5.90823 0.111434 -0.0717189 0.991181 0.390056
0.551093 0.834442 0.00193148 3.37558 -0.826882 0.545786 0.135583 -5.98494 0.112082 -0.076316 0.990764 0.402011
0.531443 0.847092 0.00208836 3.36922 -0.839258 0.526191 0.136999 -6.04092 0.114952 -0.0745596 0.990569 0.408547
0.500053 0.865989 0.00305198 3.35255 -0.858118 0.495027 0.136313 -6.10547 0.116535 -0.0707826 0.990661 0.408589
0.494584 0.869097 0.00758867 3.3338 -0.861641 0.48916 0.135268 -6.17075 0.113849 -0.0734401 0.99078 0.408877
0.486716 0.873472 0.0124325 3.29894 -0.866126 0.480673 0.137038 -6.2359 0.113723 -0.0774668 0.990488 0.415583
0.498824 0.866635 0.0108478 3.23847 -0.859953 0.493341 0.130747 -6.40103 0.107958 -0.0745485 0.991356 0.455449
0.49321 0.869809 0.0132416 3.21514 -0.864032 0.488054 0.123499 -6.4543 0.100958 -0.0723523 0.992256 0.455219
0.493521 0.869635 0.0131305 3.18843 -0.865384 0.489488 0.107297 -6.52804 0.0868821 -0.0643163 0.99414 0.45975
0.497445 0.867429 0.0107585 3.16226 -0.863368 0.493832 0.103564 -6.59876 0.0845211 -0.0608057 0.994565 0.462434
0.480597 0.876862 0.0117855 3.13964 -0.873361 0.477378 0.0966993 -6.66532 0.0791658 -0.0567663 0.995244 0.449905
0.463537 0.886057 0.00599221 3.11411 -0.882883 0.461282 0.0879574 -6.74516 0.0751712 -0.046062 0.996106 0.460325
0.472887 0.881109 -0.00506095 3.086 -0.878486 0.471908 0.0745981 -6.82598 0.0681174 -0.0308305 0.997201 0.459525
0.47115 0.881898 -0.0165336 3.07363 -0.880036 0.471256 0.058776 -6.89429 0.059626 -0.0131421 0.998134 0.472993
0.475802 0.879177 -0.0257094 3.04891 -0.878166 0.476489 0.0422179 -6.95257 0.0493672 0.00248982 0.998778 0.466402
0.500797 0.86491 -0.0336708 3.0267 -0.864465 0.501742 0.0308974 -7.02101 0.0436175 0.0136339 0.998955 0.477742
0.521636 0.852415 -0.0358409 3.00531 -0.852505 0.522427 0.0174809 -7.0682 0.0336252 0.0214358 0.999205 0.462334
0.533163 0.845406 -0.0320271 2.98715 -0.845527 0.533758 0.0136655 -7.11073 0.0286476 0.0197939 0.999394 0.439649
0.547678 0.836395 -0.0221695 2.97496 -0.836311 0.548035 0.015535 -7.17 0.0251431 0.0100325 0.999634 0.399401
0.563515 0.826025 -0.0115826 2.95565 -0.825468 0.563575 0.0313896 -7.19502 0.0324562 -0.00812743 0.99944 0.363227
0.585935 0.810342 -0.00508066 2.93509 -0.809423 0.585549 0.0443508 -7.24766 0.0389143 -0.0218743 0.999003 0.330147
0.598508 0.801112 -0.00280014 2.92483 -0.799727 0.597673 0.0567813 -7.28922 0.0471617 -0.0317448 0.998383 0.314119
0.603779 0.797143 -0.00382978 2.89589 -0.795596 0.602893 0.0595582 -7.31862 0.0497854 -0.032913 0.998217 0.316284
0.603878 0.797027 -0.00893383 2.88325 -0.795296 0.60324 0.0600428 -7.37618 0.0532449 -0.0291535 0.998156 0.304879
0.600115 0.799807 -0.0130576 2.86432 -0.797029 0.599256 0.075077 -7.42616 0.0678719 -0.0346475 0.997092 0.298743
0.586444 0.809922 -0.010475 2.84284 -0.806449 0.585039 0.0858473 -7.47743 0.0756579 -0.0418971 0.996253 0.251739
0.577776 0.816156 -0.0080398 2.83637 -0.812819 0.576253 0.0851945 -7.5329 0.0741649 -0.0426885 0.996332 0.219535
0.57192 0.820309 0.000580826 2.8191 -0.818224 0.570416 0.0716557 -7.60598 0.0584485 -0.0414566 0.997429 0.196513
0.561018 0.827753 0.00917196 2.80206 -0.827129 0.560079 0.0465766 -7.63462 0.0334169 -0.0337167 0.998873 0.196551
0.57392 0.818798 0.0135919 2.78646 -0.818718 0.573345 0.0312506 -7.70831 0.0177951 -0.0290633 0.999419 0.197838
0.5796 0.814616 0.021531 2.76329 -0.814828 0.578993 0.0286657 -7.75985 0.0108852 -0.0341588 0.999357 0.177631
0.534492 0.844241 0.0396944 2.73401 -0.84517 0.534032 0.0222827 -7.80496 -0.00238613 -0.0454584 0.998963 0.134608
0.515421 0.854876 0.0593993 2.69484 -0.856734 0.515567 0.0140258 -7.86094 -0.018634 -0.0581186 0.998136 0.0915457
0.534192 0.842076 0.0744817 2.66968 -0.844633 0.535316 0.00563129 -7.91922 -0.0351292 -0.0659179 0.997206 0.0811964
0.525705 0.846552 0.0835729 2.64807 -0.849304 0.527883 -0.00474293 -7.9628 -0.0481318 -0.0684854 0.99649 0.0610952
0.518749 0.850879 0.0830888 2.6014 -0.853048 0.521598 -0.0156331 -8.08092 -0.0566408 -0.0627691 0.99642 0.0557655
0.514228 0.853581 0.0834812 2.58011 -0.856253 0.516511 -0.00689707 -8.12715 -0.0490062 -0.0679343 0.996485 0.0080906
0.502873 0.860032 0.086388 2.55191 -0.86318 0.504893 -0.00178952 -8.17188 -0.0451558 -0.0736685 0.99626 -0.0212918
0.499672 0.862649 0.078512 2.52879 -0.865165 0.501474 -0.00379116 -8.22762 -0.0426421 -0.0660314 0.996906 -0.0573677
0.532149 0.84365 0.0712268 2.50459 -0.845294 0.534173 -0.0116994 -8.30306 -0.0479176 -0.0539818 0.997392 -0.0709762
0.562744 0.824302 0.0620055 2.47283 -0.824927 0.564816 -0.0218669 -8.34529 -0.0530466 -0.0388446 0.997836 -0.0742486
0.584586 0.809292 0.057496 2.45223 -0.809154 0.58674 -0.0317208 -8.39569 -0.0594066 -0.0279796 0.997842 -0.0823119
0.61134 0.789655 0.0520388 2.41164 -0.789305 0.613172 -0.0319007 -8.44628 -0.0570993 -0.0215723 0.998135 -0.113805
0.622463 0.781232 0.0470754 2.38518 -0.781414 0.623733 -0.0186747 -8.49167 -0.0439518 -0.0251611 0.998717 -0.150894
0.638238 0.768866 0.0386903 2.33709 -0.768826 0.63917 -0.0191963 -8.53163 -0.0394891 -0.0174943 0.999067 -0.196389
0.68084 0.732295 0.0141801 2.31365 -0.731829 0.680938 -0.0274 -8.56649 -0.0297206 0.00827764 0.999524 -0.210512
0.686518 0.727108 0.00262002 2.27482 -0.726552 0.686126 -0.0367839 -8.59471 -0.0285435 0.0233492 0.99932 -0.212968
0.663366 0.748295 -0.000775363 2.25688 -0.747957 0.663035 -0.030742 -8.66734 -0.02249 0.0209731 0.999527 -0.219345
0.656337 0.754466 -0.0019312 2.23396 -0.754462 0.656319 -0.0056258 -8.70689 -0.00297699 0.00514944 0.999982 -0.248676
0.643996 0.76502 0.00368554 2.21058 -0.764888 0.643778 0.0223043 -8.73945 0.0146905 -0.0171829 0.999744 -0.281087
0.615265 0.78832 -0.000471808 2.18775 -0.787933 0.614982 0.0309531 -8.80288 0.0246911 -0.0186726 0.999521 -0.314399
0.6331 0.773784 -0.0210324 2.15467 -0.77264 0.633348 0.0435665 -8.82427 0.0470319 -0.0113315 0.998829 -0.31582
0.644194 0.763932 -0.037712 2.10911 -0.762401 0.645293 0.0484016 -8.84168 0.0613108 -0.00242836 0.998116 -0.318165
0.619378 0.783234 -0.0540043 2.07789 -0.781364 0.621672 0.0547178 -8.87803 0.0764297 0.00830604 0.99704 -0.309139
0.612018 0.789191 -0.0511087 2.04891 -0.786166 0.614145 0.0690651 -8.90054 0.0858937 -0.00208914 0.996302 -0.351292
0.603989 0.795883 -0.0420444 2.01186 -0.791124 0.605097 0.0893407 -8.93358 0.0965457 -0.0206984 0.995113 -0.391833
0.583174 0.811618 -0.034417 1.9705 -0.807329 0.583753 0.0863284 -8.95539 0.0901566 -0.0225587 0.995672 -0.428819
0.591647 0.805824 -0.0245162 1.94375 -0.802051 0.591412 0.0833418 -8.97979 0.081658 -0.0296457 0.996219 -0.444404
0.591251 0.805904 -0.0306699 1.92101 -0.803332 0.591872 0.065913 -9.03886 0.0712722 -0.014333 0.997354 -0.423834
0.566748 0.823784 -0.013256 1.88569 -0.821998 0.566463 0.0586446 -9.07004 0.0558196 -0.0223403 0.998191 -0.432665
0.540092 0.841599 -0.00335906 1.85367 -0.840344 0.539496 0.052602 -9.09905 0.046082 -0.0255872 0.99861 -0.453934
0.505329 0.862774 0.0162572 1.82212 -0.862051 0.503878 0.0545397 -9.14328 0.0388638 -0.041575 0.998379 -0.492775
0.470343 0.882106 0.0258239 1.78155 -0.88203 0.468963 0.0457895 -9.18668 0.0282807 -0.0443142 0.998617 -0.525412
0.438859 0.89781 0.0366038 1.76117 -0.898498 0.438005 0.0292093 -9.25378 0.0101917 -0.0457072 0.998903 -0.537839
0.424175 0.905081 0.0300563 1.72043 -0.905518 0.424302 0.00232273 -9.29582 -0.0106507 -0.0282018 0.999546 -0.539273
0.424272 0.90528 0.0214714 1.69392 -0.905208 0.424637 -0.0168054 -9.35187 -0.0243311 -0.012306 0.999628 -0.535995
0.429663 0.902848 0.0159797 1.65573 -0.902605 0.429929 -0.0215549 -9.40636 -0.0263309 -0.00516202 0.99964 -0.554401
0.420872 0.907019 0.0135512 1.62758 -0.90686 0.421062 -0.0176653 -9.43763 -0.0217287 -0.0048542 0.999752 -0.588449
0.418541 0.907795 0.02704 1.58448 -0.908042 0.418835 -0.00603 -9.50249 -0.0167993 -0.0220296 0.999616 -0.63142
0.418897 0.9069 0.0453619 1.55177 -0.907776 0.419445 -0.00287217 -9.54497 -0.0216316 -0.0399753 0.998966 -0.664019
0.420053 0.906667 0.0388705 1.53022 -0.907416 0.42021 0.00443601 -9.62163 -0.0123118 -0.0371351 0.999234 -0.660118
0.446853 0.893863 0.036489 1.49223 -0.894544 0.446934 0.00636151 -9.65274 -0.0106219 -0.0354837 0.999314 -0.680277
0.456744 0.889298 0.023133 1.46784 -0.889595 0.456517 0.0145964 -9.69026 0.00241991 -0.0272458 0.999626 -0.682424
0.429576 0.902982 0.00940872 1.44079 -0.902788 0.429196 0.0276405 -9.76099 0.0209207 -0.0203678 0.999574 -0.708974
0.414899 0.909862 -0.0031083 1.40585 -0.909052 0.414669 0.0409216 -9.80964 0.038522 -0.0141527 0.999158 -0.737908
0.408854 0.912599 -0.00135138 1.37128 -0.911761 0.408541 0.0422556 -9.83925 0.0391145 -0.0160442 0.999106 -0.773157
0.379604 0.925149 0.000301583 1.3555 -0.924457 0.379307 0.0388071 -9.87755 0.0357879 -0.0150101 0.999247 -0.783917
0.364174 0.931229 0.0137956 1.33809 -0.93104 0.36365 0.0303776 -9.92251 0.0232717 -0.0239069 0.999443 -0.798128
0.38349 0.923323 0.0202527 1.31661 -0.923093 0.382524 0.0396713 -9.98607 0.0288822 -0.0339087 0.999008 -0.812171
0.424083 0.905306 0.0239708 1.28941 -0.904385 0.421971 0.0634682 -9.98338 0.0473431 -0.0485946 0.997696 -0.845701
0.435885 0.899407 0.0327197 1.26194 -0.898007 0.432212 0.0823191 -10.0275 0.0598966 -0.0652642 0.996069 -0.885631
0.420362 0.906529 0.0387372 1.23097 -0.905251 0.416098 0.0859223 -10.089 0.0617726 -0.0711854 0.995548 -0.902635
0.43084 0.901616 0.0382773 1.2068 -0.900386 0.426625 0.0854145 -10.1353 0.060681 -0.0712643 0.99561 -0.922041
0.450527 0.89212 0.0338763 1.18746 -0.8916 0.447679 0.068072 -10.1675 0.0455627 -0.0608723 0.997105 -0.916446
0.447752 0.894105 0.00973969 1.16604 -0.893049 0.446628 0.0546604 -10.2111 0.0445221 -0.0331723 0.998457 -0.923075
0.427404 0.904053 0.00379263 1.13846 -0.902507 0.426419 0.0603992 -10.2568 0.0529869 -0.0292377 0.998167 -0.945432
0.411766 0.911122 -0.017459 1.12651 -0.906526 0.411495 0.0942468 -10.3138 0.0930547 -0.0229806 0.995396 -0.989216
0.440797 0.897479 -0.0151133 1.10217 -0.890798 0.439462 0.115551 -10.3697 0.110346 -0.0374716 0.993187 -1.02826
0.477434 0.878213 -0.0282703 1.0986 -0.869253 0.476771 0.130724 -10.4249 0.128282 -0.0378381 0.991016 -1.03768
0.464676 0.884867 -0.032978 1.08472 -0.875859 0.464783 0.1298 -10.4619 0.130183 -0.0314307 0.990992 -1.05228
0.465101 0.884036 -0.0464962 1.05321 -0.875603 0.467129 0.122923 -10.5054 0.130388 -0.0164594 0.991326 -1.04971
0.485549 0.872992 -0.0461213 1.04089 -0.865315 0.487446 0.116734 -10.5748 0.12439 -0.0167707 0.992092 -1.07672
0.489662 0.870497 -0.0496574 1.01047 -0.863828 0.492071 0.108015 -10.6525 0.118461 -0.00999513 0.992908 -1.10238
0.478493 0.876989 -0.0439922 0.96705 -0.872308 0.480485 0.0906208 -10.7066 0.100611 -0.00498669 0.994913 -1.16086
0.486734 0.871923 -0.0533008 0.944248 -0.868864 0.489532 0.073713 -10.7529 0.0903645 0.0104325 0.995854 -1.18541
0.504058 0.861298 -0.06396 0.91085 -0.860293 0.507251 0.0509217 -10.8038 0.0763026 0.0293568 0.996652 -1.17541
0.470368 0.880422 -0.0600947 0.893948 -0.881 0.472424 0.0256005 -10.8747 0.0509294 0.0409018 0.997864 -1.18675
0.4471 0.892622 -0.0576806 0.866203 -0.893677 0.448506 0.013584 -10.9547 0.0379955 0.0454744 0.998243 -1.20632
0.455945 0.887866 -0.0617067 0.834656 -0.889046 0.457579 0.0147946 -11.0035 0.0413713 0.0481145 0.997985 -1.25812
0.463963 0.881629 -0.0864185 0.816841 -0.882694 0.468336 0.0388892 -11.0588 0.0747588 0.0582379 0.9955 -1.29291
0.456251 0.885681 -0.0860447 0.790694 -0.885975 0.46115 0.0488776 -11.0956 0.0829695 0.0539329 0.995092 -1.33169
0.434323 0.896172 -0.0907696 0.761556 -0.896847 0.439616 0.0490256 -11.139 0.0838392 0.0601135 0.994664 -1.32482
0.417875 0.904308 -0.0872261 0.728279 -0.904956 0.422797 0.0479203 -11.2103 0.0802136 0.0589112 0.995035 -1.33623
0.41969 0.904429 -0.0765996 0.71038 -0.904729 0.423625 0.0448133 -11.2517 0.0729799 0.0504942 0.996054 -1.36726
0.38976 0.918706 -0.0637757 0.659778 -0.918513 0.392809 0.0451079 -11.3065 0.0664926 0.0409975 0.996944 -1.41602
0.385684 0.920779 -0.0584293 0.623199 -0.920958 0.388024 0.0356879 -11.3553 0.0555326 0.0400466 0.997653 -1.43591
0.38077 0.923303 -0.0502615 0.587972 -0.923755 0.382248 0.0237366 -11.4203 0.0411284 0.0373911 0.998454 -1.45596
0.332554 0.94175 -0.0501425 0.5571 -0.942657 0.333534 0.0123751 -11.4625 0.0283785 0.0431518 0.998665 -1.46007
0.297977 0.953196 -0.0512579 0.516271 -0.954262 0.298821 0.00950341 -11.5036 0.0243756 0.0460817 0.99864 -1.48366
0.269884 0.961207 -0.0569475 0.474245 -0.962382 0.271195 0.0165671 -11.5784 0.0313683 0.0503341 0.99824 -1.50967
0.257499 0.96446 -0.0592511 0.431601 -0.965762 0.258882 0.0168552 -11.6479 0.0315952 0.0528822 0.998101 -1.54852
0.264377 0.961984 -0.0685026 0.400303 -0.963812 0.266063 0.0166233 -11.6715 0.0342173 0.0616288 0.997512 -1.57178
0.250982 0.965381 -0.0710495 0.354704 -0.967421 0.252677 0.015817 -11.7193 0.033222 0.064765 0.997347 -1.56282
0.227731 0.9707 -0.0766792 0.315836 -0.973307 0.22923 0.0112315 -11.7617 0.0284796 0.0720747 0.996993 -1.57997
0.196313 0.977584 -0.0761006 0.283469 -0.979734 0.198709 0.0252263 -11.7933 0.0397827 0.0696061 0.996781 -1.60766
0.156482 0.986448 -0.0493272 0.207984 -0.9868 0.158256 0.0343646 -11.83 0.0417052 0.0432986 0.998191 -1.63589
0.102155 0.994038 -0.0381178 0.171357 -0.99273 0.104323 0.0600396 -11.86 0.0636582 0.0317073 0.997468 -1.66474
0.0676014 0.997433 -0.0236141 0.122388 -0.994925 0.0691615 0.073076 -11.8775 0.0745216 0.0185542 0.997047 -1.67163
0.0185586 0.999642 -0.0192776 0.0738541 -0.996767 0.0200058 0.0778099 -11.9059 0.0781677 0.0177712 0.996782 -1.66662
-0.0545527 0.998509 -0.00176931 0.0225458 -0.994455 -0.0541715 0.0901419 -11.9286 0.0899117 0.00667699 0.995927 -1.65482
-0.130671 0.991402 0.00692967 -0.0239131 -0.986406 -0.130708 0.099592 -11.9642 0.0996415 0.00617828 0.995004 -1.66212
-0.209114 0.97758 0.0246877 -0.0951345 -0.970803 -0.210566 0.114905 -12.0027 0.117527 6.13597e-05 0.99307 -1.65412
-0.304624 0.951702 0.0383195 -0.149506 -0.94153 -0.306961 0.13891 -12.0148 0.143963 0.00623632 0.989563 -1.65571
-0.406991 0.912541 0.0403326 -0.19286 -0.898745 -0.407943 0.160748 -12.0489 0.163143 0.0291744 0.986171 -1.62366
-0.480506 0.875362 0.0534289 -0.267368 -0.859869 -0.482229 0.167573 -12.0357 0.172452 0.0345781 0.984411 -1.61897
-0.557754 0.828351 0.0523885 -0.315353 -0.813934 -0.558224 0.160923 -12.0469 0.162546 0.0471149 0.985576 -1.60677
-0.650264 0.757923 0.0520561 -0.373164 -0.744724 -0.649482 0.153489 -12.0271 0.150142 0.0610407 0.986778 -1.61838
-0.710691 0.701406 0.0542927 -0.439809 -0.689642 -0.709854 0.143184 -12.0272 0.13897 0.0643174 0.988206 -1.61973
-0.760685 0.64681 0.0547396 -0.499887 -0.63618 -0.759618 0.135115 -11.9769 0.128975 0.0679558 0.989317 -1.62352
-0.800413 0.596503 0.0593541 -0.557604 -0.585708 -0.7993 0.134407 -11.9527 0.127616 0.072817 0.989147 -1.63342
-0.82653 0.55928 0.0636738 -0.622903 -0.547594 -0.825098 0.139116 -11.9135 0.130342 0.0801163 0.988227 -1.63203
-0.849907 0.52303 0.0640173 -0.673078 -0.510874 -0.847666 0.143074 -11.8786 0.129098 0.0888951 0.987639 -1.6177
-0.882239 0.467584 0.0549498 -0.732329 -0.455919 -0.877625 0.148027 -11.8226 0.11744 0.105543 0.987456 -1.63058
-0.910537 0.410243 0.0512092 -0.800395 -0.399058 -0.904495 0.150473 -11.7753 0.108049 0.116576 0.987287 -1.62778
-0.929584 0.364069 0.0576773 -0.855366 -0.352546 -0.923812 0.149273 -11.7467 0.107629 0.118428 0.987112 -1.64472
-0.952099 0.298484 0.0664462 -0.911663 -0.287151 -0.947406 0.1413 -11.686 0.105127 0.115451 0.987734 -1.65288
-0.973689 0.215757 0.0733362 -0.975616 -0.204944 -0.96981 0.132159 -11.647 0.0996365 0.113652 0.988512 -1.64456
-0.985959 0.147388 0.0784971 -1.0231 -0.136617 -0.982271 0.12837 -11.5872 0.0960256 0.115843 0.988615 -1.64029
-0.993099 0.0876352 0.0779376 -1.0575 -0.077364 -0.988978 0.126244 -11.534 0.088142 0.119343 0.988933 -1.6397
-0.996556 0.00678223 0.0826498 -1.09256 0.00393321 -0.991663 0.128801 -11.4852 0.0828343 0.128682 0.98822 -1.63722
-0.995084 -0.0585154 0.0799018 -1.12978 0.0684933 -0.989346 0.128465 -11.4237 0.0715334 0.133306 0.98849 -1.65135
-0.993363 -0.0942799 0.0658891 -1.1438 0.101844 -0.987182 0.122881 -11.3642 0.0534594 0.128776 0.990232 -1.66583
-0.988542 -0.140602 0.0549134 -1.17797 0.146122 -0.982614 0.114536 -11.2996 0.0378546 0.121248 0.9919 -1.68304
-0.985277 -0.162984 0.0516261 -1.19281 0.167881 -0.979439 0.111875 -11.2238 0.0323308 0.118895 0.99238 -1.68822
-0.981901 -0.182373 0.0510868 -1.20974 0.187119 -0.97583 0.112885 -11.1429 0.0292647 0.120401 0.992294 -1.68904
-0.970563 -0.235532 0.0503231 -1.22109 0.240089 -0.962724 0.124579 -11.0828 0.0191048 0.132994 0.990933 -1.68624
-0.962687 -0.266673 0.0460294 -1.23605 0.270469 -0.953759 0.131115 -11.0134 0.00893606 0.138672 0.990298 -1.69983
-0.957243 -0.284591 0.0518927 -1.25972 0.289068 -0.947938 0.133616 -10.9265 0.0111653 0.142903 0.989674 -1.71401
-0.947391 -0.314786 0.0579641 -1.27714 0.319778 -0.9387 0.128782 -10.8756 0.013872 0.140543 0.989977 -1.72616
-0.92608 -0.371196 0.0677503 -1.29511 0.376952 -0.918137 0.122199 -10.7995 0.0168443 0.138705 0.990191 -1.72595
-0.90268 -0.424825 0.0684981 -1.3106 0.43016 -0.895077 0.117467 -10.7329 0.0114081 0.135501 0.990712 -1.73375
-0.881304 -0.467379 0.0697092 -1.32704 0.472517 -0.873312 0.118547 -10.6754 0.00547166 0.137415 0.990499 -1.72996
-0.872199 -0.483964 0.0710454 -1.33639 0.489147 -0.863574 0.122372 -10.6014 0.00212953 0.141484 0.989938 -1.74053
-0.874173 -0.479399 0.0774441 -1.35658 0.48559 -0.864543 0.129493 -10.524 0.00487513 0.150805 0.988552 -1.74461
-0.857029 -0.509885 0.0742895 -1.35894 0.51523 -0.846247 0.13566 -10.4476 -0.0063038 0.154541 0.987966 -1.7638
-0.845291 -0.530865 0.0605436 -1.35954 0.53366 -0.833258 0.144528 -10.3613 -0.0262762 0.154478 0.987647 -1.78149
-0.843306 -0.535672 0.0434822 -1.3627 0.535388 -0.830289 0.154854 -10.2789 -0.046848 0.153869 0.98698 -1.79578
-0.846999 -0.530376 0.0359756 -1.37128 0.528035 -0.83158 0.172203 -10.1896 -0.0614156 0.164852 0.984404 -1.79503
-0.854087 -0.51913 0.0322311 -1.36079 0.515011 -0.835386 0.192078 -10.1212 -0.0727882 0.180651 0.98085 -1.80888
-0.852215 -0.522475 0.0273809 -1.37212 0.515744 -0.830133 0.211868 -10.0471 -0.0879656 0.194678 0.976915 -1.80477
-0.846294 -0.532135 0.0248625 -1.38268 0.523558 -0.822223 0.22324 -9.98325 -0.0983515 0.201944 0.974446 -1.8334
-0.848329 -0.528819 0.0262353 -1.38241 0.520273 -0.823375 0.22665 -9.93148 -0.0982555 0.205923 0.973623 -1.85935
-0.845969 -0.531849 0.0383881 -1.38746 0.527053 -0.823068 0.211598 -9.86754 -0.0809423 0.199238 0.976603 -1.9016
-0.851128 -0.522478 0.0509705 -1.40504 0.52229 -0.833022 0.182447 -9.81839 -0.0528652 0.181907 0.981894 -1.93584
-0.852821 -0.518357 0.0632649 -1.40275 0.521402 -0.838529 0.158142 -9.76964 -0.0289245 0.167853 0.985388 -1.97291
-0.861928 -0.502473 0.0678266 -1.39849 0.506817 -0.849939 0.144017 -9.71167 -0.0147164 0.158508 0.987248 -1.99238
-0.864801 -0.496204 0.0768158 -1.39766 0.50211 -0.853975 0.136427 -9.66682 -0.00209673 0.156552 0.987668 -2.00014
-0.869608 -0.487205 0.0800872 -1.39847 0.493676 -0.860656 0.124722 -9.60469 0.00816222 0.147997 0.988954 -2.02441
-0.867949 -0.490025 0.0808724 -1.40583 0.49643 -0.860865 0.111667 -9.5589 0.0149006 0.137069 0.990449 -2.07693
-0.864054 -0.499049 0.0660357 -1.39513 0.503301 -0.859014 0.0937216 -9.50306 0.0099539 0.114216 0.993406 -2.13175
-0.872837 -0.483321 0.0674957 -1.39178 0.487909 -0.867097 0.100439 -9.36398 0.00998105 0.120599 0.992651 -2.17643
-0.877879 -0.473095 0.0742239 -1.39867 0.478722 -0.870994 0.11043 -9.29727 0.0124049 0.132476 0.991109 -2.18388
-0.875824 -0.476655 0.0757102 -1.40559 0.482434 -0.869107 0.109138 -9.2366 0.0137789 0.132111 0.991139 -2.22035
-0.865752 -0.494992 0.0738707 -1.41604 0.50027 -0.860132 0.0995128 -9.16779 0.0142805 0.123109 0.99229 -2.2616
-0.85424 -0.514964 0.0713132 -1.4373 0.519663 -0.849765 0.0886033 -9.08604 0.014972 0.112747 0.993511 -2.2929
-0.86374 -0.499939 0.0633534 -1.4437 0.503845 -0.859142 0.089531 -9.00466 0.00966953 0.109252 0.993967 -2.30764
-0.863879 -0.500041 0.0606016 -1.45396 0.503649 -0.859235 0.0897355 -8.91612 0.00719961 0.108043 0.99412 -2.31175
-0.85893 -0.507502 0.0684228 -1.47076 0.511918 -0.854433 0.0887954 -8.83258 0.0133988 0.111296 0.993697 -2.31247
-0.850437 -0.522329 0.062677 -1.47494 0.526035 -0.8458 0.0889375 -8.7431 0.00655754 0.108606 0.994063 -2.34208
-0.869941 -0.491479 0.0406311 -1.47792 0.493119 -0.865925 0.0837072 -8.663 -0.00595682 0.0928564 0.995662 -2.35574
-0.872516 -0.488299 0.0167172 -1.49264 0.488082 -0.869556 0.0751491 -8.54406 -0.0221586 0.0737282 0.997032 -2.3604
-0.872514 -0.488268 0.0177104 -1.51042 0.487917 -0.868841 0.0839795 -8.46015 -0.025617 0.0819144 0.99631 -2.36177
-0.897658 -0.44044 0.0149179 -1.50864 0.439859 -0.893364 0.0917876 -8.36923 -0.0270999 0.0889556 0.995667 -2.3618
-0.898674 -0.438481 0.01092 -1.54264 0.437313 -0.893807 0.0993316 -8.27225 -0.0337947 0.0940422 0.994994 -2.36647
-0.879183 -0.47644 0.00655011 -1.5529 0.474431 -0.874036 0.104771 -8.17033 -0.0441919 0.0952201 0.994475 -2.39553
-0.885059 -0.465356 0.0106429 -1.57932 0.463818 -0.879744 0.104513 -8.08896 -0.0392729 0.0974368 0.994467 -2.417
-0.898965 -0.437215 0.026561 -1.60287 0.437614 -0.893863 0.0974787 -7.98923 -0.0188772 0.0992534 0.994883 -2.41717
-0.895736 -0.44306 0.0368066 -1.6365 0.444472 -0.890553 0.0967499 -7.90071 -0.0100878 0.103022 0.994628 -2.40564
-0.887954 -0.457849 0.0437318 -1.66223 0.459908 -0.882896 0.0947598 -7.80175 -0.00477507 0.104255 0.994539 -2.40572
-0.896614 -0.440107 0.0488738 -1.67444 0.442807 -0.891671 0.0940495 -7.73354 0.00218753 0.105968 0.994367 -2.4083
-0.886833 -0.459799 0.0459596 -1.69704 0.46209 -0.882468 0.0878817 -7.64442 0.000149937 0.0991739 0.99507 -2.41725
-0.875092 -0.482593 0.0363079 -1.71723 0.483886 -0.871215 0.082699 -7.55455 -0.00827801 0.0899381 0.995913 -2.44224
-0.895665 -0.443762 0.029321 -1.72853 0.444646 -0.892272 0.0783591 -7.46827 -0.00861046 0.083221 0.996494 -2.45016
-0.915207 -0.40248 0.0201383 -1.76386 0.402878 -0.91268 0.0685982 -7.37922 -0.00922957 0.0708948 0.997441 -2.45254
-0.903351 -0.42875 0.0114268 -1.78295 0.428437 -0.900808 0.0706209 -7.28849 -0.0199854 0.0686911 0.997438 -2.45116
-0.901265 -0.433254 -0.00357358 -1.80391 0.431747 -0.898759 0.0763397 -7.1973 -0.0362863 0.0672594 0.997075 -2.44612
-0.907671 -0.419681 -0.000923519 -1.83812 0.418102 -0.904443 0.0846945 -7.10738 -0.0363799 0.0764887 0.996407 -2.47159
-0.90806 -0.418783 0.0069472 -1.8586 0.417691 -0.904216 0.0890316 -7.02118 -0.0310031 0.0837478 0.996005 -2.48929
-0.910611 -0.412784 0.0199412 -1.89255 0.41275 -0.906006 0.0937605 -6.92073 -0.020636 0.09361 0.995395 -2.49628
-0.909298 -0.415349 0.0257475 -1.9179 0.415879 -0.904757 0.0919763 -6.85061 -0.014907 0.0943417 0.995428 -2.49565
-0.900253 -0.434851 0.0211857 -1.943 0.434692 -0.895085 0.0993315 -6.7222 -0.0242313 0.0986328 0.994829 -2.49985
-0.903969 -0.427217 0.0180593 -1.98269 0.426526 -0.897908 0.108798 -6.63461 -0.0302649 0.106053 0.9939 -2.49999
-0.910452 -0.413298 0.0161977 -2.00745 0.412275 -0.903658 0.115896 -6.54805 -0.0332622 0.112195 0.993129 -2.49836
-0.902489 -0.430417 0.0159328 -2.03649 0.42923 -0.895703 0.116095 -6.46775 -0.0356984 0.111613 0.99311 -2.51541
-0.899522 -0.436702 0.0123257 -2.04531 0.435177 -0.893179 0.11337 -6.36464 -0.0384999 0.107342 0.993476 -2.54534
-0.913036 -0.407501 0.0175734 -2.07848 0.406994 -0.907369 0.105063 -6.27546 -0.0268675 0.103078 0.99431 -2.54685
-0.917855 -0.39661 0.0155556 -2.10653 0.396192 -0.913114 0.0961985 -6.20003 -0.0239493 0.0944593 0.995241 -2.54334
-0.907779 -0.419299 0.011228 -2.13157 0.418107 -0.902409 0.104133 -6.10227 -0.0335308 0.0992246 0.9945 -2.54818
-0.926414 -0.376464 0.00570942 -2.16226 0.374711 -0.920408 0.111539 -6.00875 -0.0367354 0.105471 0.993744 -2.55238
-0.936872 -0.349604 0.00687073 -2.20018 0.34807 -0.930524 0.113898 -5.93146 -0.033426 0.1091 0.993469 -2.55922
-0.925365 -0.378924 0.010807 -2.2237 0.37775 -0.919364 0.109887 -5.83816 -0.0317031 0.105768 0.993885 -2.58185
-0.918694 -0.394441 0.0204205 -2.24933 0.394232 -0.912599 0.108372 -5.74688 -0.0241106 0.107611 0.993901 -2.5906
-0.921654 -0.386482 0.0344452 -2.28059 0.387872 -0.915279 0.108723 -5.67619 -0.0104923 0.113565 0.993475 -2.57766
-0.9189 -0.392658 0.0379853 -2.30573 0.394425 -0.912718 0.106653 -5.58245 -0.00720842 0.112986 0.99357 -2.57705
-0.91671 -0.397722 0.0382097 -2.3416 0.399481 -0.910531 0.106526 -5.49451 -0.00757654 0.112917 0.993576 -2.5772
-0.922295 -0.38492 0.0347723 -2.36164 0.386395 -0.91636 0.104803 -5.39533 -0.00847669 0.110095 0.993885 -2.60246
-0.925308 -0.378027 0.0300115 -2.38052 0.379095 -0.920119 0.0983284 -5.31777 -0.0095566 0.102361 0.994701 -2.61758
-0.931951 -0.361641 0.0261561 -2.39152 0.362506 -0.927814 0.088035 -5.23517 -0.00756904 0.091526 0.995774 -2.62784
-0.937334 -0.347704 0.0225338 -2.41418 0.348382 -0.934115 0.0778416 -5.15065 -0.00601667 0.0808139 0.996711 -2.6334
-0.945058 -0.326372 0.0185984 -2.4319 0.326822 -0.942038 0.0758393 -5.06332 -0.00723142 0.0777509 0.996947 -2.63893
-0.957859 -0.286672 0.0180117 -2.4572 0.287194 -0.954733 0.0774924 -4.97299 -0.00501853 0.0793997 0.99683 -2.63542
-0.96208 -0.272747 0.00346383 -2.47335 0.271949 -0.958127 0.0896447 -4.90272 -0.0211315 0.0871873 0.995968 -2.65529
-0.964511 -0.263889 -0.00902501 -2.49155 0.261988 -0.960701 0.0917412 -4.81794 -0.0328798 0.086121 0.995742 -2.67156
-0.968301 -0.249309 -0.0154629 -2.51643 0.247121 -0.965146 0.0861627 -4.71231 -0.0364051 0.0796102 0.996161 -2.69265
-0.967879 -0.251051 -0.013577 -2.54408 0.249487 -0.965723 0.0716544 -4.62207 -0.0311006 0.0659655 0.997337 -2.69887
-0.962902 -0.268984 -0.0215989 -2.56935 0.26706 -0.961369 0.0667002 -4.53297 -0.0387059 0.0584576 0.997539 -2.69433
-0.959003 -0.281063 -0.0362907 -2.5931 0.277968 -0.957833 0.0727297 -4.44914 -0.0552021 0.0596604 0.996691 -2.69785
-0.957324 -0.285642 -0.0440293 -2.62282 0.280933 -0.955466 0.0903375 -4.35631 -0.0678727 0.074113 0.994937 -2.70346
-0.961669 -0.269677 -0.049674 -2.64006 0.263679 -0.959153 0.102464 -4.25348 -0.0752771 0.0854383 0.993496 -2.73
-0.964583 -0.257813 -0.0557911 -2.65594 0.251074 -0.962202 0.105496 -4.17441 -0.0808805 0.0877522 0.992853 -2.7489
-0.963847 -0.258788 -0.0634681 -2.69613 0.251348 -0.962093 0.105836 -4.08562 -0.0884512 0.086057 0.992356 -2.75951
-0.971059 -0.230806 -0.0614243 -2.71835 0.223856 -0.969183 0.102826 -3.9848 -0.0832643 0.0861001 0.992801 -2.77584
-0.981441 -0.184623 -0.0518376 -2.73958 0.177983 -0.977626 0.112117 -3.89454 -0.0713771 0.10081 0.992342 -2.772
-0.98387 -0.173017 -0.045453 -2.76472 0.165939 -0.977611 0.129386 -3.81208 -0.0668212 0.119756 0.990552 -2.77351
-0.981779 -0.185407 -0.041652 -2.8016 0.178087 -0.974187 0.138729 -3.7061 -0.066298 0.128783 0.989454 -2.77933
-0.984386 -0.172529 -0.0349092 -2.81686 0.165978 -0.975806 0.142313 -3.6274 -0.0586177 0.134297 0.989206 -2.80355
-0.988142 -0.152383 -0.0188348 -2.85173 0.148217 -0.97869 0.142116 -3.53842 -0.0400896 0.13764 0.989671 -2.81581
-0.985259 -0.170788 -0.00975908 -2.88211 0.167865 -0.976229 0.137107 -3.44537 -0.0329434 0.133448 0.990508 -2.81064
-0.98436 -0.176082 -0.00544095 -2.92078 0.173551 -0.97459 0.141611 -3.34958 -0.0302379 0.138452 0.989907 -2.80647
-0.983828 -0.178985 -0.00686198 -2.94203 0.176238 -0.974146 0.141349 -3.26348 -0.031984 0.137854 0.989936 -2.80574
-0.981759 -0.190064 -0.00490115 -2.95706 0.187495 -0.972121 0.140805 -3.16461 -0.0315266 0.137318 0.990025 -2.80817
-0.982046 -0.188609 -0.00357822 -2.96395 0.186635 -0.974177 0.127069 -3.10823 -0.0274522 0.12412 0.991887 -2.81563
-0.98304 -0.182944 -0.0128027 -2.96764 0.180717 -0.978219 0.10212 -3.0186 -0.031206 0.098074 0.99469 -2.83815
-0.985378 -0.170128 -0.00927159 -2.98245 0.168788 -0.982144 0.0830848 -2.93932 -0.0232411 0.080305 0.996499 -2.85583
-0.983331 -0.181795 -0.00314027 -2.99952 0.180964 -0.980222 0.0801081 -2.8522 -0.0176414 0.0782045 0.996781 -2.84207
-0.985483 -0.169297 0.0127251 -3.01322 0.169703 -0.980129 0.102702 -2.7712 -0.00491487 0.103371 0.994631 -2.83453
-0.986831 -0.16 0.0237574 -3.02881 0.161692 -0.979826 0.117459 -2.64934 0.00448479 0.119753 0.992794 -2.84166
-0.97624 -0.215858 0.0190174 -3.03929 0.216379 -0.966334 0.139209 -2.56743 -0.0116722 0.140017 0.99008 -2.84941
-0.964801 -0.262607 0.0139957 -3.06069 0.261493 -0.952335 0.157097 -2.48111 -0.0279263 0.155228 0.987484 -2.86359
-0.971284 -0.237007 0.0208789 -3.0698 0.236673 -0.953458 0.186826 -2.37948 -0.024372 0.186403 0.982171 -2.88029
-0.96773 -0.250841 0.0240377 -3.0996 0.250373 -0.946339 0.204342 -2.28295 -0.0285097 0.203766 0.978604 -2.88465
-0.961217 -0.274999 0.0209278 -3.10514 0.272945 -0.937664 0.215143 -2.19873 -0.0395408 0.212511 0.976358 -2.88486
-0.951207 -0.307006 0.0308519 -3.12107 0.306247 -0.927171 0.215794 -2.11394 -0.037645 0.214713 0.975951 -2.87759
-0.952574 -0.302415 0.033878 -3.13249 0.302648 -0.929889 0.209068 -2.04412 -0.0317225 0.209406 0.977314 -2.88584
-0.960475 -0.275548 0.0395007 -3.13808 0.277789 -0.93967 0.199632 -1.95975 -0.0178906 0.202715 0.979074 -2.90543
-0.953303 -0.299504 0.0388603 -3.16159 0.301494 -0.936198 0.180652 -1.89629 -0.0177251 0.183933 0.982779 -2.91219
-0.950532 -0.308679 0.0347277 -3.18526 0.309952 -0.935162 0.17147 -1.81842 -0.020453 0.173751 0.984577 -2.92845
-0.963954 -0.265346 0.0195927 -3.19498 0.264889 -0.95015 0.164467 -1.73473 -0.0250246 0.163728 0.986188 -2.93224
-0.96809 -0.250485 0.0077095 -3.22049 0.248917 -0.957554 0.145361 -1.64906 -0.0290286 0.142642 0.989349 -2.93117
-0.956012 -0.293308 0.00346876 -3.25544 0.29113 -0.947333 0.133433 -1.56111 -0.0358509 0.128573 0.991052 -2.93485
-0.968925 -0.247287 0.00579591 -3.26825 0.245956 -0.960692 0.128746 -1.48435 -0.0262692 0.126171 0.991661 -2.95085
-0.978007 -0.206467 0.0295567 -3.29863 0.208561 -0.969553 0.128331 -1.40043 0.00216077 0.131673 0.991291 -2.95768
-0.970489 -0.237342 0.0426514 -3.30694 0.240912 -0.96203 0.128296 -1.31148 0.0105819 0.134785 0.990818 -2.98834
