1 0 0 0 0 1 0 0 -0 0 1 0
0.999698 -0.0239507 -0.0055686 0.0257917 0.0240195 0.999632 0.0126259 -0.0666971 0.00526415 -0.0127559 0.999905 0.0244074
0.997218 -0.0711226 -0.0223278 0.0716675 0.0715509 0.997256 0.019009 -0.138031 0.0209146 -0.0205537 0.99957 0.0360114
0.995722 -0.0835181 -0.039528 0.132856 0.0842705 0.996285 0.0177653 -0.236058 0.0378974 -0.0210203 0.999061 0.0191441
0.996819 -0.0711726 -0.0358533 0.150751 0.071641 0.997359 0.0119496 -0.284823 0.0349081 -0.0144802 0.999286 0.0564054
0.996137 -0.0825328 -0.0300055 0.189553 0.0828967 0.996496 0.0110913 -0.355771 0.0289849 -0.0135358 0.999488 0.0592849
0.996838 -0.0737534 -0.0295825 0.240598 0.0741305 0.997178 0.0118579 -0.421224 0.0286245 -0.0140133 0.999492 0.0404161
0.998071 -0.0534864 -0.0315166 0.281124 0.0540791 0.99837 0.0182643 -0.495223 0.0304883 -0.0199335 0.999336 0.0459327
0.997433 -0.056926 -0.0434296 0.33563 0.0584742 0.997666 0.0352506 -0.592872 0.0413216 -0.0376996 0.998434 0.0548566
0.997844 -0.0416084 -0.0507587 0.360538 0.0437286 0.998185 0.0414012 -0.628474 0.0489439 -0.0435315 0.997852 0.0751801
0.998974 -0.00599841 -0.0448896 0.401802 0.00818076 0.998785 0.0485914 -0.696217 0.0445436 -0.0489088 0.99781 0.0856052
0.999237 0.00601566 -0.0386033 0.447346 -0.00408739 0.998749 0.0498369 -0.76204 0.0388548 -0.049641 0.998011 0.0983555
0.99909 0.00094706 -0.0426391 0.496887 0.00117874 0.998758 0.049803 -0.828276 0.0426333 -0.049808 0.997848 0.0794579
0.999096 -0.0136229 -0.0402589 0.538713 0.0156736 0.998572 0.0510685 -0.900056 0.0395057 -0.0516534 0.997883 0.0728907
0.999193 -0.0141692 -0.0375833 0.579898 0.0161959 0.9984 0.0541799 -0.962608 0.0367555 -0.0547448 0.997824 0.06952
0.999144 -0.0263994 -0.0318374 0.62902 0.0283405 0.997665 0.0621421 -1.04301 0.0301226 -0.0629912 0.997559 0.0742268
0.997938 -0.0522505 -0.0372863 0.657972 0.0549971 0.995521 0.0768966 -1.10513 0.0331014 -0.0787887 0.996342 0.0867502
0.997055 -0.0646227 -0.0412989 0.706804 0.0680514 0.993805 0.087862 -1.16424 0.0353652 -0.0904137 0.995276 0.1027
0.997207 -0.0635865 -0.039178 0.743839 0.06697 0.99349 0.0921524 -1.23208 0.0330633 -0.0945188 0.994974 0.110154
0.996176 -0.0796591 -0.0358844 0.794612 0.0827457 0.992046 0.0948534 -1.30038 0.028043 -0.09746 0.994844 0.111239
0.995812 -0.0844586 -0.0350056 0.855588 0.0875771 0.991123 0.100026 -1.35866 0.0262468 -0.102673 0.994369 0.100945
0.99687 -0.0711017 -0.0345725 0.898 0.0744189 0.991504 0.106684 -1.43547 0.0266933 -0.108923 0.993692 0.0951433
0.998313 -0.0494024 -0.0304965 0.961023 0.0525596 0.992169 0.113307 -1.50469 0.02466 -0.114719 0.993092 0.109906
0.999131 -0.0313458 -0.0274779 1.01616 0.0341849 0.993365 0.10981 -1.5704 0.0238534 -0.110654 0.993573 0.130144
0.999399 -0.0251488 -0.0238679 1.05085 0.0276857 0.993241 0.112716 -1.62841 0.020872 -0.113309 0.993341 0.149015
0.999203 -0.0308633 -0.0253081 1.09052 0.0333231 0.994086 0.103359 -1.68693 0.0219685 -0.10412 0.994322 0.167814
0.999057 -0.0310129 -0.0303824 1.1373 0.0338224 0.994729 0.0968018 -1.74378 0.0272201 -0.0977381 0.99484 0.170411
0.998661 -0.0430228 -0.0287104 1.16796 0.0454039 0.995067 0.0882106 -1.80782 0.0247737 -0.0893961 0.995688 0.176497
0.998438 -0.0496271 -0.0256522 1.21321 0.0516378 0.995059 0.0847957 -1.86669 0.0213173 -0.0859879 0.996068 0.174605
0.997332 -0.0698709 -0.0211619 1.24017 0.0713958 0.994 0.082865 -1.91743 0.0152451 -0.0841547 0.996336 0.188447
0.996048 -0.08666 -0.0194414 1.26415 0.0880704 0.992021 0.0902129 -1.97971 0.0114685 -0.0915686 0.995733 0.214192
0.996173 -0.0860496 -0.0153472 1.30551 0.0870848 0.992149 0.0897556 -2.02887 0.00750327 -0.0907486 0.995846 0.254237
0.994489 -0.104401 -0.00961933 1.32659 0.104838 0.991151 0.0814182 -2.0785 0.00103408 -0.081978 0.996634 0.299777
0.993664 -0.112225 -0.0061148 1.34548 0.112377 0.991174 0.0703204 -2.12079 -0.0018309 -0.0705621 0.997506 0.327147
0.99386 -0.110648 -0.000399829 1.38074 0.110466 0.992005 0.061026 -2.17804 -0.00635576 -0.0606954 0.998136 0.345897
0.994456 -0.105127 -0.00212845 1.41137 0.105069 0.992699 0.0592356 -2.21089 -0.00411437 -0.0591308 0.998242 0.350779
0.99447 -0.104744 -0.00763711 1.42487 0.105012 0.992765 0.0582186 -2.2537 0.00148378 -0.0586986 0.998275 0.351719
0.99473 -0.1 -0.0226493 1.45243 0.101218 0.992978 0.0612295 -2.28566 0.0163673 -0.0631993 0.997867 0.37744
0.993347 -0.106147 -0.0446506 1.46204 0.108692 0.992319 0.059072 -2.31771 0.0380373 -0.0635322 0.997255 0.401555
0.991756 -0.113322 -0.0598136 1.47745 0.116706 0.991559 0.0564778 -2.34739 0.0529085 -0.0629929 0.996611 0.442316
0.995983 -0.0682815 -0.0579234 1.48658 0.0716195 0.995764 0.057653 -2.37527 0.0537414 -0.0615698 0.996655 0.484152
0.998115 -0.0303709 -0.0533204 1.50579 0.0337737 0.99737 0.0641237 -2.40102 0.0512327 -0.0658037 0.996516 0.516214
0.996748 -0.0535418 -0.0602155 1.5172 0.0578597 0.995695 0.0724111 -2.43734 0.0560793 -0.0756597 0.995555 0.533157
0.996859 -0.0392097 -0.0688129 1.53402 0.0443541 0.996204 0.0748987 -2.47707 0.065615 -0.0777155 0.994814 0.541223
0.997167 -0.0121595 -0.0742274 1.54102 0.0182819 0.996434 0.0823677 -2.51468 0.0729612 -0.0834914 0.993834 0.540182
0.997328 -0.0232086 -0.0692684 1.5521 0.0294912 0.995405 0.0911013 -2.55682 0.0668358 -0.0929007 0.99343 0.560554
0.997783 -0.0296012 -0.0596124 1.56498 0.035589 0.994144 0.10203 -2.59222 0.0562431 -0.103925 0.992994 0.59573
0.998646 -0.0289284 -0.0432381 1.57643 0.0333068 0.993994 0.104239 -2.62042 0.039963 -0.105538 0.993612 0.636696
0.997643 -0.0574759 -0.0374746 1.59848 0.061161 0.992481 0.106021 -2.65013 0.0310992 -0.108063 0.993657 0.663359
0.996776 -0.073746 -0.0316201 1.62701 0.0767811 0.991075 0.10897 -2.68325 0.0233019 -0.111046 0.993542 0.69197
0.997479 -0.0667782 -0.0240059 1.65772 0.0690869 0.991119 0.113619 -2.71303 0.0162054 -0.114991 0.993234 0.701777
0.996462 -0.0800917 -0.0254884 1.69567 0.0825458 0.989657 0.117322 -2.73986 0.0158283 -0.119011 0.992767 0.704322
0.995759 -0.08566 -0.0335488 1.73495 0.0889593 0.989501 0.113906 -2.77194 0.0234394 -0.116407 0.992925 0.71829
0.995344 -0.0811393 -0.0520332 1.77158 0.0862472 0.990737 0.104891 -2.79684 0.0430404 -0.108891 0.993122 0.747742
0.993 -0.098538 -0.0651176 1.81307 0.104503 0.989916 0.0956327 -2.83448 0.0550375 -0.101768 0.993284 0.795415
0.992581 -0.093851 -0.0772972 1.83225 0.101025 0.990355 0.0948251 -2.86007 0.0676522 -0.101931 0.992488 0.84647
0.994916 -0.0656533 -0.076372 1.86572 0.0731541 0.992298 0.0999644 -2.88146 0.0692208 -0.105043 0.992056 0.872744
0.996529 -0.0519785 -0.0650175 1.89193 0.0588273 0.992377 0.108292 -2.9212 0.058893 -0.111741 0.991991 0.898249
0.998467 -0.0412482 -0.0369041 1.94023 0.0458622 0.989857 0.134458 -2.97685 0.0309836 -0.135944 0.990232 0.897474
0.998889 -0.0449711 -0.0140803 1.98388 0.0464972 0.989147 0.139381 -3.01433 0.00765934 -0.139881 0.990139 0.931048
0.99726 -0.0725822 0.0142837 2.01452 0.069886 0.987717 0.139753 -3.06498 -0.0242519 -0.138371 0.990083 0.967803
0.995329 -0.0950214 0.0170577 2.05329 0.0921267 0.987695 0.12638 -3.10335 -0.0288565 -0.124218 0.991835 1.00733
0.993391 -0.114162 0.0118549 2.08125 0.112152 0.987449 0.111206 -3.14687 -0.0244015 -0.109141 0.993727 1.04063
0.992864 -0.118544 0.0129893 2.10231 0.116826 0.98873 0.0936226 -3.19446 -0.0239413 -0.0914371 0.995523 1.0521
0.993965 -0.109514 0.00641527 2.13358 0.108543 0.990258 0.0872186 -3.22904 -0.0159044 -0.0859959 0.996169 1.06558
0.994639 -0.103339 0.00377422 2.16199 0.102651 0.99111 0.0846367 -3.28186 -0.0124869 -0.0837955 0.996405 1.0646
0.99455 -0.104103 -0.00574621 2.19345 0.104201 0.990588 0.0887569 -3.32079 -0.00354776 -0.0888719 0.996037 1.0969
0.99596 -0.087957 -0.0180985 2.22213 0.0892483 0.991833 0.0911195 -3.34811 0.0099361 -0.0923666 0.995675 1.12998
0.996221 -0.0807465 -0.0320068 2.24258 0.083552 0.991567 0.0990617 -3.39631 0.023738 -0.101362 0.994566 1.1777
0.996924 -0.0662286 -0.041916 2.25548 0.0702756 0.992106 0.103865 -3.42045 0.0347062 -0.106491 0.993708 1.20736
0.998551 -0.0352752 -0.0406438 2.27516 0.0391191 0.994414 0.0980285 -3.46477 0.0369589 -0.0994764 0.994353 1.22388
0.998896 -0.0271117 -0.0383613 2.28278 0.0306349 0.995058 0.0944554 -3.50748 0.0356109 -0.0955263 0.99479 1.23359
0.999131 -0.0172657 -0.0379264 2.30938 0.0207078 0.995514 0.0923248 -3.55083 0.0361622 -0.0930299 0.995006 1.24526
0.999222 -0.0287744 -0.0269853 2.31969 0.031189 0.995102 0.0937998 -3.60248 0.0241541 -0.0945685 0.995225 1.2657
0.998484 -0.0506913 -0.0214543 2.34737 0.0525696 0.993734 0.0986353 -3.65086 0.0163199 -0.0996136 0.994892 1.3075
0.999098 -0.0381041 -0.0187394 2.35114 0.0397761 0.994303 0.0988946 -3.68476 0.0148643 -0.0995507 0.994921 1.34462
0.999429 -0.0328033 -0.00811671 2.37314 0.033456 0.994323 0.101008 -3.72245 0.00475725 -0.101221 0.994853 1.38424
0.999246 -0.0385046 0.0050256 2.3859 0.0377711 0.993826 0.104325 -3.77012 -0.00901155 -0.104056 0.994531 1.40125
0.999746 -0.0195516 0.0112153 2.40819 0.0182502 0.994168 0.106291 -3.81064 -0.013228 -0.106059 0.994272 1.41351
0.999716 -0.022164 0.00874487 2.4256 0.0211133 0.994143 0.105992 -3.84902 -0.0110429 -0.105777 0.994329 1.41169
0.999745 -0.0225605 -0.000560043 2.4432 0.0225041 0.994772 0.0996144 -3.89338 -0.00169024 -0.0996016 0.995026 1.43513
0.999841 -0.0158154 -0.00824251 2.46261 0.0165455 0.995079 0.0976961 -3.92689 0.00665684 -0.097817 0.995182 1.45548
0.999825 0.0157134 -0.0101596 2.4664 -0.0146391 0.995046 0.0983289 -3.96504 0.0116543 -0.098163 0.995102 1.50725
0.998923 0.046294 0.00312284 2.48241 -0.0463869 0.994836 0.09027 -3.9835 0.00107225 -0.0903176 0.995912 1.53616
0.999407 0.0343752 0.00175021 2.48473 -0.0343947 0.995447 0.0888906 -4.0255 0.00131339 -0.0888981 0.99604 1.57013
0.999662 0.0240044 0.0100009 2.50717 -0.0247492 0.996277 0.0825751 -4.04549 -0.0079815 -0.0827947 0.996535 1.57884
0.999156 0.0392778 0.0120629 2.52719 -0.0401319 0.995869 0.0814482 -4.08408 -0.00881399 -0.0818635 0.996605 1.59179
0.999911 0.00604309 0.0119045 2.53678 -0.00707327 0.996052 0.0884877 -4.12859 -0.0113228 -0.0885641 0.996006 1.59535
0.999992 -0.0035664 -0.00190624 2.54949 0.00373093 0.995497 0.0947207 -4.16976 0.00155985 -0.094727 0.995502 1.61765
0.999818 -0.0178194 -0.00679478 2.57265 0.0184084 0.994847 0.0997034 -4.21583 0.00498311 -0.0998103 0.994994 1.64432
0.999469 -0.0309301 -0.0102628 2.57796 0.0318177 0.994262 0.102135 -4.24582 0.00704492 -0.102407 0.994718 1.68276
0.999657 -0.0241185 -0.0102271 2.59106 0.0249638 0.995381 0.0927062 -4.27056 0.00794393 -0.0929297 0.995641 1.71528
0.999493 -0.0313882 -0.00526782 2.61064 0.0317191 0.99599 0.083654 -4.31886 0.00262095 -0.0837787 0.996481 1.74821
0.999102 -0.0423154 -0.00204392 2.63914 0.0423503 0.99634 0.0742556 -4.36181 -0.00110572 -0.0742755 0.997237 1.7649
0.99939 -0.0334501 -0.0100247 2.65906 0.0340611 0.997056 0.0686968 -4.40669 0.00769725 -0.0689964 0.997587 1.76127
0.999465 -0.0280624 -0.0167714 2.68195 0.0291231 0.997344 0.066759 -4.43051 0.0148535 -0.0672117 0.997628 1.77567
0.99945 -0.0228686 -0.0240349 2.70707 0.0245238 0.997175 0.070991 -4.46849 0.0223436 -0.0715413 0.997187 1.79608
0.99919 -0.0119111 -0.0384301 2.7159 0.0146459 0.99732 0.0716865 -4.49344 0.0374732 -0.0721913 0.996687 1.82044
0.998709 -0.00149295 -0.0507659 2.73776 0.0052503 0.997247 0.0739607 -4.51935 0.0505158 -0.0741318 0.995968 1.87489
0.997671 0.0448472 -0.0513928 2.74721 -0.0406971 0.996033 0.0791359 -4.52727 0.054738 -0.0768601 0.995538 1.91911
0.997056 0.0595137 -0.0483387 2.77181 -0.0555195 0.995236 0.0801437 -4.55909 0.052878 -0.0772241 0.995611 1.93704
0.997418 0.0536508 -0.0477302 2.7779 -0.0496701 0.995476 0.0810007 -4.56281 0.05186 -0.0784208 0.995571 1.95254
0.997162 0.0632252 -0.0408737 2.7947 -0.0599051 0.99516 0.0779012 -4.60638 0.0456012 -0.0752316 0.996123 1.94733
0.998504 0.0407798 -0.0364324 2.82589 -0.0378159 0.996186 0.0786366 -4.63718 0.0395003 -0.0771412 0.996237 1.94498
0.99886 0.0251672 -0.0405607 2.85087 -0.0215231 0.995896 0.0879038 -4.69049 0.0426066 -0.0869306 0.995303 1.97654
0.998102 0.0495575 -0.0365618 2.8546 -0.0459882 0.994629 0.0927297 -4.70944 0.0409609 -0.0908722 0.99502 1.9954
0.999069 0.0265991 -0.0339757 2.87017 -0.0237104 0.996287 0.082768 -4.75351 0.0360511 -0.0818854 0.99599 2.03762
0.999327 0.00127928 -0.0366662 2.8811 0.00134519 0.997442 0.0714633 -4.78051 0.0366638 -0.0714645 0.996769 2.06327
0.999374 0.0137682 -0.0325941 2.90695 -0.0118887 0.998294 0.0571721 -4.82424 0.0333256 -0.0567488 0.997832 2.09835
0.99964 0.00753627 -0.0257592 2.92867 -0.00631491 0.998867 0.0471713 -4.86544 0.0260856 -0.0469917 0.998555 2.10202
0.999635 -0.0115503 -0.0244166 2.94027 0.0126211 0.998944 0.044166 -4.89171 0.0238807 -0.044458 0.998726 2.11763
0.999731 -0.00695802 -0.0221108 2.96394 0.00792447 0.999003 0.0439266 -4.92374 0.0217831 -0.04409 0.99879 2.11557
0.999524 -0.00736473 -0.029962 2.99873 0.00897788 0.998497 0.0540663 -4.96644 0.0295188 -0.0543096 0.998088 2.13983
0.998715 -0.019539 -0.0467638 3.02579 0.0223056 0.997986 0.0593886 -5.01437 0.0455092 -0.0603554 0.997139 2.18029
0.998718 0.000906533 -0.0506055 3.02235 0.00231207 0.997979 0.0635072 -5.01621 0.0505607 -0.0635428 0.996698 2.22449
0.998759 0.0277732 -0.041352 3.03632 -0.0250963 0.997641 0.0639028 -5.04785 0.0430292 -0.0627857 0.997099 2.25829
0.998622 0.036414 -0.0377779 3.05382 -0.034122 0.997637 0.0596367 -5.08036 0.0398602 -0.0582655 0.997505 2.28519
0.998875 0.030679 -0.0361656 3.05799 -0.0284364 0.997734 0.0609707 -5.10793 0.0379542 -0.0598736 0.997484 2.29762
0.99814 0.0532121 -0.029754 3.08013 -0.0513799 0.996918 0.0592789 -5.15297 0.0328167 -0.0576399 0.997798 2.2941
0.998473 0.051171 -0.0208318 3.08534 -0.0497317 0.996673 0.0645656 -5.19886 0.0240664 -0.063431 0.997696 2.29798
0.999293 0.0361749 -0.0102118 3.096 -0.035381 0.99696 0.0694202 -5.23474 0.012692 -0.0690098 0.997535 2.31867
0.999847 0.0137185 -0.0108335 3.11403 -0.0128297 0.996852 0.078238 -5.2897 0.0118727 -0.078087 0.996876 2.35433
0.999135 -0.0398707 -0.0118239 3.12107 0.0406981 0.995896 0.0808384 -5.34618 0.00855229 -0.0812497 0.996657 2.40095
0.99905 -0.0414753 -0.0133568 3.14152 0.0423211 0.996583 0.0709292 -5.38206 0.0103694 -0.0714271 0.997392 2.43246
0.998815 -0.0481245 -0.00726103 3.15402 0.0484934 0.996739 0.0644972 -5.42546 0.00413345 -0.0647729 0.997891 2.4612
0.996957 -0.0779323 -0.00201225 3.17581 0.0778955 0.994786 0.0658205 -5.47564 -0.00312779 -0.0657769 0.997829 2.46939
0.997984 -0.0634386 -0.0017163 3.19152 0.0633963 0.99536 0.0723821 -5.52305 -0.00288348 -0.072345 0.997376 2.47207
0.998617 -0.0516158 -0.00996977 3.22346 0.0522496 0.995422 0.0800264 -5.58469 0.0057935 -0.0804366 0.996743 2.47939
0.995747 -0.0893868 -0.022296 3.24034 0.0909074 0.992597 0.0805407 -5.63106 0.0149317 -0.0822251 0.996502 2.50754
0.995529 -0.0885402 -0.0329145 3.25348 0.0906092 0.993573 0.0678389 -5.6967 0.0266965 -0.0705179 0.997153 2.5512
0.997722 -0.0619621 -0.0266628 3.27236 0.0632784 0.996654 0.0517388 -5.74693 0.0233678 -0.0533082 0.998305 2.59038
0.997281 -0.068833 -0.0263111 3.27997 0.0699768 0.996517 0.04535 -5.80103 0.0230979 -0.0470679 0.998625 2.61462
0.995747 -0.0874177 -0.0290762 3.292 0.0886446 0.995092 0.0439886 -5.84328 0.0250881 -0.046379 0.998609 2.63056
0.998055 -0.0583579 -0.021919 3.31362 0.0593564 0.997079 0.0480595 -5.90538 0.0190503 -0.0492671 0.998604 2.62202
0.998609 -0.0491715 -0.0190272 3.33125 0.0501721 0.997154 0.0562716 -5.98363 0.0162061 -0.0571479 0.998234 2.62042
0.995816 -0.0900147 -0.0157631 3.33303 0.0909005 0.993423 0.0696282 -6.04843 0.00939189 -0.0707697 0.997448 2.62418
0.993939 -0.108761 -0.0160418 3.34967 0.10974 0.99028 0.0854608 -6.12004 0.00659107 -0.0867032 0.996212 2.64449
0.990045 -0.140063 -0.0139284 3.37052 0.140749 0.986011 0.0892887 -6.18975 0.00122753 -0.0903602 0.995908 2.65761
0.983551 -0.179815 -0.0171189 3.39102 0.180612 0.980289 0.0800839 -6.26937 0.00238117 -0.0818585 0.996641 2.6619
0.980676 -0.194969 -0.0161702 3.422 0.195613 0.978538 0.0647989 -6.35363 0.00318934 -0.0667098 0.997767 2.65876
0.973856 -0.226525 -0.0170731 3.46508 0.227102 0.972619 0.0493661 -6.42693 0.00542297 -0.0519528 0.998635 2.66293
0.966155 -0.256855 -0.023881 3.51286 0.25769 0.965247 0.0435339 -6.51885 0.0118692 -0.0482144 0.998766 2.65613
0.962423 -0.270681 -0.0217623 3.56125 0.271482 0.960922 0.0541018 -6.58417 0.00626752 -0.0579768 0.998298 2.66798
0.955992 -0.292453 -0.0234467 3.63703 0.293315 0.954514 0.0535742 -6.67664 0.00671227 -0.0580938 0.998289 2.67942
0.939091 -0.343406 -0.0134402 3.67924 0.343631 0.937693 0.0514757 -6.69981 -0.0050743 -0.0529588 0.998584 2.70001
0.929023 -0.369652 -0.0165365 3.73456 0.370021 0.928022 0.0431238 -6.77051 -0.000594561 -0.0461819 0.998933 2.70375
0.913715 -0.405934 -0.0185273 3.79291 0.406349 0.913022 0.0356592 -6.83188 0.00244054 -0.0401109 0.999192 2.70005
0.892026 -0.451721 -0.0153935 3.84944 0.451966 0.891178 0.0390909 -6.88634 -0.00393983 -0.0418275 0.999117 2.69997
0.868959 -0.494788 -0.00972955 3.9063 0.494691 0.867904 0.0449801 -6.95555 -0.0138113 -0.043899 0.998941 2.69389
0.835955 -0.548643 -0.0130566 3.96311 0.548404 0.834217 0.0577477 -7.00661 -0.0207909 -0.0554347 0.998246 2.69596
0.79947 -0.600506 -0.0154992 4.0259 0.599941 0.796883 0.0710505 -7.05833 -0.0303152 -0.0661013 0.997352 2.71677
0.783535 -0.621183 -0.0143283 4.07785 0.620143 0.780372 0.0802601 -7.10764 -0.0386749 -0.0717722 0.996671 2.71769
0.768851 -0.639393 -0.00670987 4.13927 0.636992 0.764965 0.0952409 -7.14742 -0.0557635 -0.0775002 0.995432 2.73435
0.737947 -0.674795 -0.00930877 4.21449 0.672035 0.733528 0.101515 -7.17408 -0.0616738 -0.0811689 0.99479 2.73849
0.712944 -0.700943 -0.0197345 4.28207 0.698849 0.70794 0.102133 -7.21284 -0.0576184 -0.0866064 0.994575 2.72777
0.698603 -0.714864 -0.0303854 4.34436 0.713756 0.693291 0.099502 -7.23557 -0.0500645 -0.0912002 0.994573 2.72153
0.683712 -0.728623 -0.0405729 4.42928 0.728333 0.677862 0.100171 -7.26116 -0.0454838 -0.0980385 0.994143 2.73423
0.66742 -0.742911 -0.051317 4.49448 0.743621 0.661209 0.0991502 -7.28158 -0.0397285 -0.104335 0.993748 2.73798
0.651815 -0.757096 -0.0440856 4.56727 0.75664 0.645288 0.105356 -7.29938 -0.0513164 -0.102029 0.993457 2.7524
0.631193 -0.775166 -0.0267182 4.63803 0.772414 0.625075 0.112506 -7.30916 -0.0705097 -0.0916503 0.993292 2.75875
0.580701 -0.813796 -0.0228326 4.70455 0.810359 0.575103 0.112138 -7.32115 -0.0781261 -0.0836211 0.99343 2.74902
0.544128 -0.83862 -0.0253164 4.77726 0.834778 0.538117 0.11652 -7.33312 -0.0840932 -0.0845355 0.992866 2.74353
0.510086 -0.859495 -0.0328741 4.84675 0.855465 0.50298 0.123247 -7.33116 -0.0893951 -0.0909891 0.991831 2.73873
0.463791 -0.884573 -0.0492813 4.91277 0.880811 0.45441 0.132982 -7.33741 -0.0952382 -0.105083 0.989893 2.73733
0.420198 -0.904967 -0.0668507 4.96578 0.902582 0.409209 0.133771 -7.32227 -0.0937027 -0.116549 0.988755 2.74395
0.367843 -0.927148 -0.0713285 5.07264 0.924809 0.35675 0.13213 -7.34753 -0.0970578 -0.114568 0.988663 2.77205
0.330268 -0.940999 -0.073779 5.10978 0.938591 0.319141 0.13113 -7.34468 -0.099847 -0.112556 0.988616 2.76692
0.31162 -0.947927 -0.0657803 5.18908 0.944444 0.301374 0.131143 -7.34361 -0.10449 -0.102993 0.989179 2.75952
0.273745 -0.959965 -0.0594183 5.24704 0.956667 0.265389 0.119819 -7.33308 -0.0992534 -0.0896436 0.991016 2.75436
0.245617 -0.968274 -0.0460243 5.31871 0.965046 0.239768 0.105817 -7.33262 -0.0914244 -0.070406 0.99332 2.73792
0.224406 -0.97363 -0.0410542 5.3901 0.971138 0.219941 0.0922829 -7.32638 -0.0808199 -0.0605782 0.994886 2.74454
0.196662 -0.978739 -0.0582619 5.461 0.978201 0.191819 0.0795457 -7.29871 -0.0666787 -0.0726355 0.995127 2.74184
0.194584 -0.97793 -0.0760935 5.51692 0.979115 0.188988 0.0749432 -7.27094 -0.0589085 -0.089087 0.99428 2.7459
0.210222 -0.974674 -0.0762722 5.58575 0.975571 0.204045 0.0814022 -7.25351 -0.0637776 -0.0915215 0.993759 2.76161
0.198836 -0.976778 -0.0798052 5.63878 0.978067 0.192623 0.0792553 -7.22559 -0.0620425 -0.0938136 0.993655 2.76794
0.184202 -0.980354 -0.070538 5.70564 0.980775 0.178629 0.0785607 -7.20256 -0.0644172 -0.083653 0.994411 2.78163
0.160401 -0.985178 -0.0607951 5.76625 0.984794 0.155566 0.0773284 -7.17665 -0.0667245 -0.0722742 0.99515 2.7828
0.14699 -0.987629 -0.0546212 5.82782 0.986382 0.142238 0.0825727 -7.1321 -0.073782 -0.0660147 0.995087 2.78698
0.138287 -0.989143 -0.0497329 5.89725 0.986899 0.133412 0.0907292 -7.11511 -0.0831091 -0.061628 0.994633 2.77025
0.130398 -0.990331 -0.0473312 5.96609 0.987194 0.125264 0.0987796 -7.07845 -0.0918957 -0.0596057 0.993983 2.78329
0.088706 -0.995074 -0.0442661 6.03281 0.991764 0.0841145 0.0965837 -7.05777 -0.0923845 -0.0524691 0.99434 2.80214
0.0541508 -0.998115 -0.0288713 6.0954 0.993355 0.0509069 0.103219 -7.00834 -0.101555 -0.0342689 0.99424 2.84234
0.0566392 -0.998371 0.0068536 6.16596 0.992031 0.0570507 0.112339 -6.96404 -0.112547 0.000436177 0.993646 2.88431
0.0359966 -0.998688 0.0364213 6.22955 0.992482 0.0399914 0.115671 -6.94422 -0.116976 0.0319838 0.99262 2.90194
-0.000352543 -0.997642 0.068626 6.30831 0.993972 0.00717417 0.1094 -6.9018 -0.109634 0.0682508 0.991626 2.93336
-0.02505 -0.995877 0.0871816 6.36653 0.995103 -0.0164984 0.0974618 -6.87983 -0.0956217 0.0891961 0.991413 2.94512
-0.0215818 -0.995662 0.0905028 6.41926 0.996883 -0.0145606 0.077534 -6.86528 -0.0758799 0.0918941 0.992873 2.94878
-0.000226155 -0.996026 0.0890611 6.45413 0.997671 0.00585026 0.0679606 -6.82177 -0.0682115 0.088869 0.993705 2.96527
0.0693505 -0.992528 0.100394 6.49007 0.994945 0.0761427 0.06548 -6.80671 -0.072635 0.0953454 0.992791 2.97625
0.0910322 -0.988197 0.123209 6.53643 0.991872 0.101017 0.0773648 -6.77765 -0.0888978 0.115165 0.989361 3.02469
0.0219433 -0.992135 0.123237 6.575 0.996328 0.0319046 0.0794474 -6.74459 -0.0827544 0.121041 0.989192 3.06273
0.0365333 -0.991779 0.122634 6.60102 0.997216 0.0441627 0.0600822 -6.73549 -0.0650042 0.120097 0.990632 3.07352
0.0911053 -0.989246 0.114421 6.64761 0.994207 0.0969339 0.0464416 -6.74505 -0.0570334 0.109527 0.992346 3.09351
0.0891034 -0.991311 0.0967659 6.67502 0.994537 0.0938538 0.0456944 -6.71703 -0.0543792 0.0921658 0.994258 3.08543
0.0978241 -0.992216 0.0770622 6.72782 0.993428 0.10198 0.0519755 -6.71031 -0.0594298 0.0714713 0.995671 3.12464
0.107086 -0.99267 0.0560196 6.75097 0.991946 0.110502 0.0619135 -6.70021 -0.06765 0.0489383 0.996508 3.13946
0.0742598 -0.995849 0.0526373 6.79673 0.993879 0.0782357 0.0779998 -6.67684 -0.0817941 0.0465228 0.995563 3.17696
0.0510769 -0.997034 0.0575731 6.84049 0.995392 0.0555079 0.0781922 -6.6661 -0.081156 0.053314 0.995274 3.20397
0.0493852 -0.996965 0.0601757 6.87197 0.995796 0.0538015 0.0741278 -6.64992 -0.0771404 0.0562619 0.995432 3.23062
0.061445 -0.996464 0.057308 6.90598 0.994959 0.0657089 0.0757535 -6.62932 -0.0792513 0.0523645 0.995478 3.25449
0.0644099 -0.996664 0.0501283 6.9319 0.994948 0.0680129 0.073841 -6.61473 -0.077004 0.0451189 0.996009 3.24046
0.0677671 -0.996813 0.042083 6.97467 0.99482 0.0707146 0.0730284 -6.60312 -0.0757716 0.0369161 0.996442 3.24662
0.0728683 -0.996794 0.0330578 7.0161 0.99426 0.0752068 0.0760985 -6.57773 -0.0783407 0.0273229 0.996552 3.26881
0.0618684 -0.99727 0.0403069 7.0412 0.995133 0.0647385 0.0742926 -6.55088 -0.0766992 0.0355144 0.996422 3.29839
0.0537598 -0.997663 0.0421695 7.07498 0.995388 0.0569016 0.0772286 -6.5352 -0.0794476 0.0378233 0.996121 3.32914
0.0779272 -0.99607 0.0420896 7.10977 0.99346 0.0811186 0.0803609 -6.5232 -0.0834594 0.0355521 0.995877 3.38002
0.0803412 -0.996103 0.0363964 7.13357 0.993422 0.0830073 0.0788817 -6.50167 -0.0815954 0.0298195 0.996219 3.38828
0.0862379 -0.996022 0.0224444 7.14972 0.993713 0.0876088 0.0697049 -6.49333 -0.0713939 0.0162921 0.997315 3.38616
0.128372 -0.991669 0.0106311 7.19619 0.989067 0.128805 0.0718106 -6.48665 -0.0725817 0.00129644 0.997362 3.42931
0.11748 -0.99307 0.00322424 7.2509 0.991241 0.11746 0.0603671 -6.46038 -0.0603275 -0.00389596 0.998171 3.42471
0.095991 -0.995297 -0.0129976 7.32332 0.993201 0.0949086 0.0674084 -6.43002 -0.0658579 -0.0193798 0.997641 3.492
0.0876484 -0.996054 -0.0139603 7.34409 0.993712 0.0864449 0.0711624 -6.41204 -0.0696748 -0.0201098 0.997367 3.49468
0.0757501 -0.997073 -0.0103564 7.38328 0.994498 0.0747927 0.0733417 -6.39416 -0.0723525 -0.0158551 0.997253 3.5362
0.0659689 -0.997802 -0.00633917 7.4202 0.994443 0.0652219 0.0826381 -6.36876 -0.0820429 -0.0117555 0.996559 3.5611
0.0601278 -0.998138 -0.0102314 7.45141 0.994363 0.0589973 0.0880963 -6.35507 -0.0873287 -0.0154707 0.996059 3.58911
0.0513114 -0.998521 -0.0179921 7.47546 0.99553 0.0497107 0.0803091 -6.31417 -0.0792959 -0.0220324 0.996608 3.58267
0.0461978 -0.998642 -0.0240782 7.51034 0.99722 0.0446946 0.0596172 -6.28227 -0.0584601 -0.0267655 0.997931 3.59576
0.0271543 -0.999344 -0.0239718 7.54355 0.998027 0.0257449 0.0572608 -6.24905 -0.0566061 -0.0254794 0.998071 3.64256
0.00174975 -0.999711 -0.0239911 7.57667 0.998803 0.000574312 0.0489146 -6.21228 -0.0488866 -0.0240479 0.998515 3.66894
0.0181323 -0.999518 -0.0252057 7.59433 0.998434 0.0167666 0.0533774 -6.18165 -0.052929 -0.0261341 0.998256 3.70664
0.0233832 -0.998826 -0.0424201 7.5997 0.998468 0.0212044 0.0511042 -6.16492 -0.0501447 -0.0435501 0.997792 3.72966
-0.00315777 -0.998571 -0.053345 7.64467 0.998859 -0.00569201 0.0474215 -6.13787 -0.0476574 -0.0531344 0.997449 3.7529
-0.0297799 -0.997678 -0.061256 7.67305 0.99883 -0.0320383 0.0362216 -6.11948 -0.0381001 -0.0601056 0.997465 3.75675
-0.0570579 -0.996038 -0.068209 7.68081 0.997461 -0.0597884 0.0386832 -6.10474 -0.042608 -0.0658286 0.996921 3.74759
-0.0842089 -0.993705 -0.0738856 7.71877 0.995384 -0.0873134 0.0398398 -6.06051 -0.0460402 -0.0701897 0.996471 3.76238
-0.119663 -0.989881 -0.0762687 7.78262 0.991749 -0.12274 0.0369978 -6.03854 -0.0459847 -0.0712122 0.996401 3.78775
-0.151082 -0.986327 -0.0658283 7.78268 0.986689 -0.154519 0.050676 -5.98092 -0.0601549 -0.0572958 0.996543 3.82179
-0.172086 -0.983698 -0.0522036 7.80626 0.982876 -0.175004 0.0576857 -5.95041 -0.0658812 -0.0413827 0.996969 3.84416
-0.175674 -0.983705 -0.0382489 7.84112 0.981656 -0.177968 0.0684007 -5.91881 -0.0740932 -0.025531 0.996924 3.84688
-0.189614 -0.981449 -0.0283709 7.87535 0.979373 -0.19111 0.0656203 -5.87601 -0.069825 -0.0153431 0.997441 3.87141
-0.209657 -0.977717 -0.0106821 7.91767 0.975831 -0.209916 0.0607427 -5.85373 -0.0616315 0.00231117 0.998096 3.88548
-0.200293 -0.979699 0.00846811 7.94988 0.978913 -0.199764 0.0426971 -5.82067 -0.0401387 0.0168415 0.999052 3.87723
-0.203163 -0.978821 0.0251876 7.97281 0.978978 -0.202586 0.0236703 -5.78505 -0.0180664 0.029467 0.999402 3.89643
-0.200837 -0.978801 0.0401718 7.9992 0.979571 -0.201088 -0.00226572 -5.7409 0.0102958 0.0388961 0.99919 3.91821
-0.149833 -0.98734 0.0520624 8.04228 0.988711 -0.149616 0.00807131 -5.70441 -0.000179769 0.052684 0.998611 3.95161
-0.130512 -0.988778 0.0727015 8.08171 0.991373 -0.129257 0.0217263 -5.66634 -0.0120853 0.0749099 0.997117 3.97841
-0.141854 -0.985988 0.0877827 8.11917 0.989778 -0.139961 0.0273895 -5.64254 -0.0147195 0.0907707 0.995763 4.02244
-0.115341 -0.988437 0.0984328 8.16302 0.993088 -0.112579 0.0331872 -5.60971 -0.0217221 0.10158 0.99459 4.02439
-0.111203 -0.986989 0.116136 8.19876 0.993776 -0.109666 0.0195588 -5.58645 -0.00656823 0.117588 0.993041 4.05082
-0.121539 -0.985998 0.114173 8.25089 0.992542 -0.119637 0.0233952 -5.56597 -0.00940829 0.116165 0.993185 4.03659
-0.117206 -0.987714 0.103359 8.2989 0.992899 -0.114412 0.0325708 -5.54876 -0.0203452 0.106442 0.994111 4.06826
-0.120537 -0.988221 0.094284 8.34593 0.992468 -0.117873 0.0333544 -5.54821 -0.0218479 0.0975943 0.994986 4.0777
-0.135679 -0.986147 0.0954165 8.35491 0.990351 -0.132251 0.0414117 -5.50643 -0.0282192 0.100115 0.994576 4.12588
-0.131663 -0.986698 0.0953542 8.39367 0.990656 -0.127516 0.0483811 -5.48416 -0.0355784 0.100833 0.994267 4.14963
-0.101998 -0.989851 0.0989548 8.41191 0.994033 -0.0975495 0.048813 -5.4767 -0.0386646 0.103343 0.993894 4.19686
-0.0998637 -0.990087 0.0987626 8.46709 0.99424 -0.095414 0.0488067 -5.45876 -0.0388996 0.103068 0.993913 4.22517
-0.0934168 -0.992091 0.0838416 8.48514 0.994759 -0.0894883 0.0494588 -5.42986 -0.0415647 0.0880224 0.995251 4.25324
-0.0615949 -0.99572 0.0689108 8.51476 0.99783 -0.0598225 0.0274978 -5.40642 -0.0232577 0.070455 0.997244 4.25167
-0.0358104 -0.998352 0.0448523 8.51192 0.998994 -0.0345492 0.0285854 -5.39011 -0.0269887 0.0458308 0.998585 4.27304
0.00750786 -0.999851 0.0155194 8.55179 0.999701 0.00786627 0.0231636 -5.35739 -0.0232822 0.0153409 0.999611 4.31848
0.0249452 -0.999653 0.008495 8.56954 0.999523 0.0250947 0.017974 -5.33756 -0.0181809 0.00804259 0.999802 4.33972
0.01916 -0.999815 0.00177381 8.59862 0.999466 0.0192002 0.0264572 -5.29901 -0.0264863 0.00126594 0.999648 4.36869
0.0298156 -0.999547 0.00419325 8.63605 0.998939 0.0299442 0.03498 -5.27455 -0.0350897 0.00314586 0.999379 4.39663
0.0439862 -0.999032 -0.000512645 8.6336 0.997993 0.043917 0.0456259 -5.24889 -0.0455592 -0.00251852 0.998958 4.43235
0.0352171 -0.99937 -0.0043964 8.66941 0.998517 0.0350035 0.041702 -5.23729 -0.0415219 -0.0058585 0.99912 4.43808
0.0268302 -0.999631 -0.00426222 8.70586 0.999116 0.0266778 0.0325038 -5.2159 -0.0323781 -0.00513053 0.999463 4.43384
0.0262612 -0.999555 -0.0141815 8.76273 0.998754 0.0256326 0.0428205 -5.18864 -0.042438 -0.0152883 0.998982 4.44954
0.0280085 -0.998933 -0.0367224 8.7774 0.99797 0.0258419 0.0582021 -5.17555 -0.0571911 -0.0382781 0.997629 4.44585
0.0187461 -0.998687 -0.0476654 8.80819 0.998423 0.0161756 0.053754 -5.15854 -0.0529124 -0.0485979 0.997416 4.49195
0.00468896 -0.998688 -0.0509953 8.81901 0.998638 0.00202649 0.052137 -5.14917 -0.0519653 -0.0511703 0.997337 4.53428
-0.0163802 -0.998704 -0.0481838 8.87041 0.999498 -0.0176626 0.0263112 -5.12534 -0.0271281 -0.0477287 0.998492 4.54713
-0.0164982 -0.998714 -0.0479337 8.86337 0.999604 -0.0175685 0.0219932 -5.1322 -0.022807 -0.0475519 0.998608 4.55806
-0.0115737 -0.998593 -0.0517431 8.89661 0.999697 -0.0126803 0.0211098 -5.10286 -0.0217363 -0.0514831 0.998437 4.56559
-0.0143347 -0.998502 -0.0528066 8.91917 0.999825 -0.0149502 0.0112785 -5.08842 -0.012051 -0.0526357 0.998541 4.5716
0.00915545 -0.998126 -0.0605063 8.95018 0.999946 0.00884003 0.00547872 -5.06803 -0.00493357 -0.0605532 0.998153 4.59658
0.0171468 -0.997936 -0.0618833 8.98478 0.999826 0.0175663 -0.00624058 -5.03998 0.00731476 -0.0617655 0.998064 4.61081
0.0237546 -0.997553 -0.065756 9.02681 0.999395 0.0253663 -0.0237855 -5.01757 0.0253952 -0.0651512 0.997552 4.6383
0.0445974 -0.99668 -0.0681204 9.05743 0.998632 0.0463392 -0.0242063 -5.00036 0.0272826 -0.0669477 0.997383 4.6986
0.058405 -0.996397 -0.0614913 9.10417 0.998059 0.0596127 -0.0179901 -4.98519 0.021591 -0.0603212 0.997945 4.69915
0.0632091 -0.996513 -0.0544611 9.14487 0.997935 0.0637351 -0.00797497 -4.97344 0.0114182 -0.0538445 0.998484 4.72755
0.0596196 -0.997041 -0.0485273 9.17457 0.998212 0.0597608 -0.00146289 -4.9664 0.0043586 -0.0483533 0.998821 4.71509
0.0528132 -0.997638 -0.0439293 9.22419 0.998602 0.0526579 0.00468512 -4.9596 -0.00236083 -0.0441153 0.999024 4.73946
0.0604118 -0.997245 -0.0430537 9.27869 0.998168 0.0602134 0.00588982 -4.94886 -0.00328118 -0.0433307 0.999055 4.73747
0.0375812 -0.99816 -0.0475834 9.32656 0.999285 0.037336 0.00603169 -4.9563 -0.00424401 -0.047776 0.998849 4.76025
0.00210331 -0.999424 -0.0338625 9.38179 0.999998 0.00207755 0.000795936 -4.94764 -0.000725126 -0.033864 0.999426 4.7988
0.00320894 -0.999817 -0.0188334 9.44801 0.999987 0.00328525 -0.00402247 -4.9373 0.0040836 -0.0188202 0.999815 4.83334
-0.0121121 -0.999926 -0.00130113 9.47498 0.999921 -0.0121076 -0.00335257 -4.9434 0.00333656 -0.00134163 0.999994 4.84546
-0.0195583 -0.999672 0.016543 9.54027 0.999798 -0.01948 0.00488528 -4.91276 -0.00456142 0.0166352 0.999851 4.86891
-0.00576604 -0.999484 0.0315987 9.58424 0.999972 -0.00561448 0.00488291 -4.88803 -0.00470298 0.031626 0.999489 4.87023
-0.0374564 -0.998701 0.034559 9.64876 0.999297 -0.0373765 0.00295556 -4.87981 -0.00166003 0.0346454 0.999398 4.88001
-0.0411418 -0.999053 0.0141232 9.6742 0.999144 -0.0410765 0.0048835 -4.85881 -0.00429874 0.0143121 0.999888 4.88285
-0.00355351 -0.999975 -0.00608883 9.72956 0.999818 -0.00366682 0.0187011 -4.82791 -0.018723 -0.00602127 0.999807 4.91989
0.0423432 -0.999103 0.00106401 9.76176 0.998182 0.0423499 0.042893 -4.7951 -0.0428995 -0.000754152 0.999079 4.95515
0.0399157 -0.999126 0.0123973 9.78645 0.997091 0.0406345 0.0644869 -4.77628 -0.0649343 0.00978722 0.997842 4.98624
0.00864874 -0.999815 0.0171854 9.81993 0.998566 0.00954338 0.0526773 -4.75193 -0.0528316 0.0167052 0.998464 5.02748
-0.0143903 -0.999757 0.0167238 9.87367 0.998774 -0.0135798 0.0476043 -4.7573 -0.0473656 0.0173883 0.998726 5.02196
-0.00696355 -0.999702 0.0233975 9.89655 0.99921 -0.00604092 0.0392747 -4.72531 -0.0391217 0.0236526 0.998954 5.05078
-0.031082 -0.999394 0.0156892 9.91616 0.998341 -0.0302803 0.0489797 -4.71773 -0.0484749 0.0171855 0.998677 5.06438
-0.0717071 -0.99742 -0.00339471 9.95511 0.996391 -0.0717873 0.0452862 -4.69868 -0.0454131 -0.000135115 0.998968 5.08662
-0.0866303 -0.995917 -0.0253879 9.98409 0.995572 -0.0874774 0.0344059 -4.69555 -0.0364863 -0.0222949 0.999085 5.11744
-0.119456 -0.991756 -0.0463612 10.0355 0.992076 -0.121065 0.0335987 -4.69456 -0.0389344 -0.0419803 0.99836 5.15489
-0.122849 -0.991443 -0.0441382 10.0628 0.99196 -0.124032 0.0251318 -4.6847 -0.0303913 -0.0406959 0.998709 5.19562
-0.12037 -0.992353 -0.0273151 10.0882 0.992515 -0.12087 0.0174744 -4.66395 -0.0206424 -0.0250073 0.999474 5.20706
-0.153841 -0.987808 -0.0238226 10.118 0.987814 -0.154328 0.0201601 -4.64532 -0.0235909 -0.0204309 0.999513 5.22346
-0.161509 -0.986326 -0.0327879 10.1448 0.986519 -0.162249 0.0213295 -4.62639 -0.0263577 -0.028901 0.999235 5.222
-0.139756 -0.989284 -0.0422519 10.1752 0.990039 -0.140342 0.0112321 -4.60182 -0.0170415 -0.0402613 0.999044 5.21412
-0.13509 -0.989273 -0.0555855 10.2105 0.990765 -0.135528 0.00416095 -4.58369 -0.0116497 -0.0545101 0.998445 5.24294
-0.139991 -0.988143 -0.0630543 10.2343 0.990147 -0.139932 -0.00536899 -4.54906 -0.00351801 -0.0631846 0.997996 5.26014
-0.147858 -0.98733 -0.0575972 10.282 0.989004 -0.147775 -0.0057225 -4.50941 -0.00286141 -0.05781 0.998324 5.28756
-0.157681 -0.98694 -0.0329698 10.3193 0.987281 -0.158247 0.0153263 -4.4664 -0.0203435 -0.0301338 0.999339 5.36289
-0.181168 -0.983047 -0.0282366 10.3566 0.983204 -0.181692 0.0172384 -4.43819 -0.0220765 -0.0246393 0.999453 5.37647
-0.212951 -0.976692 -0.0269064 10.3751 0.976969 -0.213232 0.00802464 -4.41032 -0.0135749 -0.0245778 0.999606 5.39385
-0.232853 -0.971962 -0.0327131 10.4234 0.972482 -0.232977 -1.38624e-05 -4.37546 -0.00760794 -0.0318161 0.999465 5.37781
-0.255894 -0.965952 -0.0381491 10.4626 0.966674 -0.256003 -0.00207406 -4.3348 -0.00776286 -0.0374085 0.99927 5.36913
-0.285205 -0.956868 -0.0553309 10.4993 0.95825 -0.285891 0.0047529 -4.29056 -0.0203665 -0.0516653 0.998457 5.36382
-0.323143 -0.943828 -0.0690454 10.5512 0.945834 -0.324516 0.00938164 -4.24579 -0.031261 -0.0622739 0.997569 5.40626
-0.372628 -0.923468 -0.0914059 10.5991 0.927528 -0.373712 -0.00559242 -4.21691 -0.0289951 -0.0868654 0.995798 5.36875
-0.405492 -0.908126 -0.104323 10.6476 0.913466 -0.406809 -0.00930079 -4.16118 -0.0339933 -0.0990672 0.9945 5.39158
-0.436052 -0.894353 -0.0999524 10.6927 0.89919 -0.437479 -0.00833666 -4.11667 -0.0362711 -0.0935114 0.994957 5.39492
-0.462824 -0.881474 -0.0937893 10.7369 0.885267 -0.465077 0.00245766 -4.05188 -0.0457856 -0.0818911 0.995589 5.38308
-0.489922 -0.868015 -0.0807873 10.7865 0.870508 -0.492086 0.00814053 -3.99838 -0.0468204 -0.0663378 0.996698 5.3658
-0.511571 -0.856281 -0.0712657 10.8249 0.858004 -0.513523 0.0110874 -3.93076 -0.0460905 -0.0554743 0.997396 5.36119
-0.52932 -0.845392 -0.0716491 10.843 0.847303 -0.53107 0.00652703 -3.8533 -0.0435685 -0.0572536 0.997409 5.35331
-0.542031 -0.836669 -0.0786641 10.8728 0.839504 -0.543322 -0.00579738 -3.80931 -0.0378894 -0.0691812 0.996884 5.3563
-0.556071 -0.826675 -0.085985 10.8865 0.830181 -0.557408 -0.00981185 -3.7251 -0.0398175 -0.0768392 0.996248 5.35858
-0.583399 -0.808377 -0.0785577 10.9131 0.810882 -0.585209 2.59346e-05 -3.66578 -0.0459937 -0.0636859 0.99691 5.38027
-0.621877 -0.780432 -0.0647635 10.9389 0.781382 -0.623874 0.0149494 -3.59258 -0.0520713 -0.0413083 0.997789 5.36388
-0.6633 -0.746481 -0.052905 10.9563 0.745886 -0.665195 0.0342052 -3.51961 -0.0607257 -0.0167728 0.998014 5.35006
-0.682002 -0.728776 -0.0613096 10.9669 0.727068 -0.684681 0.0508363 -3.44606 -0.0790258 -0.00990571 0.996823 5.32936
-0.712769 -0.697082 -0.0777024 10.9663 0.69502 -0.716846 0.0554857 -3.38402 -0.0943787 -0.0144563 0.995431 5.31599
-0.748402 -0.657698 -0.085602 10.9815 0.656037 -0.753054 0.0502562 -3.32914 -0.0975163 -0.0185463 0.995061 5.31154
-0.778241 -0.620883 -0.094053 10.9765 0.62009 -0.783458 0.041003 -3.25006 -0.0991447 -0.0264112 0.994722 5.32902
-0.797107 -0.596729 -0.0923827 10.9951 0.595598 -0.802162 0.0424098 -3.19715 -0.0994131 -0.0212177 0.99482 5.3225
-0.832711 -0.546409 -0.0896104 10.9956 0.5434 -0.837518 0.0572693 -3.13419 -0.106343 -0.00100549 0.994329 5.32213
-0.851071 -0.51798 -0.085874 10.9868 0.513582 -0.855269 0.0689074 -3.06398 -0.109138 0.0145417 0.99392 5.32094
-0.865637 -0.495255 -0.0734491 10.9834 0.490963 -0.868417 0.0693315 -3.0056 -0.0981212 0.0239551 0.994886 5.31834
-0.885204 -0.461851 -0.0557429 10.9658 0.458625 -0.886479 0.0617857 -2.95166 -0.0779507 0.0291279 0.996532 5.31128
-0.88834 -0.457848 -0.0350429 10.9389 0.455822 -0.88848 0.0531977 -2.88986 -0.0554913 0.0312843 0.997969 5.28887
-0.890534 -0.454405 -0.0215724 10.911 0.453053 -0.890176 0.0482649 -2.82231 -0.041135 0.0332081 0.998602 5.29287
-0.902696 -0.429826 -0.0197236 10.8747 0.428639 -0.902309 0.045914 -2.74671 -0.0375318 0.0329921 0.998751 5.29527
-0.904953 -0.424318 -0.0318432 10.8586 0.422684 -0.905032 0.0474939 -2.67548 -0.0489716 0.0295201 0.998364 5.30652
-0.901375 -0.430028 -0.0509782 10.819 0.426837 -0.90214 0.0628786 -2.63495 -0.073029 0.0349179 0.996718 5.30404
-0.910141 -0.408099 -0.0714092 10.7777 0.403207 -0.912133 0.0737374 -2.57793 -0.0952269 0.0383187 0.994718 5.29061
-0.922709 -0.375906 -0.0854583 10.7355 0.369608 -0.925655 0.0809536 -2.50465 -0.109536 0.0431105 0.993048 5.30145
-0.92678 -0.36327 -0.0954678 10.7071 0.355872 -0.930553 0.0861712 -2.43148 -0.120141 0.0458874 0.991696 5.28628
-0.93828 -0.33108 -0.100079 10.6653 0.324827 -0.942885 0.0738602 -2.41048 -0.118817 0.036793 0.992234 5.26271
-0.949897 -0.295666 -0.101379 10.6563 0.29046 -0.954805 0.0630963 -2.32936 -0.115452 0.0304886 0.992845 5.293
-0.96179 -0.254759 -0.100288 10.6404 0.251368 -0.96683 0.0453173 -2.2592 -0.108507 0.0183764 0.993926 5.31578
-0.970992 -0.218751 -0.0965566 10.5988 0.215589 -0.975573 0.0421735 -2.20657 -0.103424 0.0201336 0.994434 5.34791
-0.975835 -0.198522 -0.0912996 10.5912 0.194036 -0.979411 0.0557238 -2.16064 -0.100482 0.0366618 0.994263 5.38423
-0.978381 -0.185292 -0.091851 10.5814 0.179285 -0.981311 0.069894 -2.10029 -0.103085 0.0519155 0.993317 5.39302
-0.981659 -0.169465 -0.0873347 10.5642 0.163204 -0.983777 0.0744779 -2.05658 -0.0985393 0.0588585 0.993391 5.39247
-0.983054 -0.165039 -0.0797897 10.5291 0.159265 -0.984456 0.074038 -2.02203 -0.0907686 0.0600756 0.994058 5.41034
-0.982374 -0.173585 -0.0693526 10.5281 0.168181 -0.982713 0.0773907 -1.97475 -0.0815876 0.0643629 0.994586 5.4182
-0.984741 -0.164164 -0.0577529 10.5064 0.160616 -0.985098 0.0615135 -1.93747 -0.0669905 0.0512988 0.996434 5.445
-0.985704 -0.162992 -0.042686 10.4968 0.1609 -0.985774 0.0485807 -1.89325 -0.049997 0.041018 0.997907 5.4737
-0.980407 -0.191476 -0.0462597 10.4673 0.189715 -0.981028 0.0398957 -1.86955 -0.0530211 0.0303378 0.998132 5.49656
-0.977098 -0.202671 -0.0648436 10.4457 0.201061 -0.979103 0.0305276 -1.8356 -0.0696756 0.0167909 0.997428 5.51719
-0.978328 -0.194505 -0.0710112 10.4378 0.193019 -0.980815 0.0272874 -1.82105 -0.0749565 0.0129895 0.997102 5.52708
-0.980585 -0.181312 -0.0746879 10.4288 0.180178 -0.983394 0.0217187 -1.78346 -0.0773855 0.00783997 0.99697 5.53916
