1 0 0 0 0 1 0 0 -0 0 1 0
0.999945 0.0102686 -0.00223811 0.0476534 -0.0102517 0.99992 0.00743717 -0.0237109 0.0023143 -0.00741381 0.99997 0.0240767
0.999953 0.00961751 -0.000993121 0.0795111 -0.00959729 0.99978 0.0186754 -0.0592684 0.00117251 -0.018665 0.999825 0.0245336
0.9993 0.0370528 0.00514862 0.127459 -0.0372111 0.99869 0.0351152 -0.0841659 -0.00384077 -0.0352822 0.99937 0.0231168
0.998064 0.0580899 0.0222129 0.166054 -0.0588949 0.99756 0.0374883 -0.109927 -0.019981 -0.0387239 0.99905 0.035442
0.998135 0.0451968 0.0410305 0.194012 -0.0465955 0.998342 0.0337961 -0.131199 -0.039435 -0.0356449 0.998586 0.0436212
0.998899 0.0165141 0.0439147 0.223132 -0.0183678 0.998942 0.0421487 -0.174336 -0.0431722 -0.0429089 0.998146 0.0172645
0.998376 -0.00301994 0.0568907 0.260356 0.000444062 0.998976 0.045236 -0.196891 -0.0569691 -0.0451373 0.997355 0.0349451
0.997711 -0.0345445 0.0581281 0.286787 0.0311691 0.99783 0.0580046 -0.22388 -0.0600056 -0.0560601 0.996623 0.0176369
0.995562 -0.0752327 0.0565405 0.325024 0.0710614 0.994835 0.0724814 -0.258815 -0.0617014 -0.0681418 0.995766 0.0376081
0.993394 -0.106884 0.0417732 0.332934 0.103285 0.99139 0.0804825 -0.280859 -0.0500158 -0.0756362 0.99588 0.0420522
0.98962 -0.139204 0.0357057 0.35082 0.135511 0.98662 0.0906548 -0.305832 -0.0478475 -0.0848753 0.995242 0.0609846
0.988087 -0.151718 0.0257952 0.359427 0.148213 0.983267 0.105917 -0.338313 -0.0414332 -0.100832 0.99404 0.0645416
0.986918 -0.15921 0.0254071 0.383927 0.155127 0.980658 0.119356 -0.355848 -0.0439184 -0.113854 0.992526 0.0716584
0.985655 -0.165991 0.0305121 0.409062 0.16018 0.97701 0.140691 -0.364441 -0.0531641 -0.133786 0.989583 0.0659451
0.989488 -0.142136 0.0266628 0.439372 0.136584 0.979101 0.150686 -0.366218 -0.0475235 -0.14546 0.988222 0.0528132
0.991515 -0.128782 0.0177007 0.464206 0.124753 0.980954 0.148881 -0.389604 -0.0365368 -0.145409 0.988697 0.05947
0.992405 -0.122755 0.00790255 0.509637 0.120534 0.98325 0.136716 -0.395069 -0.0245528 -0.134725 0.990579 0.0629532
0.993545 -0.113412 -0.0024713 0.543711 0.1128 0.985413 0.127422 -0.407661 -0.0120159 -0.126879 0.991845 0.0632615
0.992747 -0.120021 -0.00692143 0.577805 0.119977 0.985443 0.120446 -0.421042 -0.00763531 -0.120403 0.992696 0.0658893
0.994712 -0.101361 -0.0165613 0.607224 0.102614 0.987606 0.118761 -0.432099 0.00431827 -0.119833 0.992785 0.0735704
0.996115 -0.0846298 -0.0243651 0.632999 0.0868547 0.989806 0.112869 -0.446468 0.0145646 -0.114547 0.993311 0.0831698
0.995073 -0.0970189 -0.0204082 0.657341 0.0985805 0.990126 0.0996604 -0.456197 0.0105377 -0.101181 0.994812 0.0793922
0.995693 -0.0918719 -0.0124315 0.695258 0.0926143 0.991757 0.0885517 -0.466008 0.00419359 -0.0893216 0.995994 0.0686673
0.996421 -0.0845009 -0.00220708 0.727095 0.0843095 0.991602 0.0980706 -0.483039 -0.00609851 -0.0979057 0.995177 0.0669559
0.996844 -0.0789666 0.00814822 0.768437 0.0776109 0.990992 0.109138 -0.482128 -0.0166931 -0.108161 0.993993 0.0699858
0.996316 -0.085235 0.00944137 0.782062 0.0835457 0.98957 0.117355 -0.499891 -0.0193456 -0.116134 0.993045 0.065882
0.995147 -0.0977247 0.0114612 0.802908 0.0955068 0.987379 0.126339 -0.513861 -0.023663 -0.124631 0.991921 0.07307
0.994857 -0.100195 0.0148399 0.834354 0.0973729 0.986425 0.132231 -0.529021 -0.0278873 -0.130106 0.991108 0.0740924
0.993304 -0.11477 0.0132618 0.864958 0.111974 0.984612 0.134168 -0.571206 -0.0284561 -0.131785 0.99087 0.0679827
0.986726 -0.162384 0.00184 0.893197 0.160657 0.977758 0.134832 -0.605445 -0.0236936 -0.132747 0.990867 0.0791179
0.981625 -0.190768 -0.00444686 0.910035 0.189502 0.971848 0.140003 -0.639956 -0.0223864 -0.138273 0.990141 0.0894679
0.982302 -0.187158 -0.00740662 0.932543 0.18632 0.972329 0.140932 -0.665073 -0.0191748 -0.139818 0.989992 0.0865339
0.979382 -0.201988 -0.00342904 0.959561 0.200673 0.970776 0.131623 -0.7173 -0.0232574 -0.129597 0.991294 0.0856163
0.97747 -0.210886 0.00892114 0.99663 0.208377 0.970851 0.118439 -0.742597 -0.0336383 -0.113912 0.992921 0.082876
0.980127 -0.196501 0.0271669 1.04765 0.192426 0.975073 0.11048 -0.77522 -0.0481992 -0.103057 0.993507 0.0900068
0.980311 -0.193481 0.0394326 1.09121 0.188605 0.976623 0.103126 -0.820646 -0.0584638 -0.0936585 0.993886 0.0886225
0.977834 -0.204283 0.0459167 1.14761 0.199059 0.975007 0.0986736 -0.845459 -0.0649264 -0.0873463 0.99406 0.076497
0.977979 -0.202512 0.0504529 1.19408 0.197373 0.976023 0.0917752 -0.889029 -0.0678289 -0.0797962 0.994501 0.0881175
0.978357 -0.200927 0.0494557 1.30273 0.195896 0.976356 0.0913989 -0.940564 -0.066651 -0.0797326 0.994586 0.101485
0.979576 -0.194546 0.05082 1.33409 0.189835 0.978112 0.0852026 -0.983 -0.0662835 -0.073815 0.995067 0.103202
0.977385 -0.203878 0.0561492 1.37983 0.199647 0.977159 0.0728155 -1.02282 -0.0697122 -0.0599587 0.995764 0.104571
0.975185 -0.213995 0.0567417 1.42032 0.210636 0.975734 0.0597961 -1.06005 -0.0681609 -0.0463605 0.996597 0.104822
0.974353 -0.217405 0.0580588 1.4507 0.214754 0.975457 0.048623 -1.11822 -0.0672047 -0.0349077 0.997128 0.102792
0.975745 -0.210328 0.0606916 1.49883 0.207551 0.976997 0.04898 -1.17331 -0.0695974 -0.0351954 0.996954 0.0954899
0.976625 -0.2074 0.0564671 1.54464 0.204281 0.977288 0.056363 -1.21871 -0.0668743 -0.0435103 0.996812 0.107679
0.976263 -0.211619 0.0461344 1.57365 0.208048 0.97547 0.0719278 -1.28482 -0.060224 -0.0606222 0.996342 0.106459
0.976193 -0.213312 0.0393207 1.61263 0.209767 0.974548 0.0790823 -1.32185 -0.0551891 -0.0689513 0.996092 0.112216
0.975114 -0.217794 0.0414579 1.66045 0.213737 0.973169 0.0851987 -1.38392 -0.0589013 -0.0742174 0.995501 0.123424
0.976324 -0.211012 0.0476008 1.69529 0.206358 0.974549 0.0875876 -1.4274 -0.0648713 -0.075691 0.995019 0.13204
0.979712 -0.195283 0.0450531 1.74417 0.190957 0.977832 0.0859081 -1.48463 -0.0608307 -0.075562 0.995284 0.127127
0.979912 -0.197013 0.0309511 1.77619 0.194025 0.977692 0.080458 -1.52455 -0.0461118 -0.0728365 0.996277 0.126377
0.981228 -0.192074 0.0172883 1.82517 0.19016 0.978567 0.0790292 -1.57312 -0.0320972 -0.0742581 0.996722 0.123078
0.98597 -0.166847 0.00501255 1.87171 0.165783 0.982301 0.0871877 -1.62087 -0.0194708 -0.0851335 0.996179 0.133751
0.988905 -0.148541 -0.00166432 1.92294 0.148091 0.984899 0.0896852 -1.66221 -0.0116828 -0.0889366 0.995969 0.160258
0.989467 -0.144294 -0.0115692 1.9672 0.144754 0.985805 0.0850608 -1.70852 -0.000868738 -0.0858395 0.996309 0.165655
0.98967 -0.142317 -0.0173119 2.00897 0.14323 0.986767 0.0760038 -1.7592 0.00626616 -0.0776983 0.996957 0.170712
0.989969 -0.139602 -0.0217195 2.05383 0.140761 0.987784 0.0668458 -1.80437 0.0121223 -0.0692326 0.997527 0.190619
0.985465 -0.167253 -0.0297655 2.10281 0.16882 0.983709 0.0617751 -1.86794 0.0189485 -0.0659022 0.997646 0.179943
0.983205 -0.179176 -0.0347127 2.14751 0.1811 0.981388 0.0638845 -1.91282 0.0226201 -0.069098 0.997353 0.16868
0.983375 -0.177347 -0.0390027 2.19876 0.179783 0.981079 0.0718444 -1.97861 0.0255233 -0.077662 0.996653 0.156262
0.979847 -0.196917 -0.0335152 2.23742 0.198905 0.977281 0.0732087 -2.02399 0.0183377 -0.0783996 0.996753 0.186276
0.977132 -0.2104 -0.0307268 2.2965 0.212116 0.974586 0.0720389 -2.07494 0.0147889 -0.0769092 0.996928 0.19109
0.975479 -0.218467 -0.0267048 2.34123 0.219823 0.973092 0.06906 -2.13444 0.0108989 -0.0732369 0.997255 0.191783
0.97203 -0.233966 -0.0204143 2.38467 0.234827 0.969576 0.0691331 -2.18557 0.00361838 -0.0719933 0.997399 0.197568
0.972145 -0.233915 -0.0147581 2.44798 0.234371 0.969622 0.0700297 -2.22621 -0.00207124 -0.0715379 0.997436 0.193781
0.975085 -0.221087 -0.0181454 2.50642 0.221806 0.972912 0.0651475 -2.28995 0.00325065 -0.0675492 0.997711 0.190712
0.973723 -0.226373 -0.0248813 2.56589 0.227501 0.971861 0.0610766 -2.33605 0.010355 -0.0651322 0.997823 0.190182
0.975581 -0.218113 -0.025852 2.60867 0.219337 0.973643 0.062535 -2.39474 0.0115309 -0.0666783 0.997708 0.211882
0.983444 -0.179172 -0.0271203 2.67307 0.180597 0.981388 0.0652847 -2.43995 0.0149184 -0.0691017 0.997498 0.21426
0.98641 -0.163503 -0.0161946 2.72819 0.16417 0.984779 0.0570783 -2.4843 0.00661558 -0.0589613 0.998238 0.226249
0.982039 -0.187972 -0.0163253 2.76458 0.188522 0.981072 0.0442418 -2.54859 0.00770008 -0.0465248 0.998887 0.228176
0.980577 -0.195096 -0.0201547 2.81622 0.195734 0.979959 0.0369944 -2.61604 0.0125333 -0.0402209 0.999112 0.231326
0.981588 -0.190622 -0.0121858 2.86496 0.190927 0.981051 0.0329533 -2.67268 0.00567328 -0.0346732 0.999383 0.231528
0.97788 -0.208982 -0.00879436 2.90876 0.209167 0.976935 0.0429886 -2.7465 -0.000392341 -0.0438772 0.999037 0.221854
0.971029 -0.238804 -0.00868836 2.95821 0.238817 0.968527 0.0701554 -2.80073 -0.00833848 -0.0701978 0.997498 0.240829
0.970592 -0.240342 -0.0136843 2.98447 0.240556 0.966142 0.0932826 -2.83636 -0.00919882 -0.0938312 0.995546 0.231138
0.969435 -0.245143 -0.0100582 3.03557 0.244879 0.964226 0.101499 -2.89431 -0.0151835 -0.10086 0.994785 0.25328
0.96112 -0.275779 -0.0139039 3.07197 0.275711 0.955673 0.103312 -2.94455 -0.0152037 -0.103129 0.994552 0.250308
0.957708 -0.287229 -0.0171617 3.12378 0.287489 0.952669 0.0988572 -2.9923 -0.0120453 -0.0996102 0.994954 0.253798
0.961202 -0.274425 -0.0279434 3.16846 0.275844 0.956396 0.0960018 -3.03936 0.00037964 -0.0999851 0.994989 0.240144
0.95747 -0.286142 -0.0370723 3.21945 0.288434 0.952588 0.0968588 -3.09061 0.00759923 -0.103432 0.994607 0.26049
0.960243 -0.274647 -0.0500208 3.26323 0.278519 0.954694 0.104817 -3.12767 0.0189669 -0.114581 0.993233 0.257
0.968631 -0.240718 -0.0617185 3.30615 0.246216 0.963269 0.107198 -3.16561 0.033647 -0.119032 0.99232 0.275068
0.966537 -0.248821 -0.0623978 3.34578 0.254118 0.961958 0.100307 -3.20832 0.0350656 -0.112807 0.992998 0.27958
0.963347 -0.262989 -0.0529091 3.39214 0.266737 0.960044 0.0846615 -3.23603 0.02853 -0.0956712 0.995004 0.282355
0.965242 -0.258436 -0.0389701 3.43317 0.260624 0.962938 0.069467 -3.29125 0.019573 -0.077209 0.996823 0.294628
0.957861 -0.286466 -0.0209755 3.48169 0.287225 0.955828 0.0624137 -3.35067 0.00216957 -0.0658083 0.99783 0.279737
0.955986 -0.293301 -0.00805944 3.52001 0.293175 0.953749 0.0664222 -3.41511 -0.011795 -0.0658616 0.997759 0.283249
0.953398 -0.301675 0.00500123 3.58823 0.300392 0.950633 0.077862 -3.46535 -0.0282434 -0.0727312 0.996952 0.29335
0.946644 -0.322281 0.000105953 3.63036 0.320939 0.942732 0.0908551 -3.51145 -0.0293808 -0.0859735 0.995864 0.304672
0.945433 -0.325804 -0.00288352 3.66795 0.324572 0.941014 0.0956327 -3.56395 -0.028444 -0.0913502 0.995413 0.309443
0.946439 -0.322862 -0.00355521 3.69322 0.321679 0.941908 0.0966037 -3.60743 -0.027841 -0.0925732 0.995317 0.318478
0.951795 -0.306643 0.00753141 3.7549 0.30435 0.947163 0.101255 -3.65727 -0.0381826 -0.0940818 0.994832 0.320536
0.958358 -0.285148 0.0154994 3.80894 0.282247 0.954069 0.100443 -3.69374 -0.0434286 -0.0918858 0.994822 0.327209
0.960879 -0.276366 0.0182788 3.86038 0.273546 0.957275 0.0937914 -3.74104 -0.0434186 -0.0851221 0.995424 0.319307
0.969984 -0.242585 0.0168304 3.91752 0.240584 0.96744 0.0786092 -3.76787 -0.0353518 -0.0722005 0.996763 0.331046
0.970628 -0.240274 0.01226 3.96114 0.238684 0.968097 0.0762706 -3.83744 -0.0301947 -0.0711041 0.997012 0.34036
0.980008 -0.198901 0.00483089 4.01043 0.197909 0.977038 0.078923 -3.8705 -0.0204178 -0.0763891 0.996869 0.354368
0.990181 -0.139732 -0.00393842 4.06209 0.139588 0.986871 0.0812473 -3.92325 -0.00746615 -0.0809993 0.996686 0.368555
0.99132 -0.131466 -0.00134888 4.10691 0.131177 0.988349 0.0771982 -3.96089 -0.00881581 -0.076705 0.997015 0.372089
0.995753 -0.0920685 -0.000497856 4.14207 0.0918382 0.99285 0.0762591 -4.01645 -0.00652676 -0.0759809 0.997088 0.370362
0.997213 -0.0746083 -0.000389225 4.17354 0.0743965 0.993962 0.0806535 -4.0689 -0.00563055 -0.0804577 0.996742 0.367064
0.997703 -0.0677134 -0.00205956 4.21618 0.0676454 0.994134 0.0843928 -4.1239 -0.00366704 -0.0843383 0.99643 0.35631
0.998891 -0.0468875 -0.00418539 4.24411 0.047074 0.994891 0.0893107 -4.18248 -2.35524e-05 -0.0894087 0.995995 0.352254
0.999451 -0.0323214 -0.00724146 4.27421 0.032835 0.995554 0.0882896 -4.2539 0.00435562 -0.0884789 0.996069 0.371424
0.999545 -0.0270413 -0.013349 4.29533 0.02809 0.995908 0.0858911 -4.32323 0.0109718 -0.086227 0.996215 0.379348
0.999888 -0.00433186 -0.0143532 4.32798 0.00552386 0.996444 0.0840785 -4.37902 0.0139379 -0.0841483 0.996356 0.382711
0.998784 0.0483196 -0.00976868 4.34461 -0.0473209 0.995277 0.0847623 -4.45295 0.0138182 -0.084197 0.996353 0.385688
0.994939 0.100262 -0.00662456 4.37853 -0.0993174 0.991282 0.0865795 -4.51643 0.0152475 -0.0854834 0.996223 0.378534
0.988992 0.147419 -0.0127351 4.39884 -0.145678 0.985157 0.0907927 -4.5777 0.0259307 -0.087938 0.995788 0.37734
0.981525 0.189669 -0.0251948 4.4206 -0.186732 0.97828 0.0899942 -4.65856 0.0417167 -0.0836269 0.995624 0.390627
0.974883 0.219299 -0.0388676 4.44584 -0.214917 0.972086 0.0941301 -4.7303 0.0584252 -0.0834125 0.994801 0.399058
0.960435 0.275892 -0.0380599 4.46631 -0.271488 0.957936 0.0930228 -4.78931 0.0621233 -0.0790095 0.994936 0.414052
0.94547 0.323729 -0.0358702 4.486 -0.320136 0.943924 0.0807518 -4.8701 0.0600004 -0.0648651 0.996089 0.418636
0.940727 0.336195 -0.0447842 4.49952 -0.332395 0.940127 0.0753347 -4.94195 0.06743 -0.0559833 0.996152 0.425284
0.932182 0.358338 -0.0512795 4.49566 -0.354516 0.932367 0.0707838 -5.02259 0.0731759 -0.047804 0.996173 0.420594
0.919686 0.389041 -0.0531477 4.51165 -0.384976 0.92004 0.0729387 -5.07566 0.0772742 -0.0466201 0.995919 0.420482
0.911479 0.407632 -0.0551556 4.51271 -0.403028 0.911812 0.0785299 -5.16754 0.0823028 -0.0493491 0.995385 0.419765
0.90228 0.428027 -0.0517986 4.51292 -0.423451 0.902353 0.0803053 -5.23661 0.0811134 -0.0505238 0.995424 0.43677
0.89385 0.445834 -0.0475956 4.50642 -0.441458 0.893667 0.0804596 -5.31037 0.0784062 -0.0509073 0.995621 0.443199
0.878803 0.475101 -0.0445417 4.49911 -0.471438 0.878872 0.0730138 -5.37142 0.0738353 -0.0431661 0.996336 0.44602
0.855725 0.516026 -0.0381152 4.52033 -0.513221 0.855833 0.0644476 -5.44768 0.0658769 -0.0355879 0.997193 0.443909
0.833023 0.551615 -0.042364 4.51682 -0.549044 0.833691 0.0592505 -5.5154 0.0680019 -0.0260973 0.997344 0.436606
0.812469 0.580827 -0.0503367 4.51868 -0.578442 0.813881 0.0547925 -5.59239 0.072793 -0.0154003 0.997228 0.435805
0.791551 0.607389 -0.0672699 4.51678 -0.605009 0.794402 0.0537481 -5.66518 0.0860853 -0.00184544 0.996286 0.437921
0.759063 0.646058 -0.0802026 4.50599 -0.643958 0.763206 0.0532405 -5.73967 0.0956075 0.0112342 0.995356 0.448328
0.709531 0.699204 -0.0876392 4.49006 -0.697739 0.714499 0.0514892 -5.81133 0.0986196 0.0246162 0.994821 0.455509
0.678929 0.729477 -0.083184 4.4766 -0.728386 0.683446 0.0485182 -5.87921 0.0922447 0.0276497 0.995352 0.467459
0.645095 0.759625 -0.0825935 4.45336 -0.758944 0.649525 0.046055 -5.94552 0.0886311 0.032974 0.995519 0.472262
0.591058 0.802827 -0.0782323 4.43625 -0.802681 0.594976 0.0413144 -6.00967 0.0797146 0.0383764 0.996079 0.461963
0.552959 0.830855 -0.062576 4.40221 -0.830905 0.555454 0.0326789 -6.07694 0.0619095 0.0339246 0.997505 0.455362
0.535268 0.843501 -0.0446569 4.3754 -0.843129 0.536741 0.0322793 -6.15479 0.0511968 0.0203735 0.998481 0.45805
0.518019 0.854698 -0.0338813 4.35002 -0.854199 0.518976 0.0317514 -6.20521 0.0447214 0.0124936 0.998921 0.468454
0.48601 0.873547 -0.0266491 4.31015 -0.872979 0.486682 0.032374 -6.27903 0.0412499 0.00753003 0.99912 0.470141
0.463451 0.885869 -0.0211959 4.27256 -0.885551 0.463879 0.0248224 -6.32626 0.0318218 0.0072661 0.999467 0.477326
0.434658 0.900409 -0.0183207 4.24508 -0.900115 0.435 0.0238165 -6.39475 0.0294141 0.00613877 0.999548 0.474456
0.396906 0.91771 -0.0165667 4.22084 -0.917166 0.397243 0.0317069 -6.45102 0.0356787 0.00260981 0.99936 0.471481
0.371704 0.928273 -0.0120886 4.19878 -0.927456 0.371886 0.0390796 -6.51264 0.0407721 -0.0033144 0.999163 0.462754
0.330627 0.943744 -0.00570049 4.17438 -0.942447 0.330479 0.0507658 -6.56853 0.0497938 -0.0114121 0.998694 0.470938
0.272988 0.961981 -0.00839495 4.14975 -0.960548 0.273043 0.0528764 -6.61363 0.0531582 -0.00637088 0.998566 0.478104
0.246587 0.96899 -0.015923 4.11203 -0.967845 0.247072 0.047241 -6.67561 0.0497102 0.00376193 0.998757 0.484109
0.240667 0.970301 -0.0244166 4.07101 -0.969493 0.24152 0.0418617 -6.7199 0.0465155 0.013597 0.998825 0.487646
0.220834 0.974614 -0.036888 4.02841 -0.974114 0.222279 0.0411677 -6.7709 0.048322 0.0268418 0.998471 0.483765
0.222975 0.974166 -0.0358031 3.98648 -0.973789 0.224281 0.037869 -6.81376 0.0449206 0.0264208 0.998641 0.476598
0.215058 0.97635 -0.0221401 3.95552 -0.975805 0.215743 0.0355055 -6.85215 0.0394423 0.0139687 0.999124 0.483613
0.206283 0.978203 -0.0237786 3.91385 -0.977708 0.207029 0.0350196 -6.89708 0.0391792 0.0160246 0.999104 0.476949
0.218333 0.975523 -0.0261968 3.87125 -0.974895 0.219237 0.0389163 -6.93095 0.043707 0.0170424 0.998899 0.482989
0.223816 0.974181 -0.029631 3.84306 -0.973812 0.224771 0.0341852 -6.97018 0.0399628 0.0212039 0.998976 0.47478
0.192713 0.980717 -0.0324981 3.80323 -0.980743 0.193577 0.0259204 -7.02468 0.0317114 0.0268771 0.999136 0.46265
0.170576 0.985009 -0.0257108 3.77341 -0.985135 0.171019 0.0161401 -7.06514 0.0202952 0.0225755 0.999539 0.450055
0.140809 0.98961 -0.029067 3.72411 -0.989631 0.141531 0.0244853 -7.10011 0.0283448 0.0253178 0.999278 0.413936
0.133405 0.990653 -0.0284629 3.68468 -0.99037 0.13433 0.0335089 -7.13634 0.0370191 0.0237185 0.999033 0.383161
0.116946 0.992299 -0.0408274 3.6504 -0.99173 0.118869 0.0483821 -7.16878 0.0528626 0.0348317 0.997994 0.351209
0.137243 0.989377 -0.0479298 3.59175 -0.989296 0.139333 0.0433597 -7.23647 0.0495772 0.0414659 0.997909 0.349276
0.157504 0.985502 -0.0630806 3.57044 -0.986724 0.159617 0.0299618 -7.26453 0.0395962 0.057524 0.997559 0.334427
0.159676 0.984768 -0.068809 3.53125 -0.986709 0.161343 0.0193531 -7.30968 0.0301602 0.0648042 0.997442 0.305234
0.17908 0.982064 -0.0589933 3.47845 -0.983592 0.180045 0.0114123 -7.35404 0.0218291 0.0559816 0.998193 0.26
0.180901 0.981859 -0.0568114 3.45199 -0.98291 0.182493 0.0241744 -7.39043 0.0341036 0.0514674 0.998092 0.218472
0.184602 0.98089 -0.0614563 3.40168 -0.982254 0.186245 0.022118 -7.41502 0.0331412 0.0562826 0.997865 0.176561
0.204635 0.976725 -0.0642797 3.36378 -0.97842 0.206026 0.015742 -7.45232 0.0286189 0.0596712 0.997808 0.155409
0.199416 0.977448 -0.0694852 3.31696 -0.979734 0.200239 0.00501439 -7.49193 0.0188149 0.0670771 0.99757 0.150551
0.199737 0.977069 -0.0737595 3.28104 -0.979634 0.200705 0.0058722 -7.54617 0.0205414 0.0710845 0.997259 0.136585
0.202422 0.976464 -0.0744543 3.23645 -0.978872 0.203991 0.0140341 -7.58825 0.0288918 0.0700404 0.997126 0.105941
0.174882 0.981268 -0.0808081 3.19642 -0.98372 0.177587 0.0275428 -7.63573 0.0413773 0.0746758 0.996349 0.0770877
0.162322 0.982565 -0.0906554 3.1646 -0.985986 0.165099 0.0239723 -7.67457 0.0385215 0.0854936 0.995594 0.0375992
0.190631 0.975499 -0.109822 3.11241 -0.980938 0.19359 0.0168445 -7.71949 0.0376922 0.104517 0.993809 0.0251688
0.206034 0.969532 -0.132503 3.08309 -0.977988 0.208588 0.00554016 -7.76649 0.03301 0.128445 0.991167 0.0225683
0.20182 0.968919 -0.143054 3.03345 -0.979196 0.202752 -0.00819152 -7.80624 0.0210674 0.141731 0.989681 0.0103169
0.217052 0.965756 -0.14214 2.98533 -0.975994 0.217385 -0.0133725 -7.8384 0.0179847 0.141631 0.989756 -0.0285942
0.221208 0.965297 -0.138812 2.94647 -0.975155 0.220661 -0.0195113 -7.88108 0.0117962 0.139679 0.990127 -0.0809466
0.242495 0.961196 -0.131525 2.90838 -0.970058 0.242127 -0.0190302 -7.9131 0.0135541 0.132202 0.99113 -0.111016
0.279462 0.951651 -0.127519 2.8617 -0.96004 0.279025 -0.0216521 -7.94596 0.0149756 0.128474 0.9916 -0.138802
0.266383 0.953808 -0.138892 2.82583 -0.963714 0.266127 -0.0207576 -7.99092 0.0171642 0.139382 0.99009 -0.148351
0.260399 0.954653 -0.144325 2.78171 -0.965009 0.262113 -0.0073446 -8.00946 0.0308181 0.141188 0.989503 -0.163439
0.264252 0.954949 -0.135066 2.75212 -0.963379 0.267967 0.0097712 -8.03923 0.0455241 0.127537 0.990788 -0.18232
0.228274 0.966191 -0.119857 2.73384 -0.972639 0.231774 0.0159311 -8.07758 0.0431722 0.112941 0.992663 -0.223085
0.181199 0.977619 -0.106906 2.70437 -0.982787 0.183984 0.0167058 -8.11216 0.0360008 0.102039 0.994129 -0.255721
0.188881 0.977488 -0.0940322 2.67835 -0.981512 0.190938 0.0132966 -8.15666 0.0309516 0.0897823 0.99548 -0.265309
0.198747 0.976367 -0.0848949 2.65914 -0.979845 0.199733 0.00318859 -8.18285 0.0200695 0.0825502 0.996385 -0.259686
0.181236 0.980014 -0.082017 2.63535 -0.983285 0.182053 0.00253969 -8.21238 0.0174204 0.0801858 0.996628 -0.280349
0.177551 0.981358 -0.0735688 2.60729 -0.983897 0.178575 0.00753368 -8.23084 0.0205308 0.0710465 0.997262 -0.318402
0.194845 0.979165 -0.0571945 2.5752 -0.980397 0.196167 0.0184349 -8.24879 0.0292705 0.0524814 0.998193 -0.353146
0.175224 0.984507 -0.00647207 2.52065 -0.983514 0.175338 0.0442357 -8.29915 0.0446852 -0.0013858 0.999 -0.413641
0.190187 0.981743 0.00314896 2.47983 -0.97986 0.189622 0.0625948 -8.3276 0.0608549 -0.0149903 0.998034 -0.418678
0.184679 0.982799 0.000544648 2.45671 -0.980321 0.184174 0.0710696 -8.35351 0.0697468 -0.013659 0.997471 -0.411761
0.183085 0.983096 -0.00118014 2.42621 -0.980172 0.182633 0.0768708 -8.37531 0.0757869 -0.0129171 0.99704 -0.436357
0.176419 0.9843 0.00545443 2.3922 -0.981351 0.175455 0.0785166 -8.43557 0.0763268 -0.0192045 0.996898 -0.452671
0.170174 0.985296 0.015263 2.35353 -0.982612 0.168503 0.0779738 -8.47444 0.0742555 -0.0282667 0.996839 -0.502617
0.165717 0.98602 0.0173826 2.31569 -0.983602 0.163987 0.0750748 -8.54213 0.0711748 -0.0295387 0.997026 -0.536708
0.174002 0.984703 0.00907279 2.29873 -0.981717 0.172738 0.0799541 -8.573 0.0771639 -0.0228191 0.996757 -0.558241
0.191544 0.981471 -0.0050291 2.2583 -0.978323 0.191336 0.0792091 -8.6108 0.0787037 -0.010252 0.996845 -0.541768
0.201958 0.979057 -0.0257126 2.21884 -0.975002 0.203467 0.0892917 -8.64918 0.0926533 0.00703665 0.995674 -0.537863
0.210593 0.977329 -0.0218616 2.1849 -0.973997 0.211682 0.0807459 -8.68687 0.083543 0.00428863 0.996495 -0.57449
0.200599 0.979589 -0.0128668 2.15915 -0.976904 0.201002 0.0725026 -8.72882 0.073609 -0.00197434 0.997285 -0.628437
0.1748 0.984598 0.00353165 2.12164 -0.982745 0.174249 0.0620464 -8.7763 0.0604753 -0.0143164 0.998067 -0.66693
0.18605 0.982538 -0.00204864 2.07751 -0.980972 0.18587 0.0560962 -8.80327 0.0554975 -0.00842703 0.998423 -0.691882
0.225752 0.974001 -0.0189326 2.02713 -0.97299 0.226395 0.0451123 -8.8421 0.0482256 0.00823709 0.998803 -0.704469
0.22521 0.97393 -0.0272001 1.97835 -0.973573 0.226038 0.0325853 -8.88789 0.0378841 0.0191428 0.999099 -0.712239
0.213533 0.976531 -0.0281253 1.95685 -0.976326 0.214328 0.0291803 -8.93364 0.0345235 0.0212285 0.999178 -0.720296
0.211698 0.976938 -0.0278792 1.93226 -0.976401 0.212656 0.0376646 -8.97369 0.0427247 0.0192478 0.998901 -0.757376
0.189385 0.981878 -0.00700748 1.89844 -0.980947 0.189511 0.042772 -9.03683 0.0433248 -0.00122641 0.99906 -0.795488
0.156777 0.987619 -0.00544287 1.87695 -0.986369 0.156853 0.0497243 -9.07426 0.0499624 -0.00242694 0.998748 -0.835844
0.166004 0.986105 -0.00632994 1.85207 -0.984874 0.166113 0.0492993 -9.1116 0.0496657 -0.00194968 0.998764 -0.839982
0.212121 0.977176 -0.0115142 1.81048 -0.976041 0.212429 0.0471007 -9.14479 0.0484716 0.00124732 0.998824 -0.843954
0.202875 0.979141 -0.0111508 1.79148 -0.977228 0.203176 0.0611984 -9.18922 0.0621875 -0.00151874 0.998063 -0.859341
0.201821 0.979419 0.00261414 1.76382 -0.977133 0.201166 0.0688757 -9.22884 0.0669323 -0.0164549 0.997622 -0.893797
0.216113 0.976273 0.0136333 1.72926 -0.97406 0.214622 0.0717266 -9.26641 0.0670988 -0.0287807 0.997331 -0.931346
0.232956 0.972262 0.0209278 1.70384 -0.969592 0.23055 0.0820853 -9.31018 0.0749835 -0.0394137 0.996406 -0.97775
0.245484 0.969174 0.020946 1.67045 -0.96674 0.243154 0.0793059 -9.34189 0.0717682 -0.0397177 0.99663 -0.993234
0.280904 0.959459 0.0230402 1.61036 -0.957877 0.278786 0.0689263 -9.42011 0.0597087 -0.0414314 0.997356 -1.00689
0.238732 0.970711 0.0269801 1.58234 -0.969712 0.236825 0.0597755 -9.4607 0.0516352 -0.0404332 0.997847 -1.02393
0.226137 0.973602 0.0310139 1.54711 -0.972827 0.224104 0.0581798 -9.50915 0.0496936 -0.0433277 0.997824 -1.06599
0.221314 0.975009 0.0194229 1.51648 -0.973083 0.219476 0.0702831 -9.54001 0.0642638 -0.0344547 0.997338 -1.10727
0.212015 0.977242 -0.00683894 1.45216 -0.974143 0.211891 0.0784019 -9.586 0.0780668 -0.00996028 0.996898 -1.16199
0.24419 0.969174 -0.0327674 1.41785 -0.966512 0.245991 0.0730979 -9.61953 0.0789051 0.0138203 0.996786 -1.16897
0.269531 0.961471 -0.0541006 1.38093 -0.959793 0.272787 0.0662171 -9.65097 0.0784237 0.0340778 0.996338 -1.17455
0.224416 0.972558 -0.0613858 1.32343 -0.972891 0.227214 0.0430997 -9.69282 0.0558646 0.0500494 0.997183 -1.19293
0.216773 0.974741 -0.0537552 1.26603 -0.975264 0.218671 0.0323025 -9.72584 0.0432413 0.0454232 0.998032 -1.22986
0.242663 0.967788 -0.0670982 1.22208 -0.968092 0.246037 0.04757 -9.76705 0.0625463 0.0534138 0.996612 -1.27045
0.215105 0.974826 -0.0586791 1.16561 -0.975483 0.217334 0.0346221 -9.80249 0.0465035 0.049793 0.997676 -1.31241
0.230575 0.970841 -0.0655924 1.11748 -0.972333 0.232475 0.0228781 -9.8328 0.0374596 0.0585025 0.997584 -1.33331
0.272804 0.95971 -0.0673397 1.06786 -0.961982 0.273057 -0.00559937 -9.85717 0.0130138 0.0663071 0.997714 -1.35947
0.246217 0.966046 -0.0783052 1.03304 -0.969191 0.245967 -0.0129768 -9.89916 0.00672423 0.0790879 0.996845 -1.33068
0.227416 0.970571 -0.0792111 0.981823 -0.973796 0.226797 -0.0168521 -9.92771 0.00160867 0.0809679 0.996715 -1.36437
0.244564 0.966872 -0.0731203 0.94514 -0.969565 0.244747 -0.00659234 -9.95295 0.011522 0.0725071 0.997301 -1.39735
0.238605 0.968217 -0.0749867 0.913869 -0.970782 0.239839 0.00777644 -9.99829 0.025514 0.0709402 0.997154 -1.44236
0.222801 0.970798 -0.0889406 0.876037 -0.97443 0.224495 0.00939448 -10.0216 0.0290868 0.0845732 0.995993 -1.467
0.234447 0.968053 -0.0889259 0.828866 -0.971922 0.235302 -0.000882909 -10.0493 0.0200698 0.0866361 0.996038 -1.4757
0.237119 0.966116 -0.101952 0.797903 -0.971226 0.238152 -0.00208666 -10.0826 0.0222641 0.0995129 0.994787 -1.47328
0.233648 0.967006 -0.101531 0.752885 -0.972196 0.23402 -0.00840794 -10.1128 0.0156298 0.100673 0.994797 -1.48139
0.228326 0.968406 -0.100282 0.713299 -0.973386 0.229146 -0.00342144 -10.1464 0.019666 0.0983947 0.994953 -1.50309
0.236847 0.968123 -0.0814914 0.673642 -0.97131 0.237806 0.0021357 -10.1663 0.0214468 0.0786476 0.996672 -1.55381
0.230929 0.971469 -0.054034 0.638477 -0.97267 0.231881 0.0119783 -10.19 0.024166 0.0497911 0.998467 -1.60886
0.245221 0.968744 -0.0374321 0.610803 -0.969183 0.245901 0.0147173 -10.2322 0.0234619 0.0326696 0.999191 -1.62845
0.232598 0.972044 -0.0320659 0.580788 -0.972381 0.233081 0.0121806 -10.2568 0.019314 0.0283471 0.999412 -1.64008
0.227732 0.972957 -0.0386501 0.545667 -0.973697 0.227841 -0.00161639 -10.2917 0.0072334 0.0380016 0.999251 -1.63103
0.261951 0.963791 -0.0498848 0.500016 -0.964901 0.26255 0.00574389 -10.3269 0.0186332 0.0466293 0.998738 -1.64993
0.286266 0.956786 -0.0511099 0.46867 -0.957881 0.287043 0.00841593 -10.3725 0.022723 0.046548 0.998658 -1.67811
0.232005 0.971095 -0.0560993 0.436541 -0.97236 0.233092 0.0135797 -10.4141 0.0262635 0.0513981 0.998333 -1.71558
0.232568 0.969839 -0.0729681 0.397913 -0.972109 0.234134 0.0135824 -10.4753 0.0302571 0.0677741 0.997242 -1.75483
0.302942 0.949266 -0.0843817 0.352722 -0.952167 0.305206 0.0150509 -10.5123 0.0400411 0.0757859 0.99632 -1.77816
0.298138 0.948777 -0.104573 0.331603 -0.953912 0.300072 0.00291359 -10.5473 0.0341438 0.0988848 0.994513 -1.77633
0.282008 0.952611 -0.11403 0.289308 -0.95916 0.28266 -0.0107507 -10.58 0.0219904 0.112404 0.993419 -1.78346
0.296653 0.948774 -0.108739 0.252584 -0.954875 0.29642 -0.0186734 -10.6245 0.0145157 0.109372 0.993895 -1.81928
0.269037 0.957969 -0.0995682 0.216351 -0.963128 0.267381 -0.0298742 -10.6871 -0.00199595 0.103934 0.994582 -1.86281
0.225482 0.96962 -0.0948449 0.184793 -0.974005 0.222182 -0.0441593 -10.7181 -0.0217449 0.102336 0.994512 -1.91753
0.236517 0.967454 -0.0899524 0.138094 -0.971097 0.232315 -0.0547759 -10.7659 -0.0320959 0.100308 0.994439 -1.95316
0.220027 0.971704 -0.0858984 0.107062 -0.974549 0.215087 -0.0631758 -10.7968 -0.0429126 0.0976126 0.994299 -1.9648
0.180689 0.980032 -0.0829994 0.0754364 -0.981637 0.174449 -0.0771751 -10.8474 -0.0611549 0.09542 0.993557 -1.97477
0.150741 0.985105 -0.082738 0.0367872 -0.985892 0.143645 -0.0859226 -10.8982 -0.0727579 0.0945228 0.99286 -1.96558
0.100321 0.991752 -0.0797705 -0.00874908 -0.99201 0.0935374 -0.0846609 -10.9414 -0.0765011 0.0876263 0.993212 -2.00512
0.0748778 0.994934 -0.0670743 -0.0511353 -0.994556 0.0696227 -0.0775293 -10.9965 -0.0724666 0.0725143 0.994731 -2.03733
0.0299818 0.99784 -0.0584495 -0.0872879 -0.997789 0.0264076 -0.0609915 -11.052 -0.0593162 0.0601489 0.996425 -2.06579
0.0136071 0.998659 -0.0499474 -0.135733 -0.998815 0.0112406 -0.0473595 -11.1084 -0.0467346 0.0505326 0.997628 -2.06761
0.00384578 0.998929 -0.0461163 -0.1889 -0.999018 0.00180212 -0.0442753 -11.1508 -0.0441448 0.0462413 0.997954 -2.04993
-0.0528174 0.997179 -0.0533386 -0.248728 -0.99769 -0.0549787 -0.0398991 -11.188 -0.0427191 0.051108 0.997779 -2.05603
-0.0704871 0.996047 -0.0540616 -0.324434 -0.996719 -0.0724891 -0.036009 -11.2157 -0.0397855 0.0513461 0.997888 -2.07532
-0.0790342 0.995607 -0.0502071 -0.394039 -0.996292 -0.080605 -0.0300684 -11.2537 -0.0339832 0.0476445 0.998286 -2.09051
-0.11184 0.992017 -0.0582505 -0.490564 -0.993364 -0.113189 -0.0203884 -11.2901 -0.026819 0.0555837 0.998094 -2.083
-0.136979 0.988324 -0.0667218 -0.573632 -0.990385 -0.137956 -0.0102477 -11.2967 -0.0193327 0.0646766 0.997719 -2.08032
-0.174584 0.981632 -0.0769334 -0.654551 -0.984416 -0.175685 -0.0077236 -11.3082 -0.0210977 0.0743861 0.997006 -2.07902
-0.261731 0.961511 -0.0836259 -0.725686 -0.964434 -0.263872 -0.0154651 -11.3277 -0.0369364 0.0766039 0.996377 -2.06679
-0.327344 0.939747 -0.0985961 -0.825748 -0.943525 -0.330719 -0.0196177 -11.3607 -0.0510433 0.0866062 0.994934 -2.07771
-0.357989 0.928127 -0.102096 -0.883668 -0.932618 -0.360744 -0.00929379 -11.3699 -0.0454562 0.0918891 0.994731 -2.08418
-0.41508 0.904525 -0.097694 -0.964705 -0.909393 -0.415654 0.0153628 -11.375 -0.0267109 0.095219 0.995098 -2.08074
-0.482223 0.870703 -0.0966289 -1.01309 -0.875696 -0.482216 0.0249821 -11.3695 -0.024844 0.0966645 0.995007 -2.06773
-0.541458 0.83471 -0.100407 -1.09848 -0.840178 -0.541548 0.0287383 -11.377 -0.0303874 0.0999208 0.994531 -2.06911
-0.604323 0.788681 -0.11303 -1.16079 -0.794949 -0.606372 0.019213 -11.3774 -0.0533855 0.101464 0.993406 -2.06549
-0.661178 0.740511 -0.120361 -1.21642 -0.746764 -0.665001 0.0108293 -11.3707 -0.0720208 0.0970413 0.992671 -2.06079
-0.703782 0.698724 -0.128357 -1.2689 -0.705381 -0.708766 0.00937052 -11.3645 -0.0844277 0.0971354 0.991684 -2.0762
-0.727442 0.674836 -0.124199 -1.32961 -0.681304 -0.73187 0.0138249 -11.3385 -0.081568 0.0946741 0.992161 -2.09522
-0.732415 0.671193 -0.114314 -1.40843 -0.677164 -0.735568 0.0197445 -11.3173 -0.0708336 0.0918708 0.993248 -2.11955
-0.742921 0.661898 -0.0997951 -1.46947 -0.667419 -0.743867 0.0348305 -11.2981 -0.0511801 0.0924815 0.994398 -2.11992
-0.739886 0.667469 -0.0839879 -1.53665 -0.672214 -0.738433 0.0533425 -11.2594 -0.026415 0.0959252 0.995038 -2.11574
-0.728547 0.681642 -0.067701 -1.59256 -0.684988 -0.725445 0.0672425 -11.2359 -0.00327805 0.0953637 0.995437 -2.10571
-0.742223 0.667353 -0.0612021 -1.64469 -0.670148 -0.738765 0.0716013 -11.2197 0.00256933 0.0941587 0.995554 -2.1144
-0.763665 0.642733 -0.0609178 -1.70588 -0.64561 -0.759988 0.0748653 -11.2062 0.00182151 0.0965012 0.995331 -2.10452
-0.78422 0.617645 -0.0592759 -1.75287 -0.620482 -0.780819 0.0729723 -11.1905 -0.00121277 0.094006 0.995571 -2.09965
-0.827386 0.559542 -0.0484159 -1.8156 -0.561624 -0.824785 0.0656317 -11.1775 -0.00320902 0.0814943 0.996669 -2.09408
-0.865049 0.500106 -0.0398028 -1.87479 -0.50167 -0.862962 0.0602044 -11.1545 -0.00423973 0.0720476 0.997392 -2.08586
-0.907443 0.41927 -0.0275798 -1.9315 -0.420168 -0.905868 0.0534969 -11.1444 -0.002554 0.0601335 0.998187 -2.07179
-0.945556 0.323767 -0.0331506 -1.98727 -0.325184 -0.944032 0.0553058 -11.1275 -0.0133891 0.0630748 0.997919 -2.06504
-0.960137 0.276783 -0.0390966 -2.00538 -0.278865 -0.958079 0.0657179 -11.0931 -0.019268 0.0740009 0.997072 -2.05562
-0.963433 0.266977 -0.022825 -2.04889 -0.267946 -0.960447 0.0758039 -11.0768 -0.00168434 0.0791478 0.996861 -2.07588
-0.973621 0.227528 -0.0171349 -2.09767 -0.22817 -0.970534 0.0774692 -11.0534 0.000996378 0.0793353 0.996847 -2.09184
-0.983813 0.178526 -0.0155381 -2.12656 -0.179196 -0.98074 0.0777055 -11.0047 -0.0013664 0.079232 0.996855 -2.08566
-0.98546 0.168884 -0.0185938 -2.15448 -0.169803 -0.982738 0.0734399 -10.9785 -0.00586997 0.0755294 0.997126 -2.08668
-0.979576 0.201023 -0.00451706 -2.1956 -0.200922 -0.977718 0.0608127 -10.9569 0.00780832 0.0604782 0.998139 -2.09156
-0.982239 0.185374 0.029039 -2.20747 -0.183461 -0.981281 0.0585635 -10.9267 0.0393515 0.0521958 0.997861 -2.08495
-0.984165 0.171571 0.0445193 -2.24458 -0.169046 -0.984051 0.0553791 -10.9004 0.0533107 0.0469764 0.997472 -2.1069
-0.986232 0.153273 0.0620793 -2.26548 -0.149464 -0.986823 0.0619777 -10.8608 0.0707608 0.0518457 0.996145 -2.08828
-0.989108 0.129842 0.0693313 -2.30078 -0.124496 -0.989262 0.0765557 -10.8378 0.078527 0.0670904 0.994652 -2.08939
-0.99311 0.102396 0.0569966 -2.33536 -0.0971556 -0.991357 0.088154 -10.797 0.0655306 0.082009 0.994475 -2.08794
-0.996363 0.078606 0.0328922 -2.36051 -0.075021 -0.992273 0.0988233 -10.7557 0.0404062 0.0959962 0.994561 -2.09354
-0.998048 0.0616286 0.0101268 -2.404 -0.0603891 -0.993622 0.0952271 -10.73 0.0159309 0.0944296 0.995404 -2.10718
-0.999874 0.0156747 -0.00235602 -2.42907 -0.0158305 -0.995015 0.0984561 -10.6828 -0.000801008 0.098481 0.995139 -2.09339
-0.999785 -0.0112743 -0.0174171 -2.47168 0.00949541 -0.995038 0.099039 -10.6745 -0.0184473 0.0988523 0.994931 -2.10783
-0.999754 0.0123933 -0.0184014 -2.4876 -0.0141422 -0.995069 0.098171 -10.6495 -0.017094 0.0984071 0.994999 -2.13937
-0.999699 0.0225078 -0.00978931 -2.53338 -0.0233874 -0.994543 0.101676 -10.6117 -0.00744739 0.101874 0.994769 -2.16941
-0.999764 0.0199551 -0.00863287 -2.53159 -0.0206792 -0.995352 0.0940569 -10.5893 -0.00671583 0.0942132 0.995529 -2.21045
-0.999047 0.0436336 0.000588191 -2.56032 -0.0434054 -0.99503 0.0896147 -10.5504 0.00449548 0.0895038 0.995976 -2.26108
-0.997571 0.0696539 5.35645e-05 -2.57508 -0.0694192 -0.994272 0.0812626 -10.5291 0.00571351 0.0810615 0.996693 -2.27285
-0.99856 0.053354 -0.00558365 -2.60878 -0.0536365 -0.994866 0.0858194 -10.4797 -0.000976171 0.0859953 0.996295 -2.26669
-0.998511 0.0489445 -0.0240691 -2.63895 -0.0507725 -0.99531 0.082345 -10.4513 -0.0199258 0.0834444 0.996313 -2.29106
-0.997806 0.0618936 -0.0235107 -2.66634 -0.0635256 -0.995041 0.0765433 -10.3978 -0.0186565 0.0778689 0.996789 -2.30564
-0.996945 0.0761878 -0.0171961 -2.69267 -0.0772672 -0.994207 0.0747106 -10.3666 -0.0114044 0.075811 0.997057 -2.33596
-0.998227 0.0594352 -0.00305975 -2.73161 -0.0594876 -0.994938 0.0809899 -10.3313 0.00176939 0.0810284 0.99671 -2.37313
-0.997955 0.0617247 -0.0166034 -2.74686 -0.0627673 -0.995422 0.0720818 -10.309 -0.0120781 0.0729766 0.997261 -2.41888
-0.997842 0.0629998 -0.0185137 -2.80087 -0.0642611 -0.994874 0.0780779 -10.2708 -0.0134999 0.0790991 0.996775 -2.44562
-0.996971 0.0734534 -0.0255789 -2.80953 -0.0754621 -0.993144 0.089279 -10.2338 -0.0188457 0.0909388 0.995678 -2.45225
-0.996211 0.0833832 -0.0247057 -2.84001 -0.0854752 -0.99117 0.10137 -10.1925 -0.016035 0.103097 0.994542 -2.45175
-0.995109 0.0954646 -0.0253697 -2.87379 -0.0976242 -0.989637 0.105299 -10.1485 -0.0150544 0.107261 0.994117 -2.47593
-0.994577 0.0994228 -0.0305279 -2.89417 -0.101968 -0.98995 0.0979857 -10.0963 -0.0204791 0.100567 0.994719 -2.51844
-0.994789 0.0998564 -0.0206034 -2.92601 -0.10138 -0.990249 0.0955511 -10.0571 -0.0108611 0.097142 0.995211 -2.56765
-0.992793 0.117935 -0.0212753 -2.95264 -0.119302 -0.989431 0.0824204 -10.0191 -0.0113302 0.0843646 0.996371 -2.59984
-0.991806 0.12739 -0.00965367 -2.97686 -0.127747 -0.988052 0.0862239 -9.97247 0.00144576 0.0867506 0.996229 -2.62497
-0.991024 0.132067 -0.0207131 -3.01236 -0.133422 -0.986807 0.091713 -9.93068 -0.00832754 0.0936534 0.99557 -2.65049
-0.99089 0.13251 -0.0240278 -3.04514 -0.134232 -0.986211 0.0967941 -9.89508 -0.0108702 0.0991376 0.995014 -2.64385
-0.992133 0.122037 -0.0279115 -3.09352 -0.124156 -0.987757 0.0944556 -9.85758 -0.0160427 0.0971779 0.995138 -2.68853
-0.995294 0.0916069 -0.0315898 -3.12486 -0.0942286 -0.991003 0.095045 -9.81708 -0.0225988 0.0975744 0.994972 -2.71416
-0.996241 0.0813709 -0.0297144 -3.16893 -0.0837525 -0.992374 0.0904344 -9.78305 -0.0221291 0.0925831 0.995459 -2.76152
-0.994415 0.0989787 -0.0366303 -3.17989 -0.101519 -0.991957 0.0756006 -9.75237 -0.0288529 0.0788971 0.996465 -2.79177
-0.993644 0.109271 -0.0270367 -3.23731 -0.111047 -0.990867 0.0764977 -9.70229 -0.0184307 0.0790139 0.996703 -2.79969
-0.991982 0.123837 -0.0252057 -3.25643 -0.125334 -0.989594 0.0706704 -9.66662 -0.0161918 0.0732629 0.997181 -2.8402
-0.991248 0.129673 -0.0247657 -3.28358 -0.130973 -0.989494 0.0612153 -9.64579 -0.0165676 0.0639232 0.997817 -2.8474
-0.994074 0.107566 -0.0156853 -3.30184 -0.108371 -0.991941 0.0656398 -9.612 -0.00849828 0.0669507 0.99772 -2.90216
-0.99307 0.117419 -0.00487834 -3.34386 -0.117496 -0.991167 0.0614985 -9.56526 0.00238584 0.0616455 0.998095 -2.93694
-0.991973 0.126447 0.000799431 -3.36025 -0.126074 -0.989495 0.0707396 -9.53073 0.00973587 0.070071 0.997494 -2.97105
-0.991075 0.132879 -0.0106416 -3.39231 -0.133305 -0.987939 0.0787819 -9.49039 -4.47572e-05 0.0794973 0.996835 -2.98958
-0.990724 0.13478 -0.0173194 -3.41143 -0.135774 -0.987044 0.0855012 -9.43078 -0.00557115 0.0870596 0.996188 -2.98603
-0.992974 0.116186 -0.0224429 -3.44608 -0.117679 -0.989476 0.084197 -9.39031 -0.0124242 0.0862465 0.996196 -3.0168
-0.995711 0.0909643 -0.0169053 -3.48049 -0.0920728 -0.992177 0.0843013 -9.35752 -0.00910463 0.0854963 0.996297 -3.05868
-0.997802 0.0658722 -0.00723954 -3.53248 -0.0662326 -0.994898 0.0761038 -9.3284 -0.00218948 0.076416 0.997074 -3.08927
-0.998625 0.0518812 -0.00756592 -3.57268 -0.0522457 -0.996787 0.0607144 -9.27705 -0.00439168 0.0610262 0.998127 -3.12768
-0.997709 0.0673997 0.00575411 -3.5871 -0.0668681 -0.995532 0.0666742 -9.23725 0.0102222 0.0661367 0.997758 -3.16817
-0.994606 0.103478 0.00709675 -3.61068 -0.102611 -0.991637 0.0782738 -9.19627 0.015137 0.0771234 0.996907 -3.16424
-0.996259 0.0862422 0.00557947 -3.63569 -0.0855081 -0.993027 0.0811497 -9.17541 0.0125391 0.080369 0.996686 -3.18528
-0.996077 0.0884899 -0.000941761 -3.66791 -0.0883164 -0.993335 0.0740604 -9.10881 0.00561811 0.073853 0.997253 -3.21637
-0.995101 0.0987407 -0.00487137 -3.68497 -0.0988525 -0.993173 0.0619252 -9.07526 0.00127641 0.0621033 0.998069 -3.2515
-0.995852 0.0909656 0.00205393 -3.70924 -0.0906944 -0.994192 0.0579435 -9.03982 0.00731286 0.0575169 0.998318 -3.3099
-0.9931 0.116753 -0.0110391 -3.75796 -0.11721 -0.991241 0.0608518 -8.97884 -0.00383777 0.0617258 0.998086 -3.34401
-0.991634 0.127657 -0.0191379 -3.78114 -0.12879 -0.988437 0.0800322 -8.94436 -0.00869999 0.0818274 0.996609 -3.35745
-0.993731 0.10849 -0.0270033 -3.81884 -0.110392 -0.990379 0.0834411 -8.91766 -0.0176909 0.0858989 0.996147 -3.35067
-0.995419 0.0905547 -0.0306656 -3.85191 -0.0927253 -0.992561 0.0788988 -8.8637 -0.0232928 0.0813809 0.996411 -3.36635
-0.995888 0.086241 -0.0277405 -3.90126 -0.0878712 -0.99406 0.0642072 -8.83916 -0.0220384 0.0663807 0.997551 -3.41512
-0.998097 0.0596217 -0.0157489 -3.94246 -0.060406 -0.996647 0.0551908 -8.80907 -0.0124055 0.0560371 0.998352 -3.45006
-0.998709 0.0507934 0.000831974 -3.97854 -0.0506375 -0.996686 0.0636654 -8.78112 0.004063 0.063541 0.997971 -3.48376
-0.995657 0.0930901 0.000981176 -4.0103 -0.0928513 -0.993755 0.0618845 -8.7389 0.00673589 0.0615247 0.998083 -3.49944
