1 0 0 0 0 1 0 0 -0 0 1 0
0.999976 -0.00402863 0.0056784 0.0178295 0.00403965 0.99999 -0.00193045 -0.00839591 -0.00567057 0.00195334 0.999982 0.0174789
0.999937 0.00507012 0.010064 0.00527959 -0.00508651 0.999986 0.0016038 -0.014973 -0.0100557 -0.00165488 0.999948 0.0173664
0.999531 0.0205117 0.0227194 0.00614074 -0.0207104 0.999749 0.00854451 -0.01913 -0.0225384 -0.00901104 0.999705 0.0110487
0.999067 0.0227379 0.0367276 0.0212004 -0.0233267 0.999605 0.0156814 -0.0369662 -0.0363565 -0.0165235 0.999202 0.0164601
0.99862 0.0231412 0.047142 0.0191794 -0.0243113 0.999407 0.0244008 -0.053734 -0.0465494 -0.0255132 0.99859 0.0196993
0.997841 0.0306685 0.0580675 0.0145905 -0.0330208 0.998654 0.0399919 -0.0509756 -0.0567628 -0.041823 0.997511 0.0226029
0.997505 0.0323545 0.06274 0.0512136 -0.0359103 0.997762 0.0564018 -0.0620187 -0.0607748 -0.0585142 0.996435 0.0199945
0.996117 0.0549971 0.0687538 0.0463997 -0.0596447 0.995936 0.0674804 -0.0505926 -0.0647632 -0.0713192 0.995349 0.0215346
0.995674 0.0587671 0.0719763 0.0700286 -0.0641927 0.995074 0.0755437 -0.0649925 -0.0671823 -0.0798372 0.994541 0.013004
0.996052 0.0300463 0.0835327 0.0693718 -0.0367914 0.996082 0.0804182 -0.0739499 -0.0807891 -0.083174 0.993255 0.0250531
0.994456 0.0380812 0.0980148 0.0809816 -0.0461445 0.995616 0.0813593 -0.0819522 -0.0944869 -0.0854311 0.991854 0.0177735
0.994293 0.020724 0.104656 0.0741322 -0.0293635 0.996225 0.0816978 -0.085526 -0.102568 -0.0843045 0.991147 0.016569
0.994308 -0.0069652 0.106312 0.0864247 -0.00103479 0.997182 0.0750102 -0.0991346 -0.106535 -0.0746933 0.991499 0.0138147
0.994423 -0.0147872 0.104419 0.0796409 0.00740722 0.997469 0.0707135 -0.102181 -0.1052 -0.0695457 0.992016 0.0113911
0.994007 -0.0279641 0.105682 0.0889937 0.0204369 0.997221 0.0716482 -0.126116 -0.107391 -0.069059 0.991815 0.0168031
0.994164 -0.0330869 0.102684 0.0893735 0.0251856 0.996689 0.0773114 -0.11721 -0.104902 -0.074274 0.991705 0.0136607
0.993989 -0.0321729 0.104649 0.0702791 0.0244242 0.996922 0.0745012 -0.140359 -0.106724 -0.0714973 0.991715 0.00908147
0.993486 -0.037374 0.107652 0.0778887 0.0302363 0.997282 0.0671892 -0.137921 -0.10987 -0.0634965 0.991916 0.00670298
0.992848 -0.0470386 0.109731 0.093099 0.0403991 0.99726 0.0619656 -0.159435 -0.112345 -0.0570893 0.992028 0.00993531
0.991991 -0.0638682 0.108974 0.0955223 0.0576901 0.996593 0.0589369 -0.156699 -0.112367 -0.0521781 0.992296 0.00966185
0.992796 -0.0620533 0.102494 0.103877 0.0562486 0.996696 0.0585881 -0.163289 -0.105791 -0.0524009 0.993007 0.0106036
0.994213 -0.047606 0.0963029 0.113305 0.0416627 0.997155 0.0628121 -0.151424 -0.0990192 -0.0584364 0.993368 0.0124207
0.994406 -0.0422141 0.0968209 0.105046 0.0358324 0.997127 0.0667296 -0.155189 -0.0993597 -0.062887 0.993062 0.0144708
0.994299 -0.0351097 0.100678 0.110593 0.0280154 0.99708 0.0710334 -0.146944 -0.102878 -0.0678079 0.99238 0.0184945
0.995184 -0.0237468 0.0951077 0.120243 0.016947 0.997284 0.0716756 -0.147315 -0.0965515 -0.0697186 0.992883 0.020001
0.995555 -0.0321245 0.0885346 0.126571 0.0261004 0.997318 0.0683792 -0.134029 -0.0904938 -0.0657644 0.993723 0.0164742
0.995756 -0.0420957 0.0818422 0.132825 0.0367364 0.997148 0.0659215 -0.141074 -0.0843838 -0.0626352 0.994463 0.0260766
0.996499 -0.0379605 0.0744945 0.127037 0.0335034 0.997624 0.0601956 -0.133664 -0.0766026 -0.057489 0.995403 0.0246669
0.996636 -0.0449139 0.0685596 0.127373 0.04129 0.99772 0.0533904 -0.143491 -0.0708012 -0.0503799 0.996217 0.0227529
0.996665 -0.0445564 0.0683585 0.128954 0.041567 0.998142 0.044548 -0.138237 -0.0702164 -0.041558 0.996666 0.0235301
0.996651 -0.0455783 0.0678984 0.115972 0.0428864 0.998255 0.0405904 -0.149754 -0.06963 -0.0375426 0.996866 0.0224616
0.996785 -0.0441711 0.066841 0.124509 0.041855 0.998487 0.0356643 -0.145609 -0.0683151 -0.032752 0.997126 0.0295227
0.997553 -0.0327875 0.0617537 0.129217 0.0307268 0.998948 0.0340302 -0.147682 -0.0628045 -0.0320494 0.997511 0.0282444
0.998159 -0.0259194 0.0548258 0.113242 0.0241604 0.999179 0.0325069 -0.140424 -0.0556233 -0.0311225 0.997967 0.0309893
0.998553 -0.0171782 0.0509647 0.115418 0.0155293 0.999349 0.0325751 -0.145182 -0.0514911 -0.0317365 0.998169 0.0295714
0.998681 -0.00798612 0.0507109 0.10743 0.00614984 0.999323 0.036264 -0.143678 -0.0509662 -0.0359043 0.998055 0.0319778
0.998697 0.0014075 0.0510163 0.113748 -0.00340509 0.99923 0.0390901 -0.138336 -0.050922 -0.0392129 0.997933 0.0246709
0.998582 0.00634204 0.0528627 0.100141 -0.00865983 0.999006 0.0437323 -0.133892 -0.0525328 -0.0441281 0.997644 0.0295979
0.998655 -0.00610213 0.0514825 0.108056 0.0029781 0.998161 0.0605413 -0.131162 -0.0517573 -0.0603066 0.996837 0.0259723
0.998798 0.00693506 0.0485294 0.0966705 -0.0102187 0.99765 0.0677447 -0.121769 -0.0479456 -0.0681591 0.996522 0.0257223
0.998744 0.014183 0.0480498 0.0994665 -0.0176743 0.997173 0.0730321 -0.114127 -0.0468782 -0.0737896 0.996171 0.0278943
0.998804 0.00919911 0.04803 0.114382 -0.0130372 0.996692 0.0802196 -0.0977076 -0.0471331 -0.0807498 0.995619 0.0245346
0.998677 0.019114 0.0477346 0.111438 -0.0230498 0.996257 0.0833117 -0.100078 -0.0459635 -0.0843017 0.99538 0.0260869
0.998409 0.0281636 0.0488411 0.0892237 -0.0321875 0.995974 0.0836605 -0.0985597 -0.0462883 -0.0850995 0.995297 0.0354115
0.998257 0.0300781 0.0507777 0.0977306 -0.0344444 0.995575 0.0874259 -0.102058 -0.0479234 -0.0890225 0.994876 0.0273461
0.998041 0.0341751 0.0523955 0.0957595 -0.0386827 0.995406 0.0875812 -0.0996362 -0.0491617 -0.0894364 0.994778 0.0286816
0.997647 0.0445568 0.0521018 0.105174 -0.0491264 0.99473 0.0899929 -0.0919318 -0.0478174 -0.0923408 0.994579 0.0265722
0.997477 0.0478382 0.0524603 0.0926363 -0.052397 0.994627 0.0892789 -0.0928937 -0.0479076 -0.0918024 0.994624 0.0325555
0.996789 0.059952 0.0530763 0.0906427 -0.0645017 0.993975 0.0886235 -0.0989098 -0.0474434 -0.0917625 0.99465 0.0302204
0.99612 0.0684111 0.0553701 0.0878717 -0.0730414 0.993576 0.0864424 -0.0969675 -0.0491008 -0.0901513 0.994717 0.030158
0.995526 0.0755902 0.0566947 0.0942448 -0.0802782 0.993093 0.0855614 -0.0919074 -0.0498355 -0.08973 0.994719 0.0270014
0.995467 0.0768324 0.0560489 0.087456 -0.0812597 0.993353 0.0815298 -0.100591 -0.0494122 -0.0857148 0.995094 0.0269815
0.994988 0.0834648 0.0550703 0.0736754 -0.0875627 0.993198 0.0767518 -0.105196 -0.0482896 -0.0811892 0.995528 0.0309213
0.995244 0.0808351 0.0543652 0.0751287 -0.0845539 0.993958 0.069991 -0.10016 -0.0483789 -0.0742549 0.996065 0.0270372
0.995915 0.0694624 0.0576898 0.06849 -0.0732576 0.995093 0.0665072 -0.118153 -0.052787 -0.0704617 0.996117 0.0263882
0.995785 0.0715332 0.0574071 0.0720937 -0.0753357 0.994901 0.0670591 -0.105921 -0.0523174 -0.0711013 0.996096 0.0254807
0.996189 0.0682839 0.0542743 0.0647866 -0.0719438 0.995046 0.0686142 -0.111319 -0.0493201 -0.0722574 0.996166 0.0207678
0.996721 0.0659925 0.0468306 0.0756691 -0.0691232 0.995238 0.0687205 -0.109881 -0.0420726 -0.0717323 0.996536 0.0240305
0.997907 0.0524544 0.0378187 0.0470002 -0.0549236 0.996205 0.0675147 -0.112708 -0.0341338 -0.0694505 0.997001 0.0236217
0.99859 0.0387977 0.0362364 0.0678123 -0.041301 0.996614 0.0711015 -0.118008 -0.0333551 -0.0724978 0.996811 0.0245803
0.998411 0.0436808 0.0356 0.0598416 -0.0461771 0.996291 0.072611 -0.106182 -0.0322963 -0.0741396 0.996725 0.0230191
0.998149 0.0469921 0.0386094 0.057862 -0.0499129 0.995661 0.0785384 -0.121546 -0.0347512 -0.0803201 0.996163 0.0286592
0.998068 0.0450077 0.0428211 0.0626958 -0.0484003 0.995472 0.0818041 -0.108821 -0.0389454 -0.0837187 0.995728 0.0279078
0.997598 0.0527137 0.0449316 0.0599205 -0.0563814 0.99481 0.084705 -0.117465 -0.0402332 -0.0870349 0.995392 0.0281816
0.997677 0.0496631 0.0466177 0.0751656 -0.0536332 0.99466 0.0881803 -0.121526 -0.0419894 -0.0904757 0.995013 0.0289285
0.997668 0.0495185 0.0469683 0.0703933 -0.0535516 0.9946 0.0889036 -0.116903 -0.0423123 -0.0912115 0.994932 0.0296489
0.997515 0.0520863 0.047446 0.071449 -0.0561712 0.994422 0.0892772 -0.123089 -0.0425312 -0.0917205 0.994876 0.0301294
0.99736 0.0519378 0.0507563 0.0596806 -0.0563512 0.994366 0.0897859 -0.126353 -0.045807 -0.092409 0.994667 0.0271808
0.997676 0.0468901 0.0494411 0.062187 -0.0509603 0.995114 0.0845631 -0.118689 -0.0452344 -0.0868861 0.995191 0.0232322
0.997977 0.0417146 0.0479836 0.0563194 -0.0453765 0.995924 0.0779458 -0.126199 -0.0445366 -0.0799654 0.995802 0.0217921
0.998036 0.0349487 0.05198 0.0638914 -0.0385419 0.996815 0.0698119 -0.129473 -0.0493747 -0.0716782 0.996205 0.0170959
0.997703 0.0337941 0.0587026 0.0704555 -0.0375689 0.997214 0.0644372 -0.133142 -0.0563615 -0.0664946 0.996194 0.0204904
0.997531 0.0336641 0.0616284 0.077893 -0.0374553 0.997408 0.0614328 -0.145647 -0.0594006 -0.0635894 0.996207 0.021108
0.997901 0.0213606 0.0611339 0.0748628 -0.0249407 0.997981 0.0584099 -0.144303 -0.0597628 -0.059812 0.996419 0.0206599
0.998426 0.0203523 0.0522686 0.0652847 -0.0231728 0.998276 0.0539353 -0.155981 -0.0510808 -0.0550616 0.997175 0.0230617
0.998729 0.0237149 0.0444744 0.0733559 -0.0258462 0.998514 0.0479761 -0.15394 -0.0432706 -0.0490646 0.997858 0.0277219
0.998573 0.0292906 0.0446601 0.076096 -0.031085 0.998715 0.0400284 -0.161023 -0.0434302 -0.0413595 0.9982 0.0286237
0.998601 0.0222813 0.0479488 0.0788625 -0.0241825 0.998929 0.0394419 -0.169226 -0.0470186 -0.0405463 0.998071 0.026659
0.99844 -0.00423901 0.0556809 0.0782654 0.00182099 0.999056 0.0434055 -0.162435 -0.0558124 -0.0432364 0.997505 0.0273235
0.998182 0.00202104 0.060238 0.0783797 -0.0050091 0.998762 0.0494946 -0.175208 -0.0600633 -0.0497064 0.996956 0.0307624
0.998276 -0.00511233 0.0584744 0.0849353 0.00194232 0.998531 0.0541407 -0.163635 -0.0586653 -0.0539338 0.99682 0.0290379
0.997991 -0.0235353 0.0588215 0.071915 0.020236 0.998222 0.0560706 -0.163683 -0.0600366 -0.0547676 0.996693 0.0322427
0.998142 -0.0130147 0.0595247 0.0687099 0.00969186 0.998396 0.0557748 -0.170735 -0.0601551 -0.0550943 0.996667 0.0342548
0.997623 -0.0262222 0.063723 0.0831837 0.0228826 0.998354 0.052585 -0.173615 -0.0649971 -0.0510019 0.996581 0.030895
0.996199 -0.0556876 0.0669738 0.0880437 0.0523937 0.997375 0.0499727 -0.170182 -0.0695809 -0.0462738 0.996502 0.0305347
0.99582 -0.0640249 0.0651411 0.0669417 0.0610394 0.997036 0.0468345 -0.169072 -0.0679466 -0.0426626 0.996776 0.0311892
0.99553 -0.0677089 0.0658379 0.0844277 0.0650645 0.997017 0.0415154 -0.174791 -0.0684525 -0.0370461 0.996966 0.0313704
0.995056 -0.0737769 0.0664876 0.0670011 0.0714063 0.996748 0.0373556 -0.178143 -0.0690273 -0.0324233 0.997088 0.0291236
0.994897 -0.0747511 0.0677696 0.0770369 0.072395 0.996705 0.0365821 -0.168525 -0.0702808 -0.0314892 0.99703 0.0245425
0.994508 -0.0814164 0.0657652 0.0764097 0.0792553 0.996246 0.0348319 -0.180191 -0.0683541 -0.0294284 0.997227 0.0236019
0.994893 -0.0759182 0.066514 0.0817211 0.0740286 0.996792 0.0304315 -0.172923 -0.0686109 -0.0253521 0.997321 0.024605
0.994743 -0.07722 0.0672595 0.0694646 0.0753404 0.996705 0.0300514 -0.184474 -0.0693584 -0.024826 0.997283 0.0230467
0.995134 -0.0722874 0.0669613 0.0696383 0.0704787 0.997092 0.0289942 -0.188453 -0.0688624 -0.0241338 0.997334 0.0233224
0.994655 -0.0834396 0.0608173 0.0632528 0.0818082 0.996231 0.0288441 -0.182592 -0.0629948 -0.0237146 0.997732 0.0198071
0.994951 -0.0834594 0.055747 0.0701136 0.0820641 0.996265 0.0268687 -0.180285 -0.0577812 -0.0221582 0.998083 0.020797
0.995783 -0.0778908 0.0484659 0.0579885 0.0768014 0.996759 0.0239502 -0.184422 -0.0501743 -0.020127 0.998538 0.0176152
0.995793 -0.0799304 0.0448022 0.0668648 0.0789697 0.996616 0.0228205 -0.187631 -0.0464746 -0.0191865 0.998735 0.0172356
0.996013 -0.0804153 0.0386135 0.0701301 0.0793751 0.996458 0.0277567 -0.168475 -0.0407088 -0.0245811 0.998869 0.0169269
0.996157 -0.0785436 0.0387644 0.0776622 0.0775185 0.996618 0.0272758 -0.163097 -0.0407756 -0.024166 0.998876 0.013375
0.996161 -0.0789338 0.0378409 0.0807854 0.0780275 0.996641 0.0248606 -0.179681 -0.0396761 -0.0218125 0.998974 0.016563
0.995944 -0.0799984 0.0411809 0.0922452 0.0791747 0.996634 0.02126 -0.175955 -0.042743 -0.0179133 0.998925 0.014945
0.995554 -0.0831398 0.0442802 0.0900996 0.0823754 0.996424 0.01882 -0.172671 -0.0456865 -0.0150888 0.998842 0.0131407
0.994222 -0.0962394 0.0475388 0.0881873 0.0954994 0.995274 0.0176054 -0.16106 -0.0490084 -0.0129637 0.998714 0.0148828
0.993392 -0.102849 0.0509393 0.0914605 0.102107 0.994629 0.0169629 -0.167748 -0.0524103 -0.0116496 0.998558 0.0148855
0.992635 -0.107854 0.0551718 0.0981055 0.107102 0.994112 0.0164321 -0.155651 -0.0566192 -0.0104021 0.998342 0.0153104
0.990448 -0.123506 0.0613134 0.120827 0.122585 0.992284 0.0185845 -0.153323 -0.0631356 -0.0108909 0.997946 0.0147096
0.987122 -0.147077 0.0629128 0.117163 0.14589 0.989032 0.0230799 -0.161883 -0.0656173 -0.0136043 0.997752 0.0157944
0.987299 -0.147515 0.0589959 0.133284 0.14614 0.988895 0.0270045 -0.159537 -0.0623243 -0.0180399 0.997893 0.0133335
0.985763 -0.158076 0.0572934 0.130456 0.156618 0.987229 0.0291403 -0.136066 -0.0611681 -0.0197523 0.997932 0.0130948
0.980168 -0.190492 0.0546153 0.135764 0.188816 0.981409 0.0344083 -0.134566 -0.0601545 -0.0234137 0.997914 0.0147567
0.979429 -0.196405 0.0463073 0.132921 0.194746 0.980117 0.0380032 -0.13324 -0.0528506 -0.0282033 0.998204 0.0102591
0.979831 -0.196138 0.0382161 0.132898 0.194775 0.980163 0.0366406 -0.13163 -0.0446446 -0.0284581 0.998598 0.0134621
0.977972 -0.206306 0.03176 0.135224 0.205176 0.978081 0.0354985 -0.132442 -0.0383874 -0.0282001 0.998865 0.0102105
0.979955 -0.197299 0.0275727 0.140015 0.196269 0.979885 0.0361244 -0.119665 -0.0341453 -0.0299886 0.998967 0.0109209
0.983332 -0.179764 0.0272764 0.128313 0.178818 0.983299 0.0338701 -0.116077 -0.0329095 -0.0284281 0.999054 0.0100573
0.983713 -0.177793 0.026437 0.151858 0.176936 0.983707 0.0318592 -0.0981005 -0.0316706 -0.0266626 0.999143 0.00815507
0.987184 -0.15664 0.0305213 0.17213 0.155789 0.987378 0.0285382 -0.0969942 -0.0346063 -0.0234175 0.999127 0.00439314
0.990148 -0.134697 0.038265 0.182589 0.1337 0.99064 0.0275201 -0.0885841 -0.0416137 -0.022133 0.998889 0.0075658
0.990567 -0.130398 0.0421125 0.17558 0.129408 0.991265 0.0254292 -0.0944119 -0.0450606 -0.0197396 0.998789 0.0027307
0.991163 -0.125686 0.0424172 0.170044 0.124673 0.991864 0.0257394 -0.106394 -0.0453072 -0.0202236 0.998768 0.00765225
0.990905 -0.12552 0.0484887 0.178695 0.124292 0.991863 0.0275681 -0.109857 -0.0515545 -0.0212906 0.998443 0.011664
0.99116 -0.121955 0.0522299 0.19522 0.120538 0.992271 0.0294946 -0.119065 -0.0554232 -0.0229382 0.998199 0.0064876
0.99056 -0.125841 0.0543608 0.204694 0.124459 0.991827 0.028098 -0.130453 -0.0574524 -0.021067 0.998126 0.0046516
0.987938 -0.146357 0.0505742 0.227217 0.145335 0.989107 0.0233456 -0.144811 -0.0534401 -0.0157139 0.998447 0.00625911
0.983932 -0.172424 0.0463428 0.246899 0.171695 0.984961 0.0193223 -0.176202 -0.0489775 -0.011055 0.998739 0.00278774
0.980718 -0.18926 0.0487129 0.246465 0.188773 0.981914 0.0144648 -0.195769 -0.0505695 -0.00499026 0.998708 0.00665348
0.981137 -0.186955 0.0491729 0.250797 0.186471 0.982357 0.014284 -0.23174 -0.0509758 -0.00484526 0.998688 0.0113142
0.978094 -0.199886 0.0581208 0.262295 0.199365 0.979815 0.0146966 -0.259641 -0.0598853 -0.00278741 0.998201 0.0120563
0.975863 -0.209152 0.0628306 0.274269 0.208611 0.977882 0.0151193 -0.27961 -0.0646031 -0.00164714 0.99791 0.00859268
0.972758 -0.220332 0.0720772 0.274916 0.219964 0.97542 0.0130995 -0.301562 -0.0731918 0.00311181 0.997313 0.0143292
0.968833 -0.234957 0.0784741 0.274648 0.23501 0.971954 0.00869192 -0.333697 -0.0783154 0.0100212 0.996878 0.0157097
0.96638 -0.241962 0.0869692 0.309677 0.242671 0.970105 0.00247557 -0.336517 -0.0849683 0.0187126 0.996208 0.00756937
0.964473 -0.246701 0.094504 0.319835 0.248006 0.968756 -0.0021343 -0.356721 -0.0910248 0.025496 0.995522 0.0110879
0.959605 -0.263307 0.0991327 0.33166 0.264729 0.964322 -0.00123429 -0.359824 -0.0952709 0.0274278 0.995073 0.00644588
0.959988 -0.262806 0.0967263 0.327862 0.263738 0.964589 0.00325124 -0.369992 -0.0941555 0.0223892 0.995306 0.00530891
0.969297 -0.22906 0.0894094 0.355829 0.229383 0.973313 0.0067801 -0.368699 -0.0885764 0.0139371 0.995972 0.0064912
0.970264 -0.22783 0.0817422 0.371814 0.227322 0.973695 0.0155951 -0.367023 -0.083145 0.0034505 0.996531 0.00353192
0.96894 -0.235938 0.0740841 0.400874 0.23486 0.971755 0.0230671 -0.365408 -0.077434 -0.00495129 0.996985 0.00755459
0.971854 -0.224116 0.0726074 0.43909 0.222538 0.974485 0.0292494 -0.350395 -0.0773101 -0.0122683 0.996932 0.004518
0.97217 -0.223359 0.0706855 0.458629 0.221378 0.974567 0.0348116 -0.351445 -0.0766632 -0.0181946 0.996891 0.00463536
0.972834 -0.219903 0.0723685 0.488895 0.217866 0.97535 0.0350252 -0.35429 -0.0782867 -0.018307 0.996763 0.00553501
0.975195 -0.208049 0.0755688 0.526577 0.206063 0.977973 0.0332756 -0.354915 -0.0808272 -0.0168783 0.996585 0.0026274
0.975272 -0.207439 0.0762494 0.536591 0.205737 0.978159 0.029631 -0.34741 -0.0807307 -0.0132109 0.996648 0.00463214
0.971447 -0.22544 0.0739382 0.574232 0.224446 0.974247 0.021593 -0.344675 -0.076902 -0.00438137 0.997029 -0.000591444
0.970361 -0.230928 0.0712113 0.574517 0.230736 0.972954 0.0110133 -0.356304 -0.0718286 0.00574412 0.9974 0.000463405
0.973219 -0.218959 0.0700125 0.586865 0.219345 0.975645 0.00222501 -0.352271 -0.0687945 0.0131915 0.997544 -0.00227549
0.971784 -0.225145 0.0703258 0.608575 0.225499 0.974239 0.00296188 -0.344793 -0.069181 0.0129801 0.99752 -0.0126836
0.971845 -0.225852 0.0671391 0.60533 0.22587 0.974129 0.00742534 -0.344281 -0.0670792 0.00794842 0.997716 -0.0047234
0.977729 -0.201226 0.0596118 0.612839 0.201086 0.979538 0.00839711 -0.328001 -0.0600817 0.00377698 0.998186 -0.0102826
0.976658 -0.207913 0.0539487 0.619748 0.207592 0.978147 0.0115417 -0.343006 -0.0551694 -7.29694e-05 0.998477 -0.0067746
0.975904 -0.211994 0.0516722 0.625178 0.211458 0.977261 0.0156857 -0.345355 -0.0538225 -0.00438119 0.998541 -0.00483917
0.983972 -0.169753 0.0546069 0.629846 0.169228 0.985475 0.0141476 -0.340788 -0.0562153 -0.00467982 0.998408 -0.0102736
0.984539 -0.165754 0.0566467 0.622146 0.165253 0.986159 0.013456 -0.340425 -0.058093 -0.0038869 0.998304 -0.0103012
0.98047 -0.188398 0.0564425 0.621105 0.188226 0.98209 0.0083979 -0.362386 -0.0570138 0.00239005 0.998371 -0.011162
0.984711 -0.166389 0.051565 0.63879 0.166487 0.986041 0.00241234 -0.367517 -0.0512466 0.00620947 0.998667 -0.0121352
0.984562 -0.167604 0.0504696 0.618502 0.167786 0.985823 0.000638394 -0.399194 -0.0498611 0.00783953 0.998725 -0.00865382
0.982835 -0.177842 0.0490603 0.630374 0.177671 0.984059 0.00785778 -0.410187 -0.0496756 0.000993691 0.998765 -0.00439609
0.986085 -0.161159 0.040796 0.616443 0.160742 0.986907 0.0133172 -0.430617 -0.042408 -0.00657428 0.999079 -0.00745548
0.986736 -0.156637 0.0426354 0.61721 0.155829 0.987546 0.0216801 -0.444271 -0.0455003 -0.0147487 0.998855 -0.00342947
0.986736 -0.155095 0.0479306 0.606713 0.15359 0.987562 0.0336426 -0.461425 -0.0525522 -0.0258347 0.998284 -0.00368253
0.990242 -0.126788 0.0578368 0.598143 0.124336 0.991255 0.0442043 -0.493076 -0.0629356 -0.0365818 0.997347 -0.000469638
0.990884 -0.118193 0.0646394 0.604801 0.114751 0.991892 0.0546084 -0.509432 -0.0705696 -0.0466932 0.996413 0.00050494
0.989038 -0.12869 0.0724125 0.6028 0.124159 0.990199 0.0639544 -0.522574 -0.0799331 -0.0542626 0.995322 -0.0033761
0.988245 -0.128312 0.0831136 0.603472 0.122742 0.990038 0.0689935 -0.537986 -0.0911383 -0.057981 0.994149 -0.00499568
0.98959 -0.113537 0.0884416 0.594758 0.107519 0.99173 0.0700845 -0.556565 -0.0956674 -0.0598457 0.993613 -0.0103707
0.989023 -0.11434 0.0935924 0.580423 0.108571 0.991989 0.0645822 -0.574256 -0.100227 -0.0537119 0.993514 -0.00956455
0.98895 -0.11404 0.0947266 0.594624 0.108592 0.992224 0.0608238 -0.591372 -0.100926 -0.0498651 0.993643 -0.0138262
0.99006 -0.101125 0.0977458 0.606461 0.095801 0.993725 0.0577224 -0.603729 -0.10297 -0.0477845 0.993536 -0.0152632
0.990157 -0.108916 0.0878945 0.593423 0.104213 0.992952 0.05644 -0.6097 -0.0934223 -0.0467247 0.99453 -0.0161035
0.99097 -0.110377 0.0761261 0.605894 0.106293 0.992769 0.0557775 -0.631885 -0.0817322 -0.0471822 0.995537 -0.0124983
0.995569 -0.066611 0.0663653 0.587613 0.0633983 0.996765 0.0493941 -0.649546 -0.0694408 -0.0449678 0.996572 -0.0169661
0.995641 -0.0651516 0.0667333 0.605379 0.0621165 0.996981 0.0465918 -0.660239 -0.0695673 -0.0422435 0.996682 -0.021811
0.996051 -0.054356 0.0701958 0.622729 0.0515162 0.997803 0.0416531 -0.676584 -0.0723057 -0.0378724 0.996663 -0.0219571
0.996663 -0.0325926 0.0748309 0.648699 0.0298308 0.998842 0.0377337 -0.691753 -0.0759741 -0.0353755 0.996482 -0.0192303
0.99637 -0.0415572 0.0742968 0.664974 0.039405 0.998767 0.0302027 -0.714663 -0.0754603 -0.0271653 0.996779 -0.0216704
0.996194 -0.0510794 0.0706343 0.66295 0.049725 0.998546 0.0208023 -0.73255 -0.0715942 -0.0172108 0.997285 -0.0181101
0.996048 -0.0482064 0.0746016 0.704935 0.0471328 0.998759 0.0160866 -0.739741 -0.0752845 -0.0125068 0.997084 -0.0153179
0.99569 -0.0450645 0.0810643 0.707543 0.0438241 0.998894 0.0170167 -0.755316 -0.0817415 -0.0133907 0.996564 -0.0129028
0.995679 -0.0329408 0.0868225 0.721356 0.031823 0.999392 0.0142274 -0.767981 -0.0872384 -0.0114029 0.996122 -0.00733137
0.995658 -0.0225655 0.0903117 0.75083 0.0220642 0.999735 0.00654573 -0.785464 -0.0904355 -0.00452465 0.995892 -0.0116669
0.995357 -0.0288941 0.0918146 0.762453 0.0295356 0.999548 -0.00563477 -0.799344 -0.0916103 0.0083204 0.99576 -0.0122151
0.994606 -0.0415314 0.0950447 0.793393 0.0437948 0.998802 -0.0218525 -0.808934 -0.0940232 0.0258971 0.995233 -0.013516
0.99477 -0.0315883 0.0971307 0.803389 0.0353889 0.998664 -0.0376582 -0.821673 -0.0958114 0.0408986 0.994559 -0.0182505
0.994033 -0.0389541 0.101886 0.822678 0.0444699 0.997634 -0.0524379 -0.835402 -0.0996024 0.0566559 0.993413 -0.0222901
0.992589 -0.0568768 0.10739 0.828553 0.0634969 0.996221 -0.0592651 -0.851186 -0.103613 0.0656448 0.992449 -0.0288108
0.991626 -0.0590833 0.114832 0.865713 0.0663209 0.995977 -0.0602609 -0.844156 -0.11081 0.0673721 0.991555 -0.0322578
0.991052 -0.0561998 0.121071 0.861756 0.0635857 0.996288 -0.0580276 -0.851691 -0.117361 0.0652067 0.990946 -0.0314515
0.990226 -0.0667144 0.122483 0.890387 0.073727 0.995835 -0.0536383 -0.854875 -0.118394 0.0621443 0.99102 -0.0320615
0.988661 -0.0836913 0.124679 0.899316 0.0902016 0.99479 -0.0475104 -0.855997 -0.120053 0.058218 0.991059 -0.033612
0.987233 -0.0886901 0.132306 0.897569 0.0944392 0.994812 -0.0378176 -0.86406 -0.128266 0.0498297 0.990487 -0.0344716
0.9872 -0.0791727 0.13845 0.901912 0.0843457 0.995926 -0.031895 -0.883509 -0.135361 0.0431644 0.989856 -0.0379399
0.986291 -0.0880062 0.13959 0.912336 0.0927215 0.995309 -0.0276312 -0.885319 -0.136504 0.0401954 0.989824 -0.0414492
0.981814 -0.132811 0.135657 0.937653 0.136727 0.990408 -0.0199295 -0.898915 -0.131708 0.038115 0.990555 -0.0387316
0.97941 -0.153733 0.130855 0.929587 0.156039 0.987723 -0.00749147 -0.923882 -0.128097 0.0277557 0.991373 -0.0328481
0.981064 -0.148427 0.124428 0.91609 0.149143 0.988809 0.00359211 -0.94417 -0.123568 0.0150334 0.992222 -0.0315532
0.98019 -0.161566 0.114564 0.923552 0.161038 0.98685 0.0139109 -0.971107 -0.115305 0.00481386 0.993318 -0.0287839
0.979196 -0.17165 0.108222 0.939877 0.170461 0.985157 0.0202148 -0.994578 -0.110086 -0.00134659 0.993921 -0.0238474
0.979425 -0.167899 0.111971 0.93509 0.166412 0.985798 0.0225605 -1.02816 -0.114169 -0.00346289 0.993455 -0.0282794
0.976373 -0.181718 0.116939 0.945567 0.17987 0.98334 0.0262566 -1.04324 -0.119763 -0.0046023 0.992792 -0.0247845
0.970699 -0.205529 0.124503 0.973549 0.203357 0.978644 0.030045 -1.05831 -0.128019 -0.00384622 0.991764 -0.0266153
0.971856 -0.196577 0.129821 0.984687 0.194201 0.980477 0.0308442 -1.08196 -0.13335 -0.00476474 0.991058 -0.037706
0.971552 -0.19583 0.133177 0.983798 0.193901 0.980637 0.0274363 -1.1064 -0.135971 -0.000832637 0.990712 -0.0420486
0.963065 -0.23424 0.132803 0.994393 0.232505 0.972173 0.0286508 -1.10528 -0.135819 0.00328479 0.990728 -0.0382305
0.95996 -0.248677 0.128981 0.976796 0.246849 0.968582 0.0302311 -1.12949 -0.132447 0.00281822 0.991186 -0.0356755
0.969934 -0.211244 0.120851 0.989845 0.209302 0.97743 0.02869 -1.13608 -0.124184 -0.00253317 0.992256 -0.0331545
0.971903 -0.207998 0.110189 0.996535 0.205736 0.978096 0.0316387 -1.15423 -0.114356 -0.00807992 0.993407 -0.0375763
0.969766 -0.223299 0.0984456 0.987719 0.221232 0.97471 0.0315754 -1.17988 -0.103007 -0.0088414 0.994641 -0.0353961
0.972629 -0.212148 0.0947956 1.01225 0.210111 0.977183 0.0310981 -1.19552 -0.0992301 -0.0103293 0.995011 -0.0418747
0.972913 -0.211458 0.0934072 1.0348 0.209179 0.977298 0.0336665 -1.19348 -0.0984057 -0.0132158 0.995059 -0.0416463
0.965513 -0.243164 0.0930401 1.04681 0.240777 0.969903 0.0362433 -1.21984 -0.099053 -0.0125915 0.995002 -0.0418087
0.96461 -0.248214 0.0889778 1.05167 0.245634 0.968577 0.0390271 -1.24106 -0.0958689 -0.01579 0.995269 -0.0359477
0.969611 -0.228013 0.0886801 1.07823 0.225205 0.973465 0.0406147 -1.24246 -0.0955876 -0.0194093 0.995232 -0.0356713
0.968434 -0.232925 0.0887822 1.10759 0.230347 0.972351 0.0383957 -1.25631 -0.0952708 -0.016733 0.995311 -0.0364179
0.96235 -0.257027 0.0884236 1.12234 0.254518 0.966291 0.038757 -1.25874 -0.0954045 -0.0147924 0.995329 -0.0330875
0.962974 -0.256813 0.0820279 1.14153 0.254715 0.966373 0.0352789 -1.27171 -0.0883296 -0.013079 0.996005 -0.0311069
0.962509 -0.26036 0.0760924 1.14766 0.258986 0.965488 0.0275716 -1.29185 -0.0806448 -0.00683102 0.996719 -0.0261805
0.961242 -0.267284 0.0676193 1.18158 0.266539 0.963617 0.0199809 -1.27876 -0.0704997 -0.00118338 0.997511 -0.031828
0.9681 -0.241204 0.0678476 1.18785 0.241181 0.970442 0.00865703 -1.2914 -0.0679302 0.00798268 0.997658 -0.0303387
0.970323 -0.231357 0.0703392 1.21098 0.231952 0.972727 -0.000302387 -1.3063 -0.0683509 0.0166087 0.997523 -0.0394532
0.964529 -0.253745 0.0727826 1.20966 0.254799 0.966979 -0.00543777 -1.32235 -0.0689994 0.0237899 0.997333 -0.0401848
0.964648 -0.252134 0.0767035 1.22494 0.253589 0.967264 -0.00969143 -1.31854 -0.0717489 0.0288 0.997007 -0.0373189
0.964836 -0.251348 0.0769146 1.24655 0.252987 0.967393 -0.0121955 -1.32214 -0.0713413 0.031225 0.996963 -0.0422474
0.962745 -0.259201 0.0770496 1.24542 0.260575 0.965419 -0.00817275 -1.3359 -0.0722667 0.0279455 0.996994 -0.0430906
0.96338 -0.25661 0.0777778 1.26288 0.25789 0.966151 -0.00670764 -1.33721 -0.0734239 0.0265201 0.996948 -0.0449372
0.962777 -0.258167 0.0800676 1.28001 0.259657 0.965662 -0.00861884 -1.33611 -0.0750932 0.0290882 0.996752 -0.0464217
0.956859 -0.279675 0.0787591 1.27212 0.281396 0.959523 -0.0114466 -1.3506 -0.0723699 0.0331153 0.996828 -0.0464342
0.956037 -0.281678 0.0815547 1.28663 0.283657 0.95883 -0.0135509 -1.3509 -0.0743801 0.0360887 0.996577 -0.0501266
0.95416 -0.286745 0.0857628 1.30509 0.289127 0.957148 -0.0165117 -1.36854 -0.077353 0.0405511 0.996179 -0.0490014
0.946095 -0.312442 0.0853489 1.31403 0.314929 0.948961 -0.0170819 -1.38198 -0.0756557 0.0430399 0.996205 -0.0471409
0.939598 -0.330395 0.0894108 1.33092 0.332943 0.942831 -0.0148255 -1.39249 -0.0794009 0.0436987 0.995884 -0.0535762
0.935026 -0.343364 0.0884731 1.35485 0.345295 0.938468 -0.00705062 -1.39412 -0.0806083 0.0371418 0.996054 -0.0440203
0.926851 -0.365787 0.0845378 1.37718 0.367052 0.9302 0.000622225 -1.40348 -0.0788647 0.0304531 0.99642 -0.0521602
0.918962 -0.38616 0.0799309 1.38738 0.38686 0.922111 0.00717006 -1.41695 -0.0764739 0.024333 0.996775 -0.0487712
0.920576 -0.38109 0.0854982 1.38412 0.381975 0.92415 0.00639512 -1.43879 -0.0814503 0.026771 0.996318 -0.044066
0.921426 -0.376218 0.0971349 1.39387 0.377182 0.926096 0.00894049 -1.45996 -0.0933198 0.0283995 0.995231 -0.0441062
0.918302 -0.379266 0.113486 1.41738 0.380712 0.924645 0.00949825 -1.48777 -0.108537 0.0344833 0.993494 -0.0422354
0.919406 -0.370548 0.131855 1.43865 0.372763 0.927888 0.00839032 -1.49107 -0.125456 0.0414366 0.991234 -0.0463687
0.919527 -0.365737 0.143897 1.45267 0.368211 0.929688 0.0100189 -1.51343 -0.137444 0.0437718 0.989542 -0.0458431
0.917705 -0.366092 0.154252 1.45132 0.368366 0.929566 0.0146191 -1.52773 -0.14874 0.0434054 0.987923 -0.0486683
0.919286 -0.359855 0.159427 1.46622 0.361768 0.932097 0.0178826 -1.54851 -0.155036 0.0412364 0.987048 -0.0486066
0.920098 -0.353182 0.169361 1.45743 0.354971 0.93465 0.0206261 -1.56562 -0.165578 0.0411403 0.985338 -0.0479758
0.91721 -0.360858 0.168844 1.46825 0.362606 0.931695 0.0214611 -1.57157 -0.165055 0.0415395 0.985409 -0.0537575
0.9144 -0.369352 0.165686 1.48243 0.37087 0.928404 0.0228434 -1.57835 -0.16226 0.0405598 0.985914 -0.05871
0.914906 -0.369297 0.162997 1.48667 0.370544 0.928509 0.0238179 -1.58057 -0.16014 0.0386063 0.986339 -0.0575278
0.918432 -0.363907 0.155096 1.49814 0.363712 0.931007 0.0306595 -1.57794 -0.155553 0.0282517 0.987424 -0.0562916
0.921358 -0.362486 0.14037 1.49783 0.36068 0.931873 0.0390095 -1.58539 -0.144947 0.0146869 0.98933 -0.0551938
0.929097 -0.34687 0.128293 1.50119 0.343905 0.937911 0.0453041 -1.57977 -0.136042 0.00202878 0.990701 -0.0513676
0.935556 -0.334419 0.113578 1.52036 0.330571 0.942362 0.0517304 -1.57386 -0.124331 -0.0108512 0.992181 -0.0587374
0.944507 -0.313456 0.0982448 1.53987 0.309648 0.949414 0.052264 -1.57931 -0.109657 -0.0189424 0.993789 -0.0574718
0.954004 -0.287963 0.083385 1.53888 0.284232 0.957241 0.0538631 -1.57698 -0.0953301 -0.027685 0.995061 -0.0482166
0.956362 -0.282291 0.0753902 1.54977 0.279445 0.959051 0.0461722 -1.58673 -0.085337 -0.02309 0.996085 -0.0451469
0.955945 -0.286133 0.0655513 1.56793 0.283649 0.957886 0.0446902 -1.59951 -0.075578 -0.0241278 0.996848 -0.0461265
0.959984 -0.271337 0.0693361 1.59096 0.269012 0.962259 0.0411039 -1.59596 -0.0778724 -0.0208069 0.996746 -0.0409111
0.963095 -0.259156 0.0727076 1.62763 0.256958 0.965665 0.0382678 -1.6028 -0.0801285 -0.0181727 0.996619 -0.0399436
0.961667 -0.26254 0.0791749 1.62582 0.260856 0.964877 0.0310935 -1.59239 -0.0845573 -0.00924836 0.996376 -0.038889
0.961115 -0.263996 0.0810187 1.65741 0.263163 0.964523 0.0209877 -1.5913 -0.083685 0.00114954 0.996492 -0.031951
0.964205 -0.250928 0.0857003 1.67436 0.250878 0.96795 0.0115241 -1.59906 -0.0858454 0.0103887 0.996254 -0.0396742
0.963392 -0.250845 0.0946173 1.71249 0.251223 0.967895 0.00808517 -1.59555 -0.0936078 0.0159809 0.995481 -0.0399571
0.96235 -0.251422 0.103291 1.72132 0.25184 0.967725 0.00919026 -1.59988 -0.102268 0.0171686 0.994609 -0.0471585
0.964923 -0.240921 0.104307 1.73961 0.24118 0.970426 0.010311 -1.59532 -0.103706 0.0152074 0.994492 -0.0472019
0.966902 -0.233798 0.102175 1.76625 0.234247 0.972146 0.00774932 -1.58364 -0.10114 0.0164413 0.994736 -0.0460001
0.967749 -0.231607 0.0990948 1.7864 0.233302 0.972387 -0.0057222 -1.58616 -0.0950332 0.0286567 0.995062 -0.0541087
0.96474 -0.244192 0.0982202 1.7907 0.247135 0.968798 -0.0188252 -1.59886 -0.0905586 0.0424351 0.994987 -0.0547179
0.964242 -0.244777 0.101596 1.78538 0.249151 0.967914 -0.0326677 -1.59382 -0.09034 0.0568123 0.994289 -0.0554668
0.957576 -0.27001 0.10071 1.81102 0.274856 0.960751 -0.0375629 -1.59695 -0.0866147 0.06365 0.994207 -0.0551657
0.954836 -0.278495 0.103582 1.81382 0.283381 0.958346 -0.0356049 -1.60573 -0.0893516 0.06335 0.993983 -0.0540752
