1 0 0 0 0 1 0 0 -0 0 1 0
0.999992 0.00119742 0.00389414 0.104962 -0.00124683 0.999918 0.0127086 -0.0742257 -0.00387861 -0.0127133 0.999912 0.0136493
0.99979 -0.00783027 0.0189629 0.187735 0.00758748 0.999889 0.0128417 -0.160163 -0.0190614 -0.0126952 0.999738 0.00611519
0.998775 -0.0399795 0.0291741 0.220005 0.0398537 0.999194 0.00487992 -0.210883 -0.0293456 -0.00371125 0.999562 -0.00107633
0.999 -0.0378424 0.0238271 0.300572 0.0380201 0.999252 -0.00704722 -0.300309 -0.0235426 0.00794607 0.999691 -0.0434877
0.999697 0.00520785 0.0240724 0.360493 -0.00488431 0.999897 -0.0134797 -0.367329 -0.0241401 0.013358 0.999619 -0.0555725
0.999693 -0.00158662 0.0247136 0.414822 0.0016312 0.999997 -0.00178385 -0.459663 -0.0247107 0.00182361 0.999693 -0.0284584
0.999113 -0.00218841 0.0420453 0.490745 0.00189713 0.999974 0.0069664 -0.579366 -0.0420594 -0.00688045 0.999091 0.0159145
0.99783 0.0335193 0.0566667 0.53092 -0.0335166 0.999438 -0.000998166 -0.599126 -0.0566683 -0.000903273 0.998393 0.000632338
0.998624 0.00480841 0.0522165 0.600595 -0.00453098 0.999975 -0.00543014 -0.706715 -0.0522413 0.00518608 0.998621 -0.0288495
0.998233 -0.0285045 0.0521475 0.698325 0.0283506 0.999591 0.00368782 -0.798613 -0.0522313 -0.00220288 0.998633 -0.0420908
0.997745 -0.00624956 0.0668232 0.740813 0.00534594 0.999892 0.0136929 -0.87851 -0.0669016 -0.0133048 0.997671 -0.0494967
0.996985 -0.0240406 0.0737807 0.790457 0.0217161 0.999247 0.032147 -0.95197 -0.074498 -0.0304478 0.996756 -0.0635367
0.993908 -0.0904762 0.0629313 0.859867 0.0867973 0.994482 0.0589266 -1.02634 -0.0679155 -0.0531054 0.996277 -0.0673474
0.99179 -0.108323 0.067959 0.914667 0.103653 0.992227 0.0688572 -1.12338 -0.0748896 -0.0612477 0.995309 -0.0383589
0.995888 -0.0744284 0.0516422 0.983294 0.0709004 0.995225 0.0670792 -1.20532 -0.0563882 -0.0631419 0.99641 -0.0562496
0.997531 -0.0555482 0.0429791 1.07452 0.0526651 0.99646 0.0655319 -1.27067 -0.0464671 -0.0631066 0.996924 -0.106941
0.995944 -0.0880081 0.0187172 1.1011 0.0867451 0.99442 0.0600379 -1.35402 -0.0238966 -0.0581707 0.998021 -0.111665
0.995513 -0.0940397 0.0105409 1.16505 0.0931602 0.993513 0.0652169 -1.43028 -0.0166055 -0.0639422 0.997815 -0.123542
0.995569 -0.09388 0.0054315 1.24372 0.0933957 0.993863 0.0592777 -1.54158 -0.0109632 -0.0585078 0.998227 -0.0998792
0.995108 -0.097268 0.017297 1.29707 0.0965457 0.99458 0.038586 -1.61073 -0.0209564 -0.0367273 0.999106 -0.0962377
0.992539 -0.119497 0.0242103 1.35711 0.119226 0.99279 0.0123487 -1.68331 -0.0255114 -0.00937008 0.999631 -0.0972785
0.989605 -0.141921 0.0232314 1.4403 0.14206 0.989848 -0.00441919 -1.76758 -0.0223684 0.0076735 0.99972 -0.127066
0.989766 -0.140824 0.0230632 1.50414 0.141061 0.98996 -0.00897181 -1.85475 -0.0215682 0.0121333 0.999694 -0.126953
0.980612 -0.192322 0.0375767 1.56128 0.192146 0.981331 0.00826182 -1.96901 -0.0384641 -0.000881419 0.99926 -0.163907
0.973858 -0.221688 0.04954 1.61089 0.220948 0.97508 0.0200007 -2.0433 -0.0527394 -0.00853203 0.998572 -0.15321
0.974181 -0.219145 0.0542749 1.68864 0.217482 0.975439 0.0349385 -2.07789 -0.0605985 -0.0222327 0.997915 -0.163076
0.970673 -0.228173 0.0756976 1.76227 0.225574 0.973347 0.0413858 -2.1727 -0.0831231 -0.0230967 0.996272 -0.178225
0.964521 -0.248375 0.0894878 1.82448 0.244937 0.968364 0.0477218 -2.24533 -0.0985097 -0.0241098 0.994844 -0.183171
0.964537 -0.245948 0.0958039 1.93423 0.242481 0.969043 0.0464693 -2.30225 -0.104267 -0.0215907 0.994315 -0.202706
0.968083 -0.231785 0.0953503 1.99034 0.228375 0.972514 0.0453993 -2.35818 -0.103252 -0.0221747 0.994408 -0.236768
0.970501 -0.220109 0.0983833 2.04881 0.217155 0.97532 0.0399251 -2.43577 -0.104743 -0.017383 0.994347 -0.223563
0.97152 -0.220141 0.0876719 2.1043 0.217822 0.97535 0.0353141 -2.48291 -0.0932848 -0.0152116 0.995523 -0.214071
0.96954 -0.224168 0.0986912 2.15616 0.222319 0.974528 0.0294946 -2.53555 -0.102789 -0.00665529 0.994681 -0.210214
0.972957 -0.206 0.104491 2.21164 0.204341 0.978542 0.0264613 -2.58931 -0.107699 -0.004394 0.994174 -0.215308
0.968126 -0.229689 0.0998727 2.29695 0.227964 0.973252 0.0285156 -2.64231 -0.103751 -0.00483937 0.994592 -0.243857
0.953315 -0.285927 0.0971361 2.3502 0.283681 0.958224 0.0364891 -2.67306 -0.103511 -0.00722994 0.994602 -0.2769
0.948262 -0.303867 0.0919955 2.43131 0.30038 0.95251 0.0499752 -2.73868 -0.102812 -0.019756 0.994505 -0.288293
0.938671 -0.332105 0.0927574 2.49582 0.327142 0.942749 0.0648259 -2.77102 -0.108976 -0.0305053 0.993576 -0.276909
0.925365 -0.3665 0.0968335 2.56398 0.360757 0.929879 0.0719711 -2.81917 -0.116421 -0.0316662 0.992695 -0.278522
0.921281 -0.37677 0.0963635 2.64734 0.369775 0.925406 0.083009 -2.85523 -0.120451 -0.0408418 0.991879 -0.295368
0.92945 -0.357869 0.0897345 2.70273 0.351227 0.93271 0.0817985 -2.88718 -0.11297 -0.0445104 0.992601 -0.291499
0.928225 -0.364668 0.0735916 2.75666 0.359352 0.930082 0.0762474 -2.94161 -0.0962512 -0.0443294 0.994369 -0.287423
0.936187 -0.34779 0.0509578 2.83764 0.344531 0.936654 0.0630646 -2.97594 -0.0696631 -0.0414838 0.996708 -0.328744
0.949576 -0.309818 0.0481466 2.9034 0.307207 0.950071 0.0546774 -2.99437 -0.0626827 -0.0371293 0.997343 -0.336972
0.9537 -0.297029 0.047233 2.97511 0.294576 0.954182 0.0525551 -3.04518 -0.0606793 -0.036208 0.9975 -0.309238
0.956798 -0.286143 0.0515668 3.02874 0.283445 0.957477 0.0538273 -3.08446 -0.0647763 -0.0368855 0.997218 -0.30866
0.964282 -0.257688 0.0612951 3.11954 0.255064 0.965758 0.0474809 -3.14671 -0.0714314 -0.0301508 0.99699 -0.327724
0.967635 -0.242441 0.0700332 3.16796 0.239557 0.969738 0.0471232 -3.17277 -0.0793384 -0.0288211 0.996431 -0.340662
0.967132 -0.240347 0.0829946 3.21525 0.236577 0.970179 0.0527575 -3.21607 -0.0931997 -0.0313889 0.995153 -0.363043
0.968188 -0.236163 0.0826995 3.28069 0.231697 0.970929 0.0601151 -3.2925 -0.0944923 -0.0390415 0.99476 -0.378392
0.961712 -0.260944 0.08378 3.33317 0.257271 0.964929 0.0521822 -3.35377 -0.0944584 -0.02863 0.995117 -0.359383
0.954849 -0.285588 0.0818727 3.39587 0.283351 0.958263 0.0380066 -3.43072 -0.0893098 -0.0130919 0.995918 -0.361636
0.956877 -0.277147 0.0870426 3.48505 0.275409 0.960807 0.0316216 -3.49114 -0.0923949 -0.00628568 0.995703 -0.363773
0.963889 -0.248341 0.0961531 3.54279 0.246875 0.96867 0.0270534 -3.52866 -0.099859 -0.00233868 0.994999 -0.407394
0.965206 -0.243885 0.0943221 3.60605 0.24225 0.969792 0.0285888 -3.6085 -0.0984453 -0.00474453 0.995131 -0.406359
0.970658 -0.226195 0.081595 3.67066 0.224948 0.974068 0.0242943 -3.64736 -0.0849743 -0.00522682 0.996369 -0.416425
0.972104 -0.220514 0.0799237 3.74264 0.219378 0.975373 0.0228334 -3.72094 -0.0829904 -0.0046629 0.996539 -0.428923
0.976522 -0.197866 0.0851646 3.81983 0.196006 0.980151 0.0297664 -3.75781 -0.0893639 -0.0123748 0.995922 -0.424134
0.980525 -0.174457 0.0901925 3.91059 0.172866 0.984622 0.0252209 -3.82286 -0.0932055 -0.00913846 0.995605 -0.438746
0.976326 -0.197797 0.0875421 3.95126 0.196419 0.980222 0.0241655 -3.86868 -0.0905906 -0.00639844 0.995868 -0.440888
0.975228 -0.201613 0.0910086 3.98569 0.19979 0.979415 0.0288111 -3.90788 -0.0949439 -0.00991486 0.995433 -0.458971
0.981006 -0.173025 0.0876889 4.06168 0.17057 0.98473 0.0348136 -3.96482 -0.0923735 -0.0191953 0.995539 -0.482911
0.975619 -0.204073 0.0807552 4.12116 0.200991 0.978573 0.0447044 -4.04629 -0.0881478 -0.0273835 0.995731 -0.480031
0.96466 -0.252824 0.0742316 4.17464 0.249685 0.967084 0.0490577 -4.1061 -0.0841911 -0.0287895 0.996034 -0.470635
0.966296 -0.24831 0.0679285 4.25626 0.245409 0.968217 0.0482803 -4.18276 -0.0777579 -0.0299828 0.996521 -0.481051
0.967569 -0.242111 0.0720552 4.33498 0.239477 0.969935 0.0433248 -4.22585 -0.0803783 -0.0246642 0.996459 -0.478837
0.967226 -0.24163 0.0780346 4.39134 0.239121 0.970158 0.0401872 -4.27646 -0.0854163 -0.0202104 0.99614 -0.504326
0.973039 -0.217694 0.0761821 4.46194 0.215612 0.975864 0.0346531 -4.3373 -0.0818872 -0.017293 0.996492 -0.525924
0.976241 -0.204468 0.0717354 4.52846 0.202933 0.978788 0.0281439 -4.39801 -0.0759682 -0.0129177 0.997027 -0.528931
0.979439 -0.187716 0.0739059 4.59981 0.186345 0.982164 0.0250897 -4.46055 -0.0772974 -0.0108019 0.99695 -0.544551
0.986013 -0.146366 0.0797243 4.68773 0.144944 0.989164 0.0233816 -4.53637 -0.0822827 -0.0114991 0.996543 -0.550444
0.983653 -0.154903 0.0918294 4.73306 0.154063 0.987928 0.0162155 -4.59038 -0.0932327 -0.00180291 0.995643 -0.546308
0.980695 -0.171004 0.0948408 4.8186 0.171439 0.985188 0.00359847 -4.64155 -0.0940514 0.0127304 0.995486 -0.567056
0.981786 -0.164064 0.0958059 4.87062 0.164273 0.986398 0.00576011 -4.69718 -0.0954478 0.0100831 0.995383 -0.589588
0.980768 -0.169547 0.0966894 4.93953 0.168954 0.985519 0.0143448 -4.77395 -0.0977214 0.00226714 0.995211 -0.605995
0.976953 -0.19225 0.0927533 5.03163 0.190023 0.981246 0.0323529 -4.85161 -0.0972337 -0.013982 0.995163 -0.609361
0.979534 -0.181518 0.0869749 5.05353 0.1784 0.983043 0.0424337 -4.87399 -0.0932025 -0.0260489 0.995306 -0.632951
0.973383 -0.211352 0.0886317 5.1431 0.207971 0.977058 0.0458895 -4.94652 -0.0962971 -0.0262353 0.995007 -0.627683
0.967944 -0.235098 0.0883917 5.22931 0.231572 0.971614 0.0483746 -5.02002 -0.0972555 -0.0263549 0.99491 -0.62791
0.975589 -0.19972 0.0913097 5.30134 0.196245 0.979491 0.0456592 -5.0909 -0.0985561 -0.0266255 0.994775 -0.655758
0.979012 -0.189215 0.0757206 5.36678 0.186272 0.9815 0.0442681 -5.14487 -0.082696 -0.0292344 0.996146 -0.682709
0.976314 -0.206043 0.0660122 5.44936 0.203767 0.978218 0.0396087 -5.22305 -0.0727354 -0.0252194 0.997032 -0.688858
0.981885 -0.179107 0.0618256 5.52296 0.176855 0.983416 0.0401905 -5.2861 -0.0679987 -0.0285282 0.997277 -0.70067
0.986563 -0.146266 0.0727937 5.58205 0.143829 0.988884 0.0376932 -5.346 -0.0774978 -0.0267169 0.996634 -0.688033
0.982532 -0.164592 0.086834 5.66078 0.162953 0.986299 0.0256893 -5.39802 -0.0898726 -0.0110907 0.995892 -0.683495
0.979992 -0.174748 0.0952813 5.72638 0.173704 0.984611 0.0192079 -5.46421 -0.0971715 -0.0022728 0.995265 -0.709424
0.979187 -0.173141 0.105899 5.77413 0.171699 0.984889 0.0226593 -5.52867 -0.108222 -0.00400499 0.994119 -0.729211
0.977875 -0.182127 0.102909 5.83781 0.180083 0.983227 0.0288906 -5.5698 -0.106445 -0.00971924 0.994271 -0.759096
0.973686 -0.202696 0.10416 5.94735 0.199576 0.97908 0.0396541 -5.65073 -0.110019 -0.0178228 0.99377 -0.774414
0.973286 -0.205298 0.102794 6.02047 0.20205 0.978509 0.0411814 -5.72309 -0.109039 -0.0193117 0.99385 -0.762563
0.966854 -0.229826 0.11124 6.03693 0.227242 0.973189 0.0355451 -5.73477 -0.116427 -0.00908854 0.993158 -0.740724
0.966978 -0.228745 0.112384 6.09787 0.226833 0.973481 0.0296896 -5.79134 -0.116195 -0.00321673 0.993221 -0.771463
0.969589 -0.221243 0.104634 6.19075 0.219663 0.975215 0.0265372 -5.88131 -0.107912 -0.00274605 0.994157 -0.777922
0.969864 -0.226514 0.0897547 6.27881 0.22497 0.973989 0.0270925 -5.94437 -0.093557 -0.00608392 0.995595 -0.811554
0.973697 -0.209724 0.0890532 6.33155 0.207123 0.977592 0.0376118 -5.96714 -0.0949457 -0.0181776 0.995316 -0.787564
0.983784 -0.155244 0.0898184 6.42187 0.150922 0.987118 0.0531054 -6.02299 -0.0969057 -0.0386887 0.994541 -0.780506
0.983324 -0.154683 0.0956395 6.46931 0.149262 0.986884 0.0614931 -6.06388 -0.103897 -0.0461923 0.993515 -0.781628
0.98109 -0.167234 0.0974443 6.5825 0.161732 0.98489 0.0619162 -6.13605 -0.106326 -0.0449855 0.993313 -0.788096
0.982924 -0.157307 0.0954747 6.61299 0.152312 0.986654 0.0575698 -6.18516 -0.103257 -0.0420448 0.993766 -0.797002
0.980146 -0.174457 0.0942294 6.69744 0.169224 0.983688 0.0609951 -6.26086 -0.103333 -0.0438382 0.99368 -0.813116
0.976908 -0.189657 0.0983878 6.76272 0.182782 0.980303 0.0748108 -6.31971 -0.110638 -0.0550999 0.992332 -0.838994
0.974569 -0.191624 0.116166 6.84394 0.181562 0.97908 0.0918555 -6.36721 -0.131338 -0.0684281 0.988973 -0.857977
0.969036 -0.209724 0.130323 6.91538 0.197269 0.975006 0.10222 -6.43105 -0.148504 -0.0733461 0.986188 -0.833179
0.961233 -0.238239 0.13883 7.00958 0.22571 0.969035 0.100135 -6.49369 -0.158387 -0.0649174 0.985241 -0.8528
0.958617 -0.246055 0.143211 7.06472 0.234844 0.967783 0.0907965 -6.5175 -0.160938 -0.0534069 0.985518 -0.869973
0.963186 -0.226836 0.144284 7.15212 0.217264 0.972897 0.0791672 -6.60632 -0.158332 -0.044905 0.986364 -0.875881
0.962559 -0.23497 0.135165 7.22149 0.227645 0.9714 0.0675289 -6.64326 -0.147166 -0.034231 0.988519 -0.897646
0.961511 -0.2466 0.121184 7.30968 0.241078 0.96874 0.0585241 -6.67299 -0.131828 -0.0270568 0.990903 -0.924178
0.969254 -0.220294 0.109622 7.41058 0.216171 0.975159 0.0483188 -6.74427 -0.117544 -0.023136 0.992798 -0.926047
0.966766 -0.232208 0.10697 7.43497 0.229793 0.972626 0.0345494 -6.77532 -0.112065 -0.00882013 0.993662 -0.912882
0.968582 -0.229404 0.0960381 7.53307 0.22819 0.973331 0.0235845 -6.85677 -0.0988872 -0.000928551 0.995098 -0.920117
0.973052 -0.207121 0.101346 7.61793 0.206549 0.978302 0.0162239 -6.90968 -0.102507 0.00514628 0.994719 -0.941282
0.972312 -0.209233 0.10407 7.62403 0.208457 0.977858 0.018403 -6.93307 -0.105616 0.00380071 0.9944 -0.96111
0.962298 -0.258066 0.0859337 7.82853 0.256218 0.966087 0.0320709 -7.0691 -0.0912958 -0.00884399 0.995785 -0.962166
0.962551 -0.256594 0.0874962 7.85137 0.254936 0.966498 0.0298114 -7.09451 -0.0922143 -0.006389 0.995719 -0.956215
0.956353 -0.279368 0.0856876 7.95751 0.278167 0.960184 0.0258917 -7.14444 -0.0895091 -0.000926125 0.995986 -0.974922
0.963735 -0.253901 0.0821465 8.01808 0.25238 0.967206 0.028573 -7.20669 -0.0867074 -0.00680467 0.996211 -0.977415
0.972511 -0.221686 0.0712529 8.09136 0.219969 0.975008 0.0312023 -7.26845 -0.0763892 -0.0146711 0.99697 -1.01379
0.9708 -0.234494 0.050591 8.1722 0.23299 0.971888 0.0339009 -7.33201 -0.0571183 -0.0211238 0.998144 -1.02449
0.976417 -0.212425 0.0385425 8.24419 0.211663 0.977074 0.0229177 -7.36646 -0.0425272 -0.0142192 0.998994 -1.03775
0.98071 -0.192238 0.0354011 8.32938 0.192098 0.981348 0.00734611 -7.43098 -0.036153 -0.00040393 0.999346 -1.03466
0.97627 -0.211507 0.0464882 8.36248 0.212173 0.977183 -0.00983029 -7.48671 -0.0433483 0.0194606 0.99887 -1.02809
0.977875 -0.202991 0.0505563 8.42117 0.204579 0.978436 -0.0284592 -7.49103 -0.0436892 0.0381723 0.998316 -1.05027
0.978572 -0.198112 0.05611 8.52224 0.199537 0.979665 -0.0210017 -7.60197 -0.0508083 0.0317477 0.998204 -1.06863
0.979646 -0.194048 0.0513751 8.59341 0.194678 0.980838 -0.00750833 -7.65392 -0.0489337 0.0173571 0.998651 -1.07796
0.979779 -0.1949 0.04525 8.65388 0.194902 0.980813 0.00442295 -7.68357 -0.0452438 0.00448579 0.998966 -1.08907
0.978072 -0.204943 0.0370723 8.73687 0.205163 0.978725 -0.00218346 -7.76131 -0.0358361 0.00974144 0.99931 -1.10803
0.972885 -0.227904 0.0394371 8.79837 0.228587 0.973427 -0.0137052 -7.81426 -0.0352657 0.0223484 0.999128 -1.09914
0.975697 -0.2131 0.0510233 8.86902 0.214201 0.97664 -0.0171107 -7.88442 -0.0461851 0.0276241 0.998551 -1.09519
0.980071 -0.188987 0.0611925 8.97247 0.190575 0.981444 -0.0211808 -7.92803 -0.0560541 0.0324204 0.997901 -1.12911
0.980283 -0.18842 0.0595152 9.06579 0.189929 0.981578 -0.0207522 -7.99715 -0.0545087 0.0316467 0.998012 -1.14216
0.981722 -0.177216 0.0694047 9.09508 0.179388 0.983425 -0.0263659 -8.01553 -0.0635818 0.0383343 0.99724 -1.14924
0.98679 -0.140068 0.081406 9.17199 0.142704 0.989384 -0.0274878 -8.06868 -0.0766916 0.0387416 0.996302 -1.14758
0.983961 -0.152385 0.0927293 9.28092 0.155843 0.987288 -0.0312355 -8.15114 -0.0867907 0.0451858 0.995201 -1.13941
0.976617 -0.186883 0.106277 9.33578 0.192208 0.980447 -0.0421978 -8.1861 -0.0963129 0.0616384 0.993441 -1.14966
0.97898 -0.171287 0.110721 9.39983 0.176889 0.983297 -0.0428552 -8.25536 -0.101531 0.0615397 0.992927 -1.14795
0.980586 -0.160626 0.112476 9.48302 0.165894 0.985368 -0.0391047 -8.32419 -0.104549 0.0570047 0.992885 -1.18612
0.972111 -0.20528 0.113408 9.5566 0.209351 0.977518 -0.0251129 -8.43094 -0.105704 0.0481547 0.993231 -1.20035
0.967019 -0.223965 0.121299 9.59993 0.228179 0.973374 -0.0218626 -8.48144 -0.113172 0.0488194 0.992375 -1.21344
0.970686 -0.207333 0.121577 9.69041 0.211518 0.977116 -0.0224454 -8.53233 -0.114141 0.0475032 0.992328 -1.2125
0.96242 -0.239572 0.127877 9.73713 0.244349 0.969418 -0.0228477 -8.58676 -0.118492 0.0532357 0.991527 -1.21707
0.961656 -0.244313 0.124612 9.83557 0.248976 0.968234 -0.0230952 -8.66769 -0.115011 0.0532352 0.991937 -1.24137
0.970429 -0.20998 0.11906 9.87208 0.213481 0.976794 -0.0173167 -8.71836 -0.112661 0.0422216 0.992736 -1.24066
0.973098 -0.208178 0.0987025 9.97562 0.209733 0.977743 -0.00553461 -8.76922 -0.0953535 0.0260869 0.995102 -1.27358
0.975703 -0.197282 0.0953034 10.034 0.198434 0.980111 -0.00267154 -8.80135 -0.0928808 0.021518 0.995445 -1.26803
0.979418 -0.176979 0.0970459 10.1194 0.177996 0.98403 -0.0018475 -8.8731 -0.095169 0.0190832 0.995278 -1.27297
0.973606 -0.201966 0.106302 10.1901 0.203958 0.978946 -0.00809548 -8.91909 -0.102429 0.029563 0.994301 -1.27086
0.972364 -0.210337 0.101323 10.2811 0.212879 0.976966 -0.014842 -8.98731 -0.0958675 0.0360014 0.994743 -1.27107
0.973278 -0.203636 0.106127 10.3475 0.206775 0.978197 -0.0193535 -9.05033 -0.0998717 0.0407807 0.994164 -1.30964
0.970451 -0.21757 0.10435 10.3969 0.219778 0.975499 -0.0100057 -9.10468 -0.0996161 0.0326438 0.99449 -1.32888
0.961935 -0.252042 0.105619 10.4723 0.252162 0.967605 0.0124307 -9.17906 -0.10533 0.0146756 0.994329 -1.3462
0.961224 -0.257114 0.0997027 10.5566 0.256734 0.966335 0.0168482 -9.21769 -0.100678 0.00940213 0.994875 -1.32512
0.958387 -0.264719 0.106857 10.6255 0.264842 0.9642 0.0132967 -9.27185 -0.106551 0.0155568 0.994185 -1.33769
0.962562 -0.249598 0.105714 10.7078 0.249897 0.968214 0.0106188 -9.33164 -0.105004 0.0161964 0.99434 -1.35414
0.962707 -0.251047 0.100845 10.7675 0.25186 0.967752 0.00479833 -9.36475 -0.0987973 0.0207794 0.994891 -1.37496
0.965139 -0.247168 0.0861073 10.8517 0.247793 0.968807 0.00352363 -9.42374 -0.0842923 0.017936 0.99628 -1.38113
0.969187 -0.231862 0.0831672 10.9541 0.232058 0.972673 0.00744135 -9.51879 -0.0826199 0.0120875 0.996508 -1.38032
0.967271 -0.238192 0.0874732 11.0106 0.23782 0.971197 0.0148054 -9.55675 -0.0884802 0.00648201 0.996057 -1.38203
0.969604 -0.226771 0.0918902 11.0913 0.226871 0.973879 0.00949721 -9.59114 -0.0916436 0.0116387 0.995724 -1.37685
0.967661 -0.237728 0.0843706 11.1569 0.237976 0.971244 0.0072471 -9.64099 -0.0836673 0.0130655 0.996408 -1.40103
0.965504 -0.250002 0.0728114 11.2591 0.249949 0.968207 0.0099904 -9.71158 -0.0729942 0.00855336 0.997296 -1.40756
0.969476 -0.235952 0.0666536 11.2832 0.235045 0.971752 0.0212535 -9.76921 -0.0697856 -0.00493816 0.99755 -1.4233
0.96362 -0.262513 0.0502311 11.4099 0.260629 0.964565 0.0410701 -9.8421 -0.0592326 -0.0264842 0.997893 -1.44385
0.957961 -0.283657 0.0430169 11.4675 0.281059 0.95795 0.057771 -9.9009 -0.0575952 -0.0432521 0.997403 -1.443
0.961385 -0.270701 0.0496065 11.5292 0.267495 0.96151 0.0628147 -9.94312 -0.0647011 -0.0471196 0.996792 -1.4465
0.964069 -0.258821 0.0598636 11.6005 0.255113 0.964851 0.0630941 -9.98911 -0.0740895 -0.0455551 0.996211 -1.45216
0.964045 -0.257226 0.0667283 11.6989 0.253444 0.965477 0.0601676 -10.0853 -0.0799014 -0.0410924 0.995955 -1.46324
0.96895 -0.239767 0.0603974 11.7571 0.236881 0.970188 0.0512212 -10.1599 -0.070878 -0.0353238 0.996859 -1.5058
0.97238 -0.228368 0.0482144 11.851 0.226195 0.972967 0.0466034 -10.2127 -0.0575537 -0.0344103 0.997749 -1.51747
0.975597 -0.214002 0.0491243 11.9185 0.212369 0.976511 0.0364019 -10.2677 -0.0557605 -0.0250811 0.998129 -1.51583
0.975977 -0.209477 0.059904 12.0036 0.208025 0.977676 0.029594 -10.3609 -0.0647659 -0.0164215 0.997765 -1.50025
0.974004 -0.214417 0.0730853 12.0992 0.213813 0.976742 0.0160806 -10.4118 -0.0748335 -3.59256e-05 0.997196 -1.52291
0.971276 -0.223096 0.0827683 12.1907 0.222689 0.974786 0.0142298 -10.4825 -0.0838559 0.0046105 0.996467 -1.53075
0.96805 -0.23618 0.0842501 12.2463 0.235163 0.971708 0.0219368 -10.5519 -0.0870476 -0.00142343 0.996203 -1.56155
0.964138 -0.254972 0.0736718 12.3231 0.252971 0.966823 0.0354726 -10.6007 -0.0802721 -0.0155637 0.996651 -1.59073
0.961766 -0.262446 0.0782788 12.3917 0.260042 0.964783 0.0396525 -10.6614 -0.0859287 -0.0177807 0.996143 -1.5758
0.960277 -0.264796 0.0880408 12.4763 0.263136 0.964287 0.0301742 -10.7315 -0.0928866 -0.00580893 0.99566 -1.58312
0.953343 -0.287516 0.0920429 12.5433 0.286325 0.957775 0.0261808 -10.7788 -0.0956838 0.00139493 0.995411 -1.58053
0.956711 -0.277752 0.0869359 12.6417 0.276624 0.960653 0.0250014 -10.8584 -0.0904594 0.000129507 0.9959 -1.59517
0.966795 -0.243129 0.0787078 12.6983 0.241858 0.969978 0.0254463 -10.8962 -0.0825316 -0.00556528 0.996573 -1.6086
0.970162 -0.232685 0.0681482 12.7726 0.230914 0.972417 0.0329144 -10.9506 -0.0739272 -0.0161959 0.997132 -1.62873
0.977397 -0.200542 0.0669134 12.8332 0.198356 0.979396 0.0379132 -11.0053 -0.073138 -0.0237835 0.997038 -1.627
0.983513 -0.166221 0.0712184 12.9055 0.163317 0.985553 0.0448646 -11.0543 -0.0776469 -0.0324937 0.996451 -1.6288
0.982113 -0.169551 0.0818942 12.9837 0.166285 0.98504 0.0452286 -11.1314 -0.0883376 -0.0308018 0.995614 -1.63384
0.983508 -0.163868 0.0765524 13.0667 0.160888 0.986008 0.0436368 -11.2082 -0.0826319 -0.0306007 0.99611 -1.65159
0.982336 -0.172368 0.0728317 13.121 0.169122 0.984394 0.0486529 -11.2573 -0.0800813 -0.0354761 0.996157 -1.67383
0.980648 -0.185261 0.0633146 13.197 0.181224 0.981324 0.0645086 -11.3405 -0.0740831 -0.0517861 0.995907 -1.6932
0.978649 -0.192745 0.0713841 13.2868 0.188266 0.979967 0.0649717 -11.4002 -0.082477 -0.0501453 0.995331 -1.72206
0.977137 -0.19568 0.0831369 13.3527 0.19089 0.979639 0.0621904 -11.4585 -0.0936136 -0.0448986 0.994596 -1.70263
0.97444 -0.202948 0.0963289 13.4191 0.197691 0.97834 0.0613983 -11.5208 -0.106703 -0.0407856 0.993454 -1.70411
0.976922 -0.188815 0.0998578 13.513 0.183624 0.981229 0.0589187 -11.6131 -0.109108 -0.0392227 0.993256 -1.71538
0.97811 -0.18531 0.0946619 13.5952 0.18131 0.982189 0.049318 -11.654 -0.102115 -0.0310753 0.994287 -1.74029
0.975266 -0.201303 0.0912867 13.6864 0.198914 0.979404 0.034644 -11.6968 -0.0963806 -0.0156289 0.995222 -1.77143
0.975531 -0.198333 0.0948841 13.7716 0.197345 0.980135 0.0197736 -11.7754 -0.0969209 -0.000564786 0.995292 -1.76766
0.969692 -0.224465 0.0965059 13.8557 0.224879 0.974364 0.00670731 -11.8368 -0.0955374 0.0151981 0.99531 -1.79107
0.952996 -0.283666 0.106453 13.9103 0.286005 0.958202 -0.00706798 -11.8774 -0.0999987 0.0371819 0.994293 -1.77954
0.946017 -0.306866 0.104337 13.9987 0.309058 0.951029 -0.00513454 -11.9763 -0.0976516 0.0371034 0.994529 -1.81912
0.940458 -0.326311 0.0951778 14.0717 0.327191 0.944935 0.00665542 -12.0223 -0.0921086 0.0248822 0.995438 -1.82699
0.939532 -0.332314 0.0827504 14.1427 0.331566 0.943151 0.0230268 -12.0738 -0.0856982 0.00580287 0.996304 -1.84553
0.941786 -0.323968 0.0899133 14.207 0.322037 0.946057 0.0356151 -12.1323 -0.0966012 -0.00458639 0.995313 -1.86368
0.928764 -0.358615 0.0937729 14.3103 0.357179 0.933479 0.0322529 -12.2074 -0.0991014 0.0035384 0.995071 -1.86946
0.915657 -0.388437 0.103389 14.3649 0.387328 0.921406 0.03142 -12.2484 -0.107468 0.0112754 0.994145 -1.85905
0.919187 -0.38191 0.0961303 14.4637 0.379992 0.924199 0.0382509 -12.3359 -0.103452 0.00136899 0.994634 -1.87957
0.930715 -0.35716 0.0787876 14.5436 0.355321 0.934023 0.0367185 -12.3726 -0.0867038 -0.00617961 0.996215 -1.91947
0.933311 -0.352181 0.0699882 14.6257 0.350392 0.935881 0.0367864 -12.458 -0.0784561 -0.00980986 0.996869 -1.94204
0.934991 -0.348006 0.0684394 14.7185 0.34605 0.937405 0.0390033 -12.5117 -0.0777288 -0.0127843 0.996893 -1.94087
0.938887 -0.332321 0.089742 14.7983 0.330319 0.943154 0.0367436 -12.5532 -0.0968512 -0.00485461 0.995287 -1.91886
0.935168 -0.33923 0.101906 14.8784 0.337486 0.940701 0.0344219 -12.6269 -0.10754 0.00220172 0.994198 -1.9119
0.924346 -0.366097 0.107509 14.9549 0.36438 0.930558 0.0359132 -12.6854 -0.113191 0.00597802 0.993555 -1.94355
0.916225 -0.382389 0.119629 15.0959 0.377105 0.923889 0.0649696 -12.8156 -0.135367 -0.0144142 0.990691 -1.98789
0.910937 -0.39184 0.129057 15.1932 0.387422 0.920027 0.0587779 -12.8833 -0.141768 -0.0035433 0.989894 -1.99053
0.897267 -0.419364 0.138009 15.263 0.417367 0.907647 0.0445219 -12.9335 -0.143934 0.0176525 0.98943 -1.98717
0.889873 -0.436813 0.13161 15.348 0.434579 0.899418 0.0467836 -13.0244 -0.138808 0.0155634 0.990197 -2.0183
0.893619 -0.436064 0.106265 15.4238 0.433472 0.899909 0.0476082 -13.0696 -0.116389 0.0035191 0.993198 -2.01986
0.896081 -0.436648 0.0798595 15.4899 0.433194 0.899476 0.0573178 -13.105 -0.0968594 -0.0167667 0.995157 -2.03897
0.905465 -0.419573 0.0639692 15.5785 0.415883 0.907193 0.0635732 -13.1712 -0.084706 -0.0309596 0.995925 -2.0524
0.915959 -0.397337 0.0560541 15.6435 0.394078 0.917051 0.0609951 -13.2064 -0.0756401 -0.0337793 0.996563 -2.04691
0.909907 -0.40943 0.0666104 15.7301 0.406616 0.912117 0.0520225 -13.2865 -0.082056 -0.0202507 0.996422 -2.05497
0.904873 -0.420407 0.066798 15.7966 0.417859 0.907186 0.0490707 -13.3484 -0.0812279 -0.0164907 0.996559 -2.06254
0.911552 -0.406306 0.0631471 15.8858 0.403296 0.913396 0.0553147 -13.4107 -0.080153 -0.0249552 0.99647 -2.08012
0.910654 -0.409263 0.0566764 15.942 0.405193 0.911456 0.0711827 -13.4769 -0.0807905 -0.0418579 0.995852 -2.10392
0.904367 -0.423462 0.0529112 16.0348 0.418358 0.904207 0.0859449 -13.5239 -0.0842371 -0.0555899 0.994894 -2.13508
0.892868 -0.446017 0.0620982 16.1175 0.439874 0.893354 0.0918143 -13.5872 -0.0964264 -0.0546626 0.993838 -2.11695
0.888937 -0.451735 0.0756759 16.1982 0.446628 0.89153 0.0754806 -13.6449 -0.101565 -0.0332985 0.994272 -2.09547
0.882881 -0.462859 0.0792628 16.2755 0.459165 0.886262 0.0608877 -13.6895 -0.09843 -0.017362 0.994993 -2.1346
0.87889 -0.47177 0.0706044 16.3544 0.468961 0.881616 0.0531763 -13.772 -0.087333 -0.0136254 0.996086 -2.15994
0.89338 -0.445448 0.0587189 16.4317 0.443231 0.895162 0.0472434 -13.8054 -0.0736074 -0.0161803 0.997156 -2.16247
0.903558 -0.425981 0.046085 16.5241 0.424334 0.904554 0.041507 -13.886 -0.0593676 -0.0179486 0.998075 -2.18087
0.908658 -0.415886 0.0371572 16.5872 0.414643 0.909237 0.0368766 -13.9362 -0.0491211 -0.0181013 0.998629 -2.1728
0.91347 -0.405624 0.032271 16.6859 0.405227 0.914033 0.0183043 -13.9798 -0.0369214 -0.00364339 0.999312 -2.18439
0.913988 -0.404733 0.0285955 16.7768 0.404805 0.914396 0.00346482 -14.0628 -0.02755 0.00840882 0.999585 -2.1986
0.907008 -0.419691 0.0345658 16.8396 0.41974 0.907623 0.00619932 -14.121 -0.0339746 0.00888581 0.999383 -2.22032
0.908175 -0.41739 0.0316701 16.9134 0.416941 0.908714 0.0199814 -14.2027 -0.0371191 -0.00494207 0.999299 -2.25533
0.907261 -0.419753 0.0261769 16.985 0.419283 0.907597 0.0216502 -14.2519 -0.0328459 -0.00866686 0.999423 -2.25004
0.893176 -0.448554 0.0321869 17.0702 0.448559 0.893722 0.00746954 -14.3376 -0.0321166 0.00776609 0.999454 -2.25215
0.880231 -0.472067 0.0484323 17.1275 0.47307 0.880954 -0.0111935 -14.3986 -0.0373826 0.0327647 0.998764 -2.25883
0.882734 -0.467447 0.0476825 17.2276 0.468737 0.883107 -0.0202107 -14.4633 -0.0326613 0.0401912 0.998658 -2.27666
0.884227 -0.465071 0.0430357 17.2987 0.466296 0.88429 -0.0244872 -14.5448 -0.0266677 0.0417196 0.998773 -2.28912
0.885406 -0.463445 0.0357196 17.3549 0.464228 0.885539 -0.0176746 -14.6372 -0.0234399 0.0322312 0.999206 -2.31798
0.898027 -0.438761 0.0321979 17.4373 0.43922 0.898339 -0.00855715 -14.6722 -0.0251701 0.0218265 0.999445 -2.31822
0.91159 -0.409313 0.0382991 17.5107 0.409591 0.912269 0.000637106 -14.7682 -0.0351999 0.0151062 0.999266 -2.32387
0.908788 -0.414521 0.04771 17.593 0.415481 0.909524 -0.011907 -14.8313 -0.0384577 0.0306436 0.99879 -2.31334
0.89858 -0.435963 0.0499135 17.6649 0.437284 0.899122 -0.0190426 -14.9292 -0.0365765 0.0389376 0.998572 -2.34109
0.899282 -0.434385 0.0510156 17.7341 0.435852 0.899753 -0.0218607 -15.015 -0.0364055 0.0418942 0.998459 -2.34184
0.889008 -0.455782 0.0439024 17.7902 0.456646 0.889573 -0.0116222 -15.1046 -0.0337572 0.0303801 0.998968 -2.38323
0.873413 -0.484878 0.0451954 17.8528 0.485417 0.874282 -0.0010982 -15.1857 -0.0389811 0.0228978 0.998978 -2.3917
0.867726 -0.494927 0.0458173 17.9405 0.49551 0.868601 -0.00158768 -15.2767 -0.0390111 0.0240806 0.998949 -2.38415
0.870224 -0.490117 0.0499486 18.0103 0.491095 0.871061 -0.00881397 -15.369 -0.0391884 0.0321996 0.998713 -2.38171
0.876346 -0.479152 0.0493019 18.0657 0.480224 0.877063 -0.0120802 -15.4728 -0.0374526 0.0342624 0.998711 -2.39683
0.878334 -0.476984 0.0318801 18.1364 0.477655 0.878363 -0.0180344 -15.5103 -0.0194002 0.0310679 0.999329 -2.42327
0.874906 -0.483577 0.0263333 18.1955 0.483946 0.875044 -0.00969503 -15.6319 -0.0183545 0.0212261 0.999606 -2.45075
0.889609 -0.456108 0.0236932 18.261 0.456158 0.889892 0.00355948 -15.7132 -0.0227079 0.00764132 0.999713 -2.44368
0.912118 -0.40874 0.0311708 18.3221 0.408592 0.912647 0.011298 -15.8006 -0.0330659 0.00243099 0.99945 -2.44677
0.909304 -0.41407 0.0413819 18.392 0.414353 0.910114 0.00188718 -15.8661 -0.0384436 0.0154307 0.999142 -2.44592
0.900883 -0.431623 0.0459386 18.4586 0.432044 0.901852 0.000845138 -15.9441 -0.0417946 0.0190861 0.998944 -2.45828
0.904064 -0.42489 0.0462226 18.5153 0.424693 0.905221 0.0144818 -16.0363 -0.0479948 0.006538 0.998826 -2.50071
0.89282 -0.44869 0.0393727 18.5706 0.447469 0.893566 0.0362135 -16.1128 -0.0514307 -0.0147141 0.998568 -2.50302
0.876562 -0.480152 0.0330596 18.6276 0.477963 0.87651 0.0572765 -16.1995 -0.0564785 -0.0344051 0.997811 -2.49312
0.884418 -0.465892 0.0273926 18.6807 0.463721 0.883881 0.0609755 -16.2894 -0.0526198 -0.0412253 0.997763 -2.50227
0.891095 -0.45307 0.0260293 18.7319 0.450819 0.890333 0.0637842 -16.3648 -0.0520734 -0.0451033 0.997624 -2.5003
0.887473 -0.46031 0.0225082 18.8105 0.458049 0.886393 0.0670726 -16.4436 -0.0508253 -0.0492152 0.997494 -2.5193
0.902279 -0.431117 0.00559853 18.8771 0.429369 0.899648 0.0792167 -16.5045 -0.0391884 -0.0690717 0.996842 -2.55861
0.915617 -0.402042 -0.00266941 18.9295 0.400839 0.912321 0.0836533 -16.5954 -0.0311968 -0.0776644 0.996491 -2.56094
0.928594 -0.371094 0.00137021 18.9868 0.369392 0.924676 0.0923257 -16.6883 -0.0355285 -0.0852269 0.995728 -2.55111
0.946112 -0.323564 0.0133584 19.0563 0.321875 0.944109 0.0710917 -16.7639 -0.0356145 -0.062961 0.99738 -2.53482
0.948662 -0.316167 0.00888179 19.1014 0.315432 0.947779 0.0470939 -16.8352 -0.0233075 -0.0418746 0.998851 -2.53787
0.955684 -0.294137 0.0123438 19.1377 0.293508 0.955218 0.0375804 -16.9373 -0.0228448 -0.0322919 0.999217 -2.55111
0.958801 -0.28392 0.00951367 19.2065 0.283247 0.958017 0.0444495 -17.051 -0.0217344 -0.0399235 0.998966 -2.57167
0.96362 -0.266981 0.0125249 19.2251 0.265592 0.961753 0.067029 -17.1375 -0.0299413 -0.061264 0.997672 -2.57294
0.970065 -0.242194 0.0177768 19.2792 0.240347 0.967981 0.0724276 -17.2297 -0.0347492 -0.0659868 0.997215 -2.57058
0.967147 -0.252321 0.0309817 19.3361 0.250153 0.966298 0.0607622 -17.3213 -0.0452691 -0.0510159 0.997671 -2.54418
0.97535 -0.215716 0.0464602 19.3823 0.21354 0.975773 0.0476259 -17.4022 -0.0556082 -0.0365309 0.997784 -2.57728
0.98324 -0.176964 0.0438412 19.4413 0.174926 0.983476 0.0466536 -17.5082 -0.0513728 -0.0382027 0.997949 -2.57733
0.987436 -0.155328 0.0290375 19.4712 0.153694 0.986754 0.0519061 -17.5918 -0.0367153 -0.046791 0.99823 -2.59666
0.992222 -0.123378 0.0165342 19.5352 0.121999 0.990214 0.0677643 -17.6914 -0.0247331 -0.0652201 0.997564 -2.59901
0.998134 -0.0603239 0.0094501 19.5707 0.0593914 0.995096 0.0790944 -17.8 -0.014175 -0.0783856 0.996822 -2.59086
0.99973 -0.0135182 0.0188755 19.5998 0.0119806 0.996777 0.079323 -17.8765 -0.019887 -0.0790755 0.99667 -2.59331
0.999783 0.00433221 0.0203767 19.6336 -0.0058327 0.997229 0.0741645 -17.9556 -0.0199989 -0.0742673 0.997038 -2.5684
0.999683 0.014501 0.0205679 19.6555 -0.015994 0.997101 0.0743838 -18.0598 -0.0194296 -0.0746892 0.997018 -2.58824
0.999184 0.0297645 0.0273013 19.6946 -0.032015 0.995773 0.0860847 -18.143 -0.0246237 -0.0868885 0.995914 -2.60456
0.998908 0.0332984 0.0327851 19.7146 -0.036556 0.993866 0.104372 -18.2368 -0.0291085 -0.105457 0.993998 -2.61548
0.998446 0.0330244 0.0448856 19.7582 -0.0374667 0.994075 0.102031 -18.3455 -0.0412502 -0.103554 0.993768 -2.60996
0.997687 0.044663 0.0512341 19.7906 -0.049354 0.994321 0.0942813 -18.4392 -0.0467323 -0.0965919 0.994226 -2.58901
0.996039 0.0608395 0.0648445 19.84 -0.0656951 0.994973 0.0755843 -18.5256 -0.05992 -0.0795449 0.995029 -2.59586
0.992944 0.0956057 0.0701587 19.8604 -0.100641 0.992304 0.0721402 -18.6161 -0.0627218 -0.078692 0.994924 -2.59274
0.989957 0.120521 0.073894 19.877 -0.125446 0.989898 0.0660702 -18.7135 -0.0651847 -0.0746763 0.995075 -2.60498
0.98501 0.154916 0.0758707 19.9047 -0.16019 0.984659 0.0691859 -18.8192 -0.0639887 -0.0803025 0.994715 -2.61721
0.981407 0.172224 0.0847282 19.944 -0.177567 0.98227 0.0601296 -18.9226 -0.0728702 -0.0740565 0.994588 -2.58771
0.972645 0.213885 0.0906366 19.9639 -0.218372 0.974928 0.0427651 -19.0358 -0.0792174 -0.0613877 0.994965 -2.57993
0.975948 0.200743 0.0850226 19.9808 -0.203167 0.978923 0.0208017 -19.1198 -0.0790549 -0.0375752 0.996162 -2.56408
0.978142 0.19563 0.070478 20.0012 -0.196199 0.980563 0.00117146 -19.2095 -0.0688789 -0.0149736 0.997513 -2.57153
0.978074 0.196448 0.0691347 20.0046 -0.197373 0.980305 0.00674954 -19.3276 -0.0664472 -0.0202469 0.997584 -2.5766
0.977582 0.197514 0.072955 20.023 -0.199329 0.979759 0.0184251 -19.4001 -0.0678391 -0.0325541 0.997165 -2.58372
0.980473 0.181511 0.0756707 20.0294 -0.185178 0.981693 0.0445919 -19.4965 -0.0661914 -0.0577337 0.996135 -2.58476
0.979411 0.183863 0.0833576 20.0544 -0.187976 0.981168 0.0444414 -19.6007 -0.0736167 -0.0591956 0.995528 -2.57859
0.978986 0.185823 0.0839979 20.0658 -0.188688 0.981652 0.0275025 -19.6925 -0.0773461 -0.042774 0.996086 -2.55863
0.980337 0.178198 0.0847695 20.0703 -0.180391 0.983414 0.0188936 -19.8003 -0.0799967 -0.0338137 0.996221 -2.56148
0.976071 0.201963 0.0806058 20.0801 -0.204499 0.978561 0.0244663 -19.8942 -0.0739364 -0.0403647 0.996446 -2.56973
0.971702 0.223772 0.0756399 20.0653 -0.227427 0.972816 0.0436564 -20.0036 -0.0638147 -0.0596236 0.996179 -2.58524
0.96611 0.247183 0.0743827 20.088 -0.252244 0.965223 0.0686841 -20.0989 -0.0548184 -0.0851189 0.994862 -2.57428
0.953491 0.289656 0.0833877 20.0985 -0.2959 0.9522 0.0758856 -20.2087 -0.057421 -0.0970307 0.993624 -2.56587
0.941372 0.324993 0.0905493 20.1066 -0.331166 0.941393 0.0640996 -20.3147 -0.0644105 -0.0903283 0.993827 -2.54332
0.943403 0.321635 0.0808774 20.1118 -0.325958 0.944204 0.047238 -20.4064 -0.0611713 -0.0709271 0.995604 -2.5383
0.943812 0.322215 0.073462 20.1044 -0.325482 0.944799 0.0376323 -20.5268 -0.0572811 -0.0594283 0.996588 -2.55379
0.939646 0.333163 0.0778975 20.1022 -0.336664 0.940903 0.0368528 -20.6077 -0.061016 -0.0608539 0.99628 -2.56606
0.939725 0.331219 0.0849195 20.0961 -0.335742 0.940846 0.0456678 -20.7088 -0.0647701 -0.0714262 0.995341 -2.56364
0.940626 0.329597 0.0811713 20.0913 -0.333541 0.941856 0.0407097 -20.8245 -0.0630339 -0.0653666 0.995868 -2.55315
0.94891 0.307399 0.0712366 20.085 -0.309777 0.950483 0.024887 -20.9287 -0.0600589 -0.045683 0.997149 -2.54071
0.947238 0.313565 0.0664587 20.057 -0.314734 0.949149 0.00763884 -21.0446 -0.0606839 -0.0281526 0.99776 -2.53677
0.935998 0.346662 0.0611049 20.0514 -0.347446 0.937697 0.00237213 -21.1421 -0.0564756 -0.023451 0.998129 -2.53845
0.932342 0.35849 0.0471471 20.0313 -0.359398 0.933106 0.0121428 -21.2642 -0.0396401 -0.0282658 0.998814 -2.55418
0.929911 0.365613 0.0399013 20.0343 -0.36673 0.929981 0.0254005 -21.3549 -0.0278207 -0.0382532 0.998881 -2.54534
0.912967 0.404187 0.0558886 20.0205 -0.405712 0.913806 0.018854 -21.4544 -0.0434508 -0.0398878 0.998259 -2.52701
0.895162 0.440826 0.0660028 20.021 -0.441802 0.897113 0.000206803 -21.5567 -0.0591207 -0.0293453 0.997819 -2.51493
0.890981 0.449562 0.0636097 20.0023 -0.449165 0.893197 -0.0212288 -21.6573 -0.0663596 -0.00965679 0.997749 -2.51318
0.892791 0.446432 0.0601834 19.9818 -0.445254 0.894815 -0.0324822 -21.7637 -0.0683541 0.00220285 0.997659 -2.51065
0.892247 0.447363 0.0613372 19.9479 -0.446005 0.894344 -0.0350477 -21.8475 -0.0705355 0.00391451 0.997502 -2.52454
0.898259 0.432695 0.0768468 19.8996 -0.431503 0.901531 -0.0323474 -21.945 -0.0832764 -0.00410333 0.996518 -2.53096
0.898726 0.430787 0.0819342 19.8635 -0.430088 0.902386 -0.0269158 -22.0282 -0.0855312 -0.011049 0.996274 -2.51726
0.908575 0.409443 0.0827515 19.852 -0.407856 0.912335 -0.0360259 -22.1082 -0.0902477 -0.00101847 0.995919 -2.49936
0.905706 0.416261 0.0801431 19.8057 -0.413688 0.909195 -0.0471909 -22.1907 -0.0925094 0.00958683 0.995666 -2.49215
0.89639 0.434913 0.0856501 19.7855 -0.43202 0.900432 -0.0508014 -22.2754 -0.0992163 0.00853528 0.995029 -2.48483
0.89529 0.436227 0.0903462 19.7458 -0.435441 0.899741 -0.0292774 -22.3576 -0.0940598 -0.0131287 0.99548 -2.5
0.885248 0.453686 0.102496 19.7133 -0.455205 0.890337 -0.00940963 -22.4184 -0.0955247 -0.0383266 0.994689 -2.49321
0.859956 0.495073 0.124006 19.671 -0.500499 0.865606 0.0150697 -22.5156 -0.0998801 -0.0750244 0.992167 -2.49188
0.849084 0.510385 0.136251 19.6662 -0.517279 0.855617 0.0184926 -22.6057 -0.107141 -0.0861818 0.990502 -2.46528
0.838935 0.527567 0.133646 19.6269 -0.532683 0.846309 0.00300764 -22.6882 -0.111519 -0.073714 0.991025 -2.4704
0.849368 0.514817 0.116351 19.5852 -0.517615 0.855584 -0.00707435 -22.7735 -0.10319 -0.0542165 0.993183 -2.45287
0.858335 0.502506 0.103674 19.5374 -0.503955 0.863622 -0.0136246 -22.8669 -0.0963816 -0.0405526 0.994518 -2.46482
0.863 0.496281 0.0945315 19.5145 -0.497737 0.867279 -0.00917565 -22.9527 -0.0865389 -0.0391333 0.99548 -2.46836
0.866856 0.48779 0.103057 19.4537 -0.489678 0.871868 -0.00784565 -23.0488 -0.0936788 -0.0436635 0.994645 -2.48866
0.87396 0.475088 0.102395 19.4024 -0.476746 0.878993 -0.00920069 -23.1457 -0.0943754 -0.0407752 0.994701 -2.48387
0.88947 0.448535 0.0875244 19.3612 -0.449148 0.893353 -0.0136652 -23.2429 -0.0843194 -0.0271567 0.996069 -2.46194
0.885534 0.456803 0.0846174 19.334 -0.456591 0.88938 -0.0229824 -23.3171 -0.0857554 -0.0182839 0.996148 -2.45617
0.873031 0.482326 0.0719686 19.2838 -0.48226 0.875812 -0.0194451 -23.4121 -0.0724099 -0.0177314 0.997217 -2.44801
0.87663 0.477656 0.0580103 19.2473 -0.478014 0.878312 -0.00843627 -23.4922 -0.0549807 -0.0203343 0.99828 -2.46881
0.880803 0.471579 0.0424123 19.1914 -0.472294 0.881403 0.00818665 -23.6125 -0.0335216 -0.0272419 0.999067 -2.47376
0.868758 0.492855 0.0485068 19.1593 -0.493917 0.869423 0.0122657 -23.68 -0.0361277 -0.0346142 0.998748 -2.44923
0.845936 0.530626 0.0531863 19.114 -0.531536 0.847028 0.00357856 -23.7798 -0.0431514 -0.0312977 0.998578 -2.43265
0.842712 0.536421 0.0457051 19.0596 -0.536802 0.843696 -0.00451971 -23.8753 -0.0409857 -0.0207257 0.998945 -2.43728
0.844264 0.535021 0.0311441 19.0021 -0.534926 0.844813 -0.0120108 -23.9589 -0.032737 -0.00651951 0.999443 -2.43612
0.850892 0.524468 0.0302777 18.9584 -0.524397 0.851405 -0.0108724 -24.0623 -0.0314808 -0.00662624 0.999482 -2.43907
0.853812 0.519117 0.0390254 18.9061 -0.519376 0.854537 -0.00398929 -24.1582 -0.0354195 -0.0168627 0.99923 -2.45264
0.858613 0.508738 0.063005 18.86 -0.50997 0.860182 0.00410561 -24.2207 -0.0521071 -0.0356558 0.998005 -2.42501
0.857579 0.508058 0.0802184 18.8009 -0.510434 0.859846 0.0110537 -24.316 -0.0633595 -0.0504257 0.996716 -2.41751
0.832552 0.546083 0.0930056 18.7544 -0.549661 0.835229 0.0163125 -24.4001 -0.068773 -0.0647026 0.995532 -2.39633
0.826226 0.554767 0.0978975 18.7043 -0.558583 0.829318 0.0146887 -24.4608 -0.0730394 -0.0668201 0.995088 -2.40633
0.838685 0.535848 0.097333 18.6502 -0.539325 0.842018 0.0116057 -24.5581 -0.0757372 -0.0622276 0.995184 -2.40954
0.854167 0.511062 0.0959907 18.5963 -0.514173 0.857637 0.00920462 -24.6545 -0.0776211 -0.0572181 0.99534 -2.41903
0.858041 0.501397 0.111205 18.5563 -0.503984 0.863695 -0.00552839 -24.7466 -0.0988194 -0.0513021 0.993782 -2.39328
0.83528 0.537106 0.117577 18.5102 -0.539133 0.842058 -0.0165626 -24.8316 -0.107903 -0.0495555 0.992926 -2.38994
0.837621 0.535011 0.110251 18.4564 -0.536074 0.843877 -0.0222794 -24.8967 -0.104958 -0.0404411 0.993654 -2.36882
