1 0 0 0 0 1 0 0 -0 0 1 0
0.994654 -0.103239 0.00224102 0.0402682 0.103169 0.994437 0.0212338 -0.0334634 -0.00442071 -0.0208891 0.999772 0.0309074
0.985725 -0.168278 0.00538632 0.102679 0.1681 0.985465 0.0245113 -0.0563503 -0.00943275 -0.023256 0.999685 0.0238634
0.970399 -0.241388 0.00756951 0.154326 0.241095 0.970099 0.0279486 -0.0983587 -0.0140896 -0.0252964 0.999581 0.0346943
0.955643 -0.294468 0.00583662 0.217956 0.294218 0.955363 0.0267947 -0.136683 -0.0134663 -0.023889 0.999624 0.0275156
0.947258 -0.320451 -0.00367041 0.269712 0.320451 0.947004 0.0222426 -0.16944 -0.00365177 -0.0222456 0.999746 0.027108
0.935171 -0.353937 -0.0135243 0.337608 0.354129 0.935052 0.0164091 -0.198892 0.00683816 -0.0201347 0.999774 0.0238936
0.917835 -0.396373 -0.0216365 0.401812 0.396746 0.917771 0.0169917 -0.226457 0.0131223 -0.0241798 0.999621 0.0136963
0.910573 -0.411985 -0.0335364 0.480402 0.412855 0.910449 0.0251595 -0.263505 0.0201678 -0.0367552 0.999121 0.0297107
0.891802 -0.450476 -0.0419583 0.538048 0.451887 0.891425 0.0340525 -0.293421 0.0220628 -0.0493285 0.998539 0.0261911
0.87487 -0.481698 -0.0506891 0.595029 0.483809 0.874058 0.044161 -0.325063 0.023033 -0.063159 0.997738 0.0269923
0.855357 -0.514668 -0.059005 0.664647 0.517523 0.854027 0.0529903 -0.367469 0.0231195 -0.0758621 0.99685 0.0182423
0.832081 -0.550999 -0.0635647 0.712217 0.554437 0.829478 0.0675678 -0.397836 0.0154957 -0.0914646 0.995688 0.0023535
0.822556 -0.565575 -0.0593921 0.773058 0.568685 0.818106 0.0854425 -0.434053 0.000264841 -0.104057 0.994571 0.00670073
0.788766 -0.612434 -0.0526554 0.829398 0.614392 0.7828 0.0987293 -0.487421 -0.0192465 -0.110225 0.99372 0.0145696
0.763602 -0.64339 -0.054411 0.895941 0.645258 0.757308 0.100631 -0.527798 -0.023539 -0.111951 0.993435 0.0305939
0.754025 -0.654829 -0.0514364 0.956496 0.656471 0.748637 0.0926703 -0.572327 -0.0221759 -0.103642 0.994367 0.037359
0.740967 -0.669771 -0.0487389 1.01704 0.671085 0.735834 0.0905188 -0.604025 -0.0247631 -0.0997794 0.994701 0.0370433
0.743047 -0.667173 -0.0525545 1.08157 0.668949 0.738117 0.0876946 -0.646076 -0.0197161 -0.100317 0.99476 0.0255929
0.749675 -0.658693 -0.0641177 1.15348 0.661745 0.74476 0.0861798 -0.686878 -0.00901371 -0.107036 0.994214 0.0266805
0.756911 -0.648728 -0.0789761 1.21738 0.653516 0.75164 0.0891888 -0.715174 0.00150234 -0.11912 0.992879 0.0337925
0.773784 -0.628163 -0.081671 1.27387 0.633441 0.768011 0.094401 -0.740282 0.00342499 -0.12478 0.992179 0.0428256
0.790372 -0.607262 -0.0809 1.35788 0.612617 0.784206 0.0986011 -0.774729 0.00356551 -0.127492 0.991833 0.0582447
0.7924 -0.605943 -0.0702514 1.41348 0.609996 0.786631 0.0954815 -0.796231 -0.00259443 -0.118513 0.992949 0.0611624
0.803679 -0.591825 -0.0619913 1.48801 0.595059 0.798893 0.08761 -0.84553 -0.00232545 -0.107299 0.994224 0.0530484
0.79487 -0.60433 -0.0544776 1.56033 0.606687 0.789967 0.0887861 -0.865925 -0.0106206 -0.103624 0.99456 0.0447266
0.800685 -0.597468 -0.0439929 1.6355 0.598743 0.795586 0.0924656 -0.901143 -0.0202451 -0.100376 0.994744 0.0519398
0.797241 -0.602484 -0.0376879 1.71882 0.603031 0.792001 0.0953347 -0.931175 -0.0275888 -0.0987317 0.994732 0.0489512
0.783014 -0.620764 -0.0392631 1.79763 0.621358 0.777761 0.0948856 -0.967174 -0.0283643 -0.0986932 0.994714 0.0627083
0.777735 -0.627424 -0.038314 1.86749 0.627967 0.772798 0.0918678 -0.9957 -0.0280311 -0.0955087 0.995034 0.0698906
0.768265 -0.639211 -0.0343389 1.96665 0.639526 0.764096 0.0846409 -1.02745 -0.0278652 -0.0869872 0.99582 0.0749908
0.775147 -0.631108 -0.0291478 2.03283 0.631335 0.772045 0.0732284 -1.04118 -0.0237116 -0.0751649 0.996889 0.0616042
0.78487 -0.618565 -0.036834 2.10689 0.619565 0.782313 0.0642297 -1.06245 -0.0109145 -0.073233 0.997255 0.0493786
0.787396 -0.614295 -0.0514703 2.19088 0.616342 0.786056 0.0473095 -1.08126 0.0113966 -0.0689746 0.997553 0.0478752
0.800246 -0.596523 -0.0613695 2.28226 0.598869 0.800272 0.0303389 -1.10512 0.0310145 -0.0610309 0.997654 0.061077
0.820942 -0.567928 -0.0592575 2.37248 0.569896 0.821398 0.0228939 -1.12798 0.0356719 -0.0525652 0.99798 0.074274
0.824305 -0.563267 -0.0570178 2.43365 0.564909 0.824975 0.0171213 -1.14194 0.0373944 -0.0463231 0.998226 0.0846612
0.83099 -0.552738 -0.0627371 2.50334 0.554458 0.832112 0.0129036 -1.16397 0.0450719 -0.0455079 0.997947 0.0786167
0.830878 -0.552309 -0.0678029 2.56807 0.554333 0.832173 0.0142499 -1.18322 0.0485535 -0.0494253 0.997597 0.0877982
0.827471 -0.556676 -0.0735113 2.6516 0.559307 0.828715 0.0201893 -1.21997 0.049681 -0.0578215 0.99709 0.0848439
0.82712 -0.556535 -0.0783709 2.73272 0.559756 0.828251 0.025963 -1.23777 0.0504614 -0.0653431 0.996586 0.0893918
0.818163 -0.570989 -0.0676871 2.81739 0.573486 0.818853 0.0243545 -1.26766 0.0415197 -0.0587436 0.997409 0.0895745
0.817689 -0.573404 -0.0509182 2.88782 0.574973 0.817832 0.0235806 -1.29995 0.0281214 -0.0485582 0.998424 0.104004
0.828464 -0.559113 -0.0322391 2.96931 0.559882 0.828229 0.0238356 -1.33183 0.0133746 -0.037797 0.999196 0.107506
0.836999 -0.546788 -0.0213293 3.03956 0.547188 0.836636 0.0249883 -1.35369 0.00418155 -0.0325863 0.99946 0.0946558
0.840789 -0.541218 -0.0125782 3.09312 0.541363 0.840542 0.0203812 -1.37948 -0.000458151 -0.0239457 0.999713 0.0910533
0.852256 -0.522938 -0.0139617 3.19118 0.523122 0.85186 0.0260487 -1.39234 -0.00172846 -0.0295038 0.999563 0.097376
0.861755 -0.506847 -0.0220116 3.26544 0.507319 0.861148 0.0324288 -1.4069 0.00251884 -0.0391125 0.999232 0.111812
0.862636 -0.505315 -0.0227167 3.33771 0.50582 0.861975 0.0338589 -1.42774 0.00247181 -0.0406984 0.999168 0.130509
0.874707 -0.484164 -0.0217267 3.4169 0.484645 0.874046 0.0341093 -1.44932 0.00247562 -0.0403654 0.999182 0.136624
0.870107 -0.492453 -0.0200927 3.48319 0.492838 0.869745 0.0255722 -1.46709 0.00488246 -0.032153 0.999471 0.135034
0.866258 -0.49921 -0.0196638 3.54854 0.499588 0.865809 0.0280538 -1.50006 0.00302036 -0.0341256 0.999413 0.136836
0.865503 -0.500667 -0.0154178 3.61794 0.500899 0.864947 0.0310863 -1.53145 -0.00222827 -0.0346281 0.999398 0.122859
0.864691 -0.502187 -0.0108372 3.6894 0.502179 0.863793 0.0409652 -1.56142 -0.0112111 -0.0408644 0.999102 0.131634
0.850829 -0.525429 -0.00389599 3.76495 0.524907 0.849601 0.0514859 -1.60787 -0.0237421 -0.0458507 0.998666 0.141329
0.829256 -0.558802 -0.00865909 3.84749 0.558408 0.827844 0.0534344 -1.65619 -0.0226908 -0.0491461 0.998534 0.151527
0.825436 -0.564413 -0.0097041 3.90182 0.564068 0.824017 0.0531321 -1.69405 -0.0219921 -0.0493309 0.99854 0.164252
0.818155 -0.574917 -0.00964846 3.96878 0.574512 0.816657 0.0548446 -1.73009 -0.0236516 -0.0504145 0.998448 0.158882
0.81076 -0.585088 -0.0184348 4.02337 0.585067 0.808902 0.0580826 -1.75574 -0.0190715 -0.0578766 0.998142 0.162284
0.818545 -0.573633 -0.0304789 4.10373 0.57434 0.816245 0.0622707 -1.78759 -0.0108423 -0.0684766 0.997594 0.162605
0.825377 -0.563445 -0.0358156 4.17894 0.564542 0.822898 0.0642794 -1.8212 -0.00674535 -0.0732741 0.997289 0.163007
0.820656 -0.569792 -0.0431515 4.25561 0.571415 0.817907 0.0671698 -1.85648 -0.00297882 -0.0797807 0.996808 0.173784
0.822523 -0.566434 -0.0510699 4.32141 0.568719 0.81978 0.0672282 -1.88088 0.00378578 -0.0843412 0.99643 0.19904
0.826996 -0.559044 -0.0595519 4.39001 0.562053 0.824597 0.0643071 -1.91803 0.0131558 -0.0866531 0.996152 0.20603
0.83199 -0.550957 -0.065102 4.45072 0.554323 0.830362 0.0567868 -1.94044 0.0227711 -0.0833336 0.996262 0.213674
0.838592 -0.54051 -0.067908 4.50481 0.544053 0.837319 0.0538766 -1.97903 0.0277398 -0.082126 0.996236 0.206352
0.838687 -0.540646 -0.0656231 4.63631 0.544133 0.836906 0.0592298 -2.06691 0.022898 -0.0853829 0.996085 0.211684
0.832058 -0.55146 -0.0597622 4.70881 0.554618 0.828829 0.0737659 -2.09427 0.0088537 -0.0945227 0.995483 0.217415
0.827674 -0.557461 -0.0647489 4.77344 0.561157 0.823635 0.0820257 -2.13987 0.00760336 -0.104225 0.994525 0.232253
0.827608 -0.556831 -0.0707359 4.83647 0.561264 0.822488 0.0921761 -2.17363 0.0068529 -0.115987 0.993227 0.247071
0.826819 -0.557589 -0.0739227 4.90307 0.562401 0.821574 0.0933891 -2.20164 0.00866024 -0.11879 0.992882 0.254832
0.840439 -0.535998 -0.0798091 4.94731 0.541729 0.834774 0.0983934 -2.22071 0.013884 -0.125929 0.991942 0.270845
0.85386 -0.513692 -0.0839289 5.00563 0.520034 0.848768 0.095695 -2.25783 0.0220784 -0.125356 0.991866 0.274509
0.865257 -0.49186 -0.096975 5.05989 0.499969 0.860847 0.0947242 -2.29214 0.0368897 -0.130445 0.990769 0.277998
0.870855 -0.479943 -0.106142 5.11419 0.489606 0.866099 0.100787 -2.32394 0.0435574 -0.139739 0.98923 0.30019
0.888324 -0.447787 -0.101821 5.187 0.456846 0.884243 0.096981 -2.36388 0.0466077 -0.132667 0.990064 0.312985
0.898133 -0.429382 -0.0948056 5.25102 0.437611 0.893905 0.0971128 -2.38303 0.0430488 -0.128708 0.990748 0.334525
0.89166 -0.44439 -0.0863758 5.31191 0.451247 0.887765 0.0908284 -2.42309 0.0363182 -0.119965 0.992114 0.33486
0.893521 -0.440934 -0.0848413 5.37597 0.447468 0.890096 0.086614 -2.46563 0.0373258 -0.115355 0.992623 0.335358
0.900431 -0.427719 -0.0792533 5.42535 0.43359 0.897147 0.0844237 -2.49661 0.0349922 -0.110381 0.993273 0.330689
0.909389 -0.408759 -0.0769864 5.48209 0.414569 0.905767 0.0878567 -2.54007 0.0338196 -0.111812 0.993154 0.322425
0.90625 -0.416003 -0.0751814 5.53691 0.4218 0.901682 0.0951512 -2.59083 0.0282065 -0.117942 0.99262 0.324312
0.892587 -0.443364 -0.0819502 5.60135 0.449987 0.88739 0.100251 -2.6302 0.0282739 -0.12636 0.991581 0.337802
0.890684 -0.445561 -0.0903163 5.66406 0.453315 0.885477 0.102155 -2.67081 0.0344567 -0.13193 0.99066 0.351833
0.892881 -0.442086 -0.0855761 5.71051 0.449133 0.88798 0.0988435 -2.70803 0.0322926 -0.126691 0.991417 0.33983
0.897011 -0.434212 -0.0826477 5.76966 0.440763 0.892733 0.093576 -2.75794 0.0331505 -0.120367 0.992176 0.359881
0.893187 -0.442121 -0.0821342 5.83072 0.447984 0.890714 0.0770642 -2.80842 0.0390864 -0.105628 0.993637 0.338359
0.893053 -0.441976 -0.0843434 5.91276 0.447755 0.891439 0.069653 -2.86103 0.0444021 -0.0999691 0.993999 0.347972
0.893389 -0.441673 -0.0823473 5.98201 0.447302 0.891576 0.0708005 -2.89059 0.0421482 -0.100086 0.994086 0.347949
0.899435 -0.429484 -0.0809999 6.04846 0.435235 0.89707 0.0763922 -2.9192 0.0398534 -0.103964 0.993782 0.356243
0.898923 -0.429757 -0.0851232 6.12676 0.436197 0.89607 0.0824053 -2.96365 0.0408621 -0.111206 0.992957 0.387316
0.891762 -0.443845 -0.0881046 6.18994 0.450462 0.889226 0.0797557 -3.00328 0.0429458 -0.110811 0.992913 0.386198
0.891951 -0.442446 -0.0930848 6.25479 0.449546 0.889838 0.0780762 -3.03844 0.0482859 -0.111486 0.992592 0.383701
0.888321 -0.450431 -0.0894321 6.32173 0.457321 0.885411 0.0830974 -3.08674 0.0417545 -0.114716 0.99252 0.381219
0.887678 -0.453279 -0.0810314 6.40096 0.459811 0.881963 0.103514 -3.12485 0.0245461 -0.129146 0.991322 0.381907
0.885586 -0.458698 -0.0730279 6.46364 0.464448 0.87622 0.128557 -3.15667 0.00501982 -0.147766 0.98901 0.382658
0.870397 -0.486913 -0.0729658 6.52176 0.492279 0.858142 0.145786 -3.18482 -0.00836988 -0.162811 0.986622 0.407551
0.865693 -0.494878 -0.0753159 6.60224 0.500423 0.851861 0.154628 -3.21438 -0.012363 -0.17155 0.985098 0.407038
0.855483 -0.512651 -0.0730621 6.6644 0.517613 0.842472 0.149389 -3.25376 -0.0150317 -0.165618 0.986075 0.421897
0.854366 -0.513533 -0.0796428 6.70609 0.519651 0.842871 0.139753 -3.3101 -0.00463924 -0.160787 0.986978 0.426189
0.847165 -0.523945 -0.0882803 6.79244 0.531296 0.837227 0.129521 -3.33438 0.00604903 -0.156628 0.987639 0.418563
0.841801 -0.529747 -0.103628 6.88006 0.539429 0.83259 0.125737 -3.36902 0.0196707 -0.161745 0.986636 0.421943
0.839404 -0.53163 -0.11301 6.9563 0.542692 0.831216 0.120684 -3.38367 0.0297765 -0.162632 0.986237 0.43711
0.836699 -0.533383 -0.124243 7.03324 0.545751 0.830978 0.107848 -3.41708 0.0457193 -0.158042 0.986373 0.44937
0.829693 -0.544001 -0.125189 7.10513 0.555913 0.825584 0.0968062 -3.44915 0.0506911 -0.149914 0.987399 0.461107
0.824204 -0.553359 -0.120341 7.1855 0.563379 0.822766 0.0752405 -3.4798 0.0573773 -0.129811 0.989877 0.473392
0.817046 -0.564556 -0.117105 7.24753 0.573693 0.816295 0.0673709 -3.52341 0.0575577 -0.122227 0.990832 0.456296
0.807023 -0.579526 -0.11342 7.33654 0.588143 0.806027 0.0663985 -3.57188 0.05294 -0.120292 0.991326 0.455365
0.802025 -0.58647 -0.113173 7.4118 0.59559 0.79954 0.0775067 -3.5931 0.0450307 -0.129567 0.990548 0.455624
0.79409 -0.597705 -0.110314 7.48443 0.606994 0.789207 0.0933295 -3.63944 0.0312769 -0.141072 0.989505 0.471859
0.784022 -0.61162 -0.105975 7.57281 0.620444 0.777365 0.103696 -3.68679 0.0189587 -0.147051 0.988947 0.487919
0.768227 -0.632682 -0.0976749 7.65018 0.640122 0.76117 0.10423 -3.71265 0.00840285 -0.142596 0.989745 0.488495
0.751204 -0.652496 -0.09971 7.72925 0.659887 0.745941 0.0901201 -3.74259 0.0155748 -0.133496 0.990927 0.490123
0.741376 -0.664092 -0.0966672 7.81636 0.67084 0.737305 0.0797184 -3.78552 0.0183329 -0.12395 0.992119 0.488147
0.744822 -0.660322 -0.0959947 7.88971 0.666937 0.741215 0.0761333 -3.81598 0.0208802 -0.120728 0.992466 0.483556
0.744003 -0.65911 -0.109695 7.97747 0.667509 0.740507 0.0779747 -3.84498 0.029836 -0.131236 0.990902 0.484077
0.740939 -0.661734 -0.114536 8.06899 0.670905 0.736961 0.0823105 -3.87082 0.0299408 -0.13783 0.990003 0.51055
0.744357 -0.658516 -0.110855 8.14323 0.667158 0.740518 0.0808326 -3.91306 0.0288606 -0.134126 0.990544 0.522041
0.739822 -0.664426 -0.105838 8.24316 0.672064 0.73718 0.0699727 -3.94027 0.0315297 -0.122897 0.991918 0.538046
0.738426 -0.666555 -0.102137 8.30346 0.67347 0.736637 0.0616776 -3.96413 0.0341262 -0.11433 0.992856 0.515044
0.732181 -0.67309 -0.104213 8.39002 0.680422 0.729704 0.0675121 -3.99828 0.0306028 -0.12034 0.992261 0.522841
0.730935 -0.673851 -0.107978 8.47096 0.682108 0.726357 0.0844661 -4.01653 0.0215129 -0.135392 0.990559 0.525606
0.720138 -0.683575 -0.118854 8.55562 0.693662 0.713105 0.101563 -4.04598 0.0153297 -0.155584 0.987704 0.525352
0.695766 -0.707449 -0.124198 8.64568 0.718268 0.685179 0.120914 -4.0758 -0.000442801 -0.173335 0.984863 0.54195
0.693704 -0.709284 -0.125266 8.72246 0.720259 0.683403 0.119107 -4.08353 0.00112669 -0.172849 0.984948 0.556645
0.671037 -0.731939 -0.118215 8.80639 0.741379 0.660663 0.117817 -4.1215 -0.00813454 -0.166702 0.985974 0.571876
0.650711 -0.749985 -0.118736 8.89721 0.759307 0.641603 0.108622 -4.12534 -0.00528387 -0.160839 0.986967 0.566543
0.634561 -0.762812 -0.124296 8.98738 0.772859 0.627237 0.0962419 -4.13638 0.0045483 -0.157134 0.987567 0.56862
0.629203 -0.766781 -0.127083 9.07236 0.777195 0.622475 0.0921539 -4.15481 0.00844389 -0.156752 0.987602 0.567283
0.61383 -0.778255 -0.13241 9.16707 0.789294 0.608233 0.0840681 -4.15543 0.0151097 -0.156114 0.987623 0.580415
0.607563 -0.782056 -0.138765 9.25061 0.793819 0.603778 0.0728307 -4.15635 0.0268252 -0.154403 0.987644 0.59047
0.584297 -0.80098 -0.130491 9.33163 0.810957 0.582373 0.0564858 -4.17461 0.0307501 -0.138827 0.989839 0.591512
0.567103 -0.813747 -0.127321 9.42992 0.822472 0.56774 0.0347948 -4.1974 0.043971 -0.12445 0.991251 0.60673
0.548225 -0.827706 -0.119799 9.52044 0.835104 0.549531 0.0248347 -4.1987 0.0452772 -0.113659 0.992488 0.597381
0.518219 -0.846886 -0.119303 9.60858 0.854337 0.519041 0.0265305 -4.20943 0.0394548 -0.115673 0.992503 0.60077
0.494488 -0.859571 -0.128913 9.67968 0.868736 0.493531 0.041535 -4.19499 0.0279204 -0.13253 0.990786 0.591788
0.449766 -0.882651 -0.136521 9.78071 0.893072 0.44641 0.0560346 -4.21079 0.0114854 -0.147126 0.989051 0.613704
0.412498 -0.900449 -0.137975 9.85264 0.910939 0.408721 0.0560079 -4.19899 0.00596089 -0.14879 0.988851 0.610879
0.391382 -0.91141 -0.127089 9.94261 0.920219 0.387002 0.0585389 -4.19619 -0.00416937 -0.13986 0.990162 0.623317
0.368118 -0.921914 -0.120679 10.0375 0.929726 0.36359 0.0584151 -4.17501 -0.0099759 -0.133702 0.990971 0.625995
0.346325 -0.930483 -0.119413 10.1159 0.938089 0.342564 0.0513704 -4.16825 -0.00689278 -0.129811 0.991515 0.605679
0.338149 -0.932619 -0.126006 10.1966 0.941089 0.334714 0.0481513 -4.14701 -0.00273079 -0.134865 0.99086 0.617666
0.317136 -0.938976 -0.133222 10.2869 0.948377 0.313635 0.0470532 -4.12962 -0.00239885 -0.141267 0.989969 0.614025
0.31143 -0.940746 -0.134194 10.3569 0.950268 0.308527 0.042449 -4.10209 0.00146866 -0.14074 0.990046 0.641311
0.290797 -0.949013 -0.121701 10.4592 0.956782 0.288145 0.0392458 -4.07554 -0.00217732 -0.127854 0.991791 0.638303
0.265277 -0.957634 -0.112096 10.5425 0.964172 0.263582 0.029947 -4.04963 0.000868328 -0.116025 0.993246 0.649782
0.235938 -0.965791 -0.107613 10.6183 0.97175 0.233805 0.0322108 -4.03678 -0.00594838 -0.112173 0.993671 0.642441
0.207221 -0.971679 -0.113575 10.7 0.978221 0.204379 0.0362473 -4.00615 -0.0120085 -0.118612 0.992868 0.6369
0.173725 -0.976739 -0.125697 10.7733 0.984642 0.170037 0.0395853 -3.96787 -0.0172914 -0.130644 0.991279 0.630697
0.139346 -0.980795 -0.136471 10.8517 0.989926 0.134483 0.0442748 -3.9573 -0.0250715 -0.141265 0.989654 0.63436
0.114818 -0.983975 -0.136418 10.9324 0.992971 0.109709 0.0444219 -3.93878 -0.0287437 -0.14056 0.989655 0.64837
0.0847885 -0.987519 -0.13273 11.0141 0.995926 0.0798904 0.0418131 -3.91039 -0.0306874 -0.135735 0.99027 0.642649
0.075413 -0.988602 -0.130301 11.0924 0.996593 0.0703477 0.0430555 -3.87704 -0.0333984 -0.133104 0.990539 0.644569
0.0648924 -0.98889 -0.133737 11.1597 0.997579 0.060928 0.0335301 -3.8291 -0.0250092 -0.135589 0.99045 0.641003
0.0540485 -0.987925 -0.145202 11.2445 0.998464 0.0516947 0.0199377 -3.79614 -0.0121908 -0.146056 0.989201 0.640728
0.0565096 -0.98645 -0.154024 11.3226 0.998393 0.0551605 0.013022 -3.73231 -0.00434956 -0.154512 0.987981 0.64762
0.0565694 -0.986466 -0.153901 11.4095 0.99837 0.0547166 0.0162514 -3.71008 -0.0076105 -0.154569 0.987953 0.657757
0.0317838 -0.98976 -0.13916 11.4868 0.999396 0.0295143 0.0183426 -3.64436 -0.0140475 -0.139659 0.9901 0.663002
0.0243991 -0.991631 -0.12678 11.5693 0.999625 0.0226282 0.0153898 -3.61562 -0.0123922 -0.127108 0.991811 0.662508
0.000941579 -0.993298 -0.115579 11.6421 0.999839 -0.00113647 0.0179123 -3.55316 -0.0179236 -0.115577 0.993137 0.653912
-0.0201356 -0.993077 -0.115731 11.7223 0.999568 -0.0224768 0.0189602 -3.52129 -0.0214301 -0.115299 0.9931 0.640589
-0.0417769 -0.991262 -0.125115 11.8112 0.998697 -0.0451032 0.0238707 -3.48662 -0.0293052 -0.123955 0.991855 0.644523
-0.0739149 -0.98765 -0.138143 11.8981 0.996596 -0.0782247 0.0260266 -3.43303 -0.0365114 -0.135749 0.99007 0.652566
-0.0874416 -0.987784 -0.128986 11.9603 0.995084 -0.0926546 0.0349723 -3.37061 -0.0464962 -0.125294 0.99103 0.652761
-0.105538 -0.986968 -0.121473 12.0455 0.99275 -0.111639 0.044552 -3.32826 -0.0575326 -0.11589 0.991594 0.674452
-0.127848 -0.985656 -0.11017 12.1141 0.990112 -0.133307 0.0436737 -3.27653 -0.0577337 -0.103497 0.992953 0.664402
-0.155006 -0.982376 -0.104449 12.1966 0.986463 -0.159638 0.0374948 -3.20948 -0.053508 -0.0972229 0.993823 0.652563
-0.148908 -0.9832 -0.105562 12.2619 0.987276 -0.153844 0.0402249 -3.15586 -0.0557892 -0.0982288 0.993599 0.660778
-0.163672 -0.980486 -0.1089 12.3361 0.984791 -0.168911 0.0406944 -3.08105 -0.0582947 -0.100584 0.993219 0.671524
-0.194064 -0.974917 -0.108973 12.403 0.97946 -0.198761 0.033932 -3.02735 -0.0547404 -0.100149 0.993465 0.66901
-0.213882 -0.971697 -0.100296 12.4426 0.975388 -0.218064 0.0326442 -2.97802 -0.0535912 -0.0908457 0.994422 0.693237
-0.244929 -0.96499 -0.0938314 12.516 0.968303 -0.248358 0.0266194 -2.91906 -0.0489912 -0.0843373 0.995232 0.68433
-0.280525 -0.954951 -0.096821 12.5922 0.958679 -0.283729 0.0207962 -2.86571 -0.0473302 -0.0869864 0.995085 0.690708
-0.297477 -0.948605 -0.107965 12.646 0.953008 -0.301824 0.0260592 -2.78914 -0.0573064 -0.0951398 0.993813 0.707557
-0.306941 -0.942808 -0.130004 12.6901 0.948907 -0.313673 0.0344229 -2.73554 -0.0732329 -0.112796 0.990916 0.690203
-0.358517 -0.917115 -0.174256 12.8091 0.926964 -0.37183 0.0498076 -2.58024 -0.110473 -0.143672 0.98344 0.7147
-0.373102 -0.911643 -0.172344 12.8386 0.920421 -0.387062 0.0548439 -2.51976 -0.116706 -0.138167 0.983509 0.723104
-0.379425 -0.910094 -0.166629 12.8904 0.918096 -0.392656 0.0540453 -2.43813 -0.114614 -0.132475 0.984537 0.723951
-0.376221 -0.913879 -0.152587 12.926 0.920088 -0.38789 0.0545815 -2.37036 -0.109068 -0.119859 0.986782 0.701506
-0.36821 -0.91804 -0.147048 12.9946 0.924979 -0.377702 0.0418852 -2.27963 -0.0939927 -0.120594 0.988242 0.704991
-0.375737 -0.915422 -0.144306 13.036 0.924003 -0.381992 0.0173348 -2.21602 -0.0709926 -0.126826 0.989381 0.706363
-0.359675 -0.923464 -0.133599 13.0514 0.931786 -0.363007 0.000631005 -2.15912 -0.04908 -0.124258 0.991035 0.737052
-0.339502 -0.931069 -0.133599 13.1093 0.940096 -0.34055 -0.0156414 -2.08215 -0.030934 -0.130907 0.990912 0.745197
-0.338645 -0.933024 -0.121597 13.1385 0.940639 -0.338832 -0.0197652 -2.02983 -0.0227597 -0.121072 0.992383 0.76264
-0.328648 -0.936955 -0.11877 13.186 0.9442 -0.32886 -0.0183746 -1.96249 -0.0218426 -0.118182 0.992752 0.757522
-0.339659 -0.933002 -0.118911 13.2061 0.940204 -0.340234 -0.0160614 -1.89475 -0.0254721 -0.117256 0.992775 0.755526
-0.352515 -0.927222 -0.126462 13.268 0.935065 -0.354383 -0.00816259 -1.81898 -0.0372474 -0.121127 0.991938 0.753801
-0.384512 -0.913766 -0.131083 13.2908 0.921847 -0.387545 -0.002567 -1.74491 -0.0484549 -0.121826 0.991368 0.788283
-0.409608 -0.902322 -0.134298 13.3415 0.910533 -0.413435 0.000664298 -1.6401 -0.056123 -0.122011 0.990941 0.800554
-0.40399 -0.905201 -0.131918 13.3644 0.912873 -0.408207 0.00543858 -1.57661 -0.0587728 -0.118227 0.991246 0.815926
-0.410783 -0.901329 -0.137346 13.4101 0.90908 -0.416397 0.013657 -1.49613 -0.0694998 -0.119248 0.990429 0.810684
-0.410464 -0.90036 -0.144465 13.4491 0.909053 -0.416483 0.0128135 -1.45623 -0.0717042 -0.126067 0.989427 0.814447
-0.403868 -0.901727 -0.154202 13.4931 0.912106 -0.409877 0.00795395 -1.36871 -0.0703761 -0.137436 0.988007 0.811232
-0.396737 -0.903577 -0.161704 13.5202 0.915892 -0.401404 -0.00413573 -1.27527 -0.0611715 -0.149744 0.986831 0.82043
-0.398902 -0.903824 -0.154855 13.5394 0.915468 -0.402256 -0.0104212 -1.20812 -0.0528723 -0.145922 0.987882 0.860966
-0.391145 -0.908771 -0.145397 13.6084 0.919068 -0.39397 -0.0100441 -1.1062 -0.0481543 -0.137558 0.989322 0.865837
-0.397256 -0.908403 -0.130353 13.6447 0.916187 -0.400751 0.000632031 -1.05183 -0.052813 -0.119176 0.991467 0.87144
-0.397969 -0.909752 -0.118206 13.6781 0.915898 -0.401373 0.0055018 -0.969236 -0.05245 -0.106075 0.992974 0.874227
-0.399081 -0.90969 -0.114883 13.7052 0.915276 -0.402718 0.00939752 -0.905261 -0.0548145 -0.1014 0.993335 0.869782
-0.402777 -0.907557 -0.118788 13.747 0.913529 -0.406663 0.0094438 -0.834299 -0.0568773 -0.104712 0.992875 0.88083
-0.411804 -0.902272 -0.127759 13.7946 0.909243 -0.41618 0.00843546 -0.767243 -0.0607816 -0.11269 0.991769 0.885342
-0.41028 -0.901238 -0.139426 13.8585 0.909286 -0.415967 0.0130741 -0.663039 -0.0697795 -0.121414 0.990146 0.900477
-0.418467 -0.897412 -0.139772 13.8964 0.9043 -0.425996 0.0277181 -0.596955 -0.0844168 -0.114796 0.989796 0.902827
-0.422521 -0.896846 -0.130933 13.9351 0.901778 -0.430475 0.0385712 -0.520727 -0.0909559 -0.101775 0.990641 0.917013
-0.429622 -0.894341 -0.124817 13.9868 0.898314 -0.437362 0.0417804 -0.455422 -0.091956 -0.0941748 0.9913 0.91428
-0.441058 -0.890236 -0.113792 14.0298 0.893852 -0.447117 0.0333881 -0.376731 -0.0806015 -0.0869869 0.992943 0.907264
-0.449129 -0.885699 -0.11756 14.0649 0.890252 -0.454774 0.0251387 -0.307262 -0.0757287 -0.0933676 0.992748 0.917301
-0.444248 -0.886799 -0.127404 14.1054 0.892874 -0.449932 0.0183791 -0.221008 -0.0736218 -0.105591 0.991681 0.935812
-0.431653 -0.892901 -0.128074 14.1576 0.899037 -0.437433 0.0196226 -0.125393 -0.0735447 -0.106673 0.991571 0.972837
-0.42838 -0.895084 -0.123752 14.1896 0.900965 -0.433555 0.0170697 -0.0387371 -0.068932 -0.104184 0.992166 0.98469
-0.438333 -0.892037 -0.110159 14.2297 0.896368 -0.442879 0.0195789 0.0215972 -0.0662524 -0.0901612 0.993721 0.998702
-0.424718 -0.900386 -0.0944463 14.276 0.903465 -0.428217 0.0195068 0.0976479 -0.0580071 -0.077044 0.995339 0.992622
-0.432692 -0.896869 -0.0916753 14.3474 0.899348 -0.436491 0.0254704 0.167408 -0.0628591 -0.0714271 0.995463 0.989024
-0.452381 -0.887326 -0.0894683 14.399 0.889373 -0.456295 0.0284649 0.246192 -0.0660816 -0.0666938 0.995583 1.00091
-0.454524 -0.886164 -0.0901146 14.4405 0.887739 -0.458962 0.0356927 0.30886 -0.0729888 -0.063775 0.995292 1.03321
-0.469294 -0.879094 -0.0834138 14.4888 0.879676 -0.473655 0.0426873 0.391076 -0.0770355 -0.0533442 0.9956 1.03253
-0.48809 -0.86929 -0.0781202 14.5407 0.86889 -0.492412 0.0505995 0.47639 -0.0824529 -0.0431808 0.995659 1.04235
-0.500347 -0.862744 -0.0729793 14.5766 0.861643 -0.504433 0.0558498 0.550293 -0.0849973 -0.0349378 0.995768 1.04734
-0.499684 -0.863455 -0.0690044 14.6052 0.863012 -0.503095 0.0458848 0.624366 -0.0743353 -0.0366237 0.996561 1.03776
-0.508739 -0.858068 -0.07003 14.639 0.858599 -0.511656 0.0318766 0.685458 -0.0631835 -0.0439108 0.997035 1.03587
-0.502667 -0.861433 -0.072513 14.6658 0.863119 -0.504812 0.0137894 0.791856 -0.0484841 -0.0556559 0.997272 1.04361
-0.491227 -0.867244 -0.0811427 14.7161 0.869321 -0.493966 0.0167038 0.865998 -0.054568 -0.0623337 0.996563 1.06904
-0.480878 -0.873025 -0.0811379 14.7301 0.874686 -0.48407 0.0245017 0.926325 -0.060667 -0.0591879 0.996402 1.08765
-0.489205 -0.869512 -0.0680293 14.7709 0.870474 -0.491627 0.0240454 1.01275 -0.0543528 -0.0474546 0.997394 1.08631
-0.495716 -0.86651 -0.0585347 14.8065 0.867077 -0.497623 0.0234255 1.10014 -0.0494267 -0.0391417 0.99801 1.08952
-0.505623 -0.860795 -0.0581205 14.8524 0.86136 -0.507487 0.0226929 1.19562 -0.0490293 -0.0385887 0.998052 1.09424
-0.508667 -0.858578 -0.0640479 14.8748 0.85935 -0.510859 0.0232473 1.22481 -0.0526791 -0.0432144 0.997676 1.08131
-0.523775 -0.847995 -0.0810166 14.9417 0.849771 -0.526775 0.0199133 1.33592 -0.0595639 -0.0584155 0.996514 1.10038
-0.522182 -0.848732 -0.0835467 14.9662 0.851091 -0.524868 0.0125387 1.41548 -0.054493 -0.0645584 0.996425 1.10846
-0.531265 -0.843112 -0.0831859 15.018 0.845502 -0.533859 0.0110196 1.46512 -0.0537003 -0.0644795 0.996473 1.13014
-0.531214 -0.843908 -0.0750397 15.0581 0.845711 -0.533488 0.0128006 1.54536 -0.0508353 -0.056662 0.997098 1.12936
-0.511718 -0.856714 -0.0647001 15.0949 0.857986 -0.513496 0.0134799 1.61165 -0.0447717 -0.0486139 0.997814 1.1203
-0.521368 -0.850948 -0.0637421 15.143 0.85239 -0.522847 0.00794325 1.70387 -0.0400866 -0.0501917 0.997935 1.11859
-0.520821 -0.850446 -0.0740775 15.1837 0.852804 -0.522231 -0.000393394 1.74601 -0.038351 -0.0633784 0.997252 1.13743
-0.506392 -0.85757 -0.0902308 15.2378 0.861774 -0.506968 -0.0181156 1.84619 -0.0302088 -0.0869322 0.995756 1.15516
-0.491778 -0.86412 -0.107009 15.2853 0.870187 -0.492054 -0.0256462 1.91483 -0.030493 -0.10573 0.993927 1.17446
-0.49713 -0.861128 -0.106398 15.3237 0.867353 -0.496541 -0.0338516 1.98934 -0.0236806 -0.109114 0.993747 1.19836
-0.490565 -0.864652 -0.108275 15.3587 0.871182 -0.489449 -0.0384977 2.05381 -0.0197079 -0.113213 0.993375 1.18519
-0.497874 -0.859006 -0.119292 15.4087 0.867088 -0.495702 -0.0493753 2.10979 -0.0167198 -0.12802 0.991631 1.19465
-0.496649 -0.858183 -0.129849 15.4623 0.867632 -0.494936 -0.0474652 2.17776 -0.0235332 -0.136235 0.990397 1.19693
-0.491251 -0.859232 -0.142806 15.5199 0.870307 -0.490832 -0.0406189 2.23233 -0.0351928 -0.144239 0.988917 1.20666
-0.511877 -0.847665 -0.139449 15.5601 0.857938 -0.512718 -0.0325961 2.29629 -0.0438674 -0.136324 0.989693 1.22254
-0.511941 -0.848268 -0.135491 15.649 0.857156 -0.514823 -0.0155394 2.37838 -0.0565721 -0.124092 0.990657 1.22871
-0.515812 -0.847894 -0.122533 15.6965 0.854086 -0.520118 0.00373351 2.44359 -0.0668975 -0.102728 0.992457 1.25239
-0.514381 -0.849828 -0.114912 15.7482 0.854738 -0.518929 0.0116605 2.48967 -0.0695405 -0.0922215 0.993307 1.2365
-0.511195 -0.852409 -0.109899 15.7931 0.857312 -0.514773 0.00494372 2.55552 -0.0607873 -0.0916909 0.99393 1.24164
-0.499969 -0.858316 -0.115428 15.8557 0.864254 -0.503047 -0.00283086 2.62852 -0.0556362 -0.101175 0.993312 1.24048
-0.485701 -0.86569 -0.121141 15.9049 0.872572 -0.488417 -0.00818682 2.7176 -0.0520798 -0.10968 0.992602 1.2609
-0.471475 -0.874194 -0.11617 15.9594 0.880088 -0.47481 0.00117866 2.79303 -0.0561891 -0.101684 0.993229 1.27741
-0.467475 -0.876785 -0.112766 15.9973 0.881816 -0.471482 0.0102949 2.86739 -0.0621934 -0.094626 0.993568 1.29018
-0.47753 -0.871707 -0.10996 16.0431 0.875784 -0.482287 0.020009 2.94751 -0.0704744 -0.0867466 0.993735 1.31019
-0.471565 -0.874243 -0.115435 16.0724 0.878907 -0.476609 0.0191486 2.98517 -0.071758 -0.0924271 0.99313 1.29333
-0.480899 -0.868016 -0.12363 16.1205 0.873664 -0.486274 0.0157707 3.09812 -0.0738075 -0.100427 0.992203 1.30425
-0.487938 -0.861172 -0.142478 16.1789 0.868193 -0.4957 0.0228727 3.15205 -0.0903237 -0.112538 0.989534 1.30091
-0.487866 -0.859273 -0.153744 16.2148 0.867157 -0.497273 0.0275533 3.24807 -0.100128 -0.119878 0.987726 1.31802
-0.4996 -0.851675 -0.158273 16.2614 0.85938 -0.510266 0.0330705 3.30916 -0.108927 -0.119495 0.986841 1.34568
-0.495008 -0.854768 -0.156009 16.2988 0.860891 -0.506786 0.045107 3.39417 -0.11762 -0.111979 0.986725 1.35583
-0.501815 -0.853108 -0.142791 16.3465 0.857252 -0.512522 0.0494063 3.49678 -0.115332 -0.0976152 0.988519 1.35925
-0.515307 -0.847061 -0.13018 16.3901 0.850169 -0.524413 0.046946 3.56248 -0.108034 -0.0864836 0.990378 1.3424
-0.506555 -0.854247 -0.116892 16.418 0.856497 -0.514132 0.0456251 3.68412 -0.0990729 -0.0770059 0.992096 1.35355
-0.490805 -0.86317 -0.118521 16.4541 0.865632 -0.498546 0.0461804 3.77986 -0.0989499 -0.0799304 0.991877 1.37866
-0.464847 -0.877303 -0.119398 16.4692 0.878969 -0.473473 0.0568898 3.85494 -0.106441 -0.078502 0.991215 1.4177
-0.460473 -0.880192 -0.115009 16.4745 0.880941 -0.469056 0.0626873 3.92455 -0.109122 -0.0724501 0.991385 1.44932
-0.472028 -0.874459 -0.111848 16.5025 0.875657 -0.479752 0.0553338 3.98693 -0.102047 -0.0718217 0.992184 1.44341
-0.479579 -0.870812 -0.108119 16.5257 0.87163 -0.486968 0.0558837 4.05052 -0.101315 -0.0674394 0.992566 1.437
-0.492557 -0.86341 -0.109137 16.567 0.863789 -0.500311 0.0596342 4.17763 -0.106091 -0.0648984 0.992236 1.43733
-0.51598 -0.848865 -0.114859 16.5958 0.849289 -0.524438 0.0606087 4.26201 -0.111685 -0.0662754 0.991531 1.43386
-0.551166 -0.826398 -0.11525 16.6023 0.827418 -0.559144 0.0523222 4.33553 -0.10768 -0.0665216 0.991958 1.44385
-0.566207 -0.817845 -0.102658 16.6247 0.819003 -0.572262 0.041846 4.42903 -0.0929708 -0.0603837 0.993836 1.46715
-0.57179 -0.816055 -0.0843286 16.6335 0.816717 -0.575937 0.0356437 4.47313 -0.0776552 -0.0484918 0.9958 1.47202
-0.583109 -0.809044 -0.0737001 16.6829 0.80986 -0.586053 0.0258644 4.57539 -0.0641176 -0.044605 0.996945 1.47469
-0.579256 -0.812321 -0.0678062 16.7005 0.813352 -0.581493 0.0179972 4.62608 -0.0540484 -0.0447254 0.997536 1.46022
-0.559925 -0.826009 -0.0647525 16.7143 0.826932 -0.561999 0.0184763 4.7421 -0.0516524 -0.0432005 0.99773 1.45253
-0.545871 -0.834946 -0.0699282 16.7375 0.836499 -0.547848 0.0114937 4.83066 -0.0479067 -0.0522208 0.997486 1.46151
-0.533545 -0.843019 -0.0681801 16.7739 0.844959 -0.534831 0.000730048 4.95444 -0.0370803 -0.0572198 0.997673 1.50042
-0.522064 -0.850526 -0.0636684 16.7826 0.852077 -0.523393 0.00503902 5.01976 -0.0376094 -0.0516197 0.997958 1.50369
-0.521041 -0.851656 -0.0565505 16.8513 0.852903 -0.522055 0.00377166 5.12006 -0.0327346 -0.0462669 0.998393 1.51589
-0.520466 -0.852354 -0.0510663 16.8543 0.85359 -0.520921 -0.00501919 5.16215 -0.0223234 -0.0462021 0.998683 1.53023
-0.515137 -0.855125 -0.0582694 16.9163 0.856897 -0.515328 -0.0128614 5.2871 -0.0190297 -0.0565563 0.998218 1.51498
-0.519996 -0.85118 -0.0713909 16.9443 0.85367 -0.52073 -0.00938907 5.34183 -0.0291836 -0.0658265 0.997404 1.52152
-0.520384 -0.848547 -0.0957545 16.9651 0.85328 -0.521089 -0.0194698 5.36728 -0.0333757 -0.0918372 0.995215 1.51958
-0.522914 -0.846396 -0.100871 17.0101 0.851505 -0.524081 -0.0166831 5.47512 -0.038744 -0.0946158 0.99476 1.55966
-0.513274 -0.852655 -0.0976152 17.0636 0.857204 -0.514882 -0.00987915 5.53768 -0.0418368 -0.0887469 0.995175 1.5687
-0.520927 -0.848292 -0.0950601 17.109 0.852143 -0.523308 0.000145396 5.57924 -0.0498691 -0.0809291 0.995472 1.60093
-0.515124 -0.851839 -0.0949622 17.16 0.855715 -0.517448 -0.000180475 5.68777 -0.0489842 -0.0813535 0.995481 1.57561
-0.496393 -0.862731 -0.0963851 17.2005 0.866479 -0.499182 0.00565873 5.74801 -0.0529956 -0.0807067 0.995328 1.58071
-0.488506 -0.86754 -0.0934701 17.269 0.871052 -0.491152 0.00620545 5.88016 -0.0512916 -0.0783859 0.995603 1.58
-0.486948 -0.869653 -0.0811426 17.3141 0.871867 -0.489531 0.0143926 5.97665 -0.0522384 -0.0637371 0.996599 1.62694
-0.47328 -0.878169 -0.0694712 17.3336 0.879423 -0.475592 0.0206891 6.03102 -0.0512085 -0.0513028 0.997369 1.63252
-0.488024 -0.870883 -0.0582756 17.3853 0.871445 -0.489922 0.0236564 6.08578 -0.0491525 -0.0392391 0.99802 1.64356
-0.481035 -0.875071 -0.0534504 17.4292 0.875582 -0.482607 0.0211466 6.16107 -0.0443003 -0.0366279 0.998347 1.64735
-0.479193 -0.875396 -0.0636841 17.4951 0.876043 -0.481492 0.0267412 6.23593 -0.0540726 -0.0429758 0.997612 1.6302
-0.483301 -0.871775 -0.0801719 17.565 0.87318 -0.486616 0.0275822 6.35518 -0.0630585 -0.056674 0.996399 1.63855
-0.504746 -0.858005 -0.0951749 17.6186 0.860098 -0.509266 0.0296455 6.36743 -0.0739053 -0.0668963 0.995019 1.64652
-0.522655 -0.84746 -0.0929718 17.6327 0.849381 -0.526996 0.028768 6.43382 -0.0733754 -0.0639327 0.995253 1.68108
-0.532439 -0.841857 -0.0882378 17.6835 0.84292 -0.536853 0.0356995 6.51037 -0.0774246 -0.0553696 0.99546 1.68899
-0.548101 -0.832198 -0.0838527 17.7242 0.832462 -0.552496 0.0418928 6.5931 -0.0811914 -0.0468427 0.995597 1.69035
-0.560656 -0.824264 -0.0790815 17.7712 0.82419 -0.564702 0.0426912 6.68674 -0.0798463 -0.0412431 0.995954 1.69401
-0.565835 -0.820559 -0.080701 17.7985 0.820731 -0.569902 0.0401466 6.74591 -0.0789344 -0.0435174 0.99593 1.68951
-0.562739 -0.821268 -0.0940366 17.8369 0.822868 -0.567386 0.0310161 6.80407 -0.0788276 -0.0599257 0.995085 1.69104
-0.56507 -0.818445 -0.104136 17.8607 0.821252 -0.570061 0.0239986 6.88218 -0.0790055 -0.0719611 0.994273 1.7032
-0.560114 -0.821798 -0.1045 17.8905 0.825082 -0.564709 0.0185399 6.96442 -0.0742479 -0.0758363 0.994352 1.74997
-0.576369 -0.811496 -0.0962946 17.9304 0.814232 -0.580298 0.0167438 7.04978 -0.0694672 -0.0687555 0.995212 1.74688
-0.576314 -0.812715 -0.0857649 17.9345 0.815011 -0.579302 0.0128931 7.1037 -0.0601622 -0.0624689 0.996232 1.75473
-0.585798 -0.805161 -0.0925032 17.9719 0.808041 -0.589042 0.00999819 7.19366 -0.0625384 -0.0688894 0.995662 1.73999
-0.59116 -0.799638 -0.105399 17.9982 0.803477 -0.595259 0.00956967 7.26032 -0.0703917 -0.0790281 0.994384 1.73196
-0.57357 -0.810118 -0.121351 18.0241 0.815822 -0.578285 0.00451542 7.35504 -0.0738337 -0.0964112 0.992599 1.75994
-0.584591 -0.800371 -0.132886 18.0497 0.807399 -0.590003 0.0016755 7.3901 -0.0797444 -0.106313 0.99113 1.77307
-0.609881 -0.783022 -0.122153 18.0742 0.787993 -0.615574 0.011679 7.45089 -0.0843391 -0.0891329 0.992443 1.76717
-0.608013 -0.785649 -0.114349 18.1071 0.78884 -0.614097 0.0248275 7.55517 -0.0897271 -0.0751078 0.99313 1.79398
-0.60982 -0.784272 -0.114179 18.133 0.786194 -0.616821 0.0378288 7.64327 -0.100096 -0.0666978 0.99274 1.78699
-0.616104 -0.779512 -0.113037 18.1688 0.781255 -0.623035 0.0383004 7.72929 -0.100282 -0.0647139 0.992852 1.77112
-0.619195 -0.777721 -0.108381 18.1873 0.77937 -0.625528 0.0360193 7.80801 -0.0958083 -0.062166 0.993457 1.78494
-0.606601 -0.787317 -0.110305 18.215 0.790119 -0.612402 0.0259989 7.90145 -0.0880205 -0.0713831 0.993558 1.80549
-0.59948 -0.792781 -0.1101 18.2485 0.795488 -0.605345 0.0274911 7.97707 -0.0884431 -0.0711032 0.99354 1.83399
-0.584741 -0.804569 -0.103666 18.2687 0.806989 -0.589957 0.0268316 8.07198 -0.082746 -0.0679674 0.99425 1.84253
-0.598716 -0.794606 -0.1007 18.3098 0.796758 -0.603712 0.0266238 8.13749 -0.081949 -0.0642931 0.994561 1.85396
-0.584102 -0.806451 -0.0919925 18.3485 0.808394 -0.588177 0.0233879 8.24934 -0.072969 -0.0607053 0.995485 1.83281
-0.562848 -0.821639 -0.0900684 18.3676 0.822899 -0.567263 0.0324013 8.26942 -0.0777146 -0.0558802 0.995408 1.84737
-0.574363 -0.813334 -0.0927079 18.4234 0.814851 -0.578881 0.0302335 8.36994 -0.0782567 -0.0581781 0.995234 1.82694
-0.584091 -0.806454 -0.0920302 18.4738 0.808301 -0.58825 0.0247178 8.4467 -0.0740705 -0.0599507 0.995449 1.84348
-0.59085 -0.80148 -0.0923389 18.5123 0.803278 -0.595073 0.0251571 8.51549 -0.0751113 -0.0593097 0.99541 1.85859
-0.586099 -0.805428 -0.0881694 18.5566 0.806538 -0.590347 0.0314231 8.57994 -0.0773596 -0.0526949 0.99561 1.8577
-0.582672 -0.80846 -0.0829791 18.6023 0.808339 -0.587083 0.0438278 8.65337 -0.0841487 -0.041538 0.995587 1.84397
-0.564009 -0.821558 -0.0832867 18.6362 0.820538 -0.568913 0.0552744 8.72189 -0.092794 -0.0371647 0.994991 1.8684
-0.545082 -0.834273 -0.0829151 18.6709 0.833247 -0.550017 0.0564006 8.79278 -0.0926582 -0.0383458 0.994959 1.86802
-0.542818 -0.836246 -0.0777191 18.7193 0.834612 -0.547437 0.0611149 8.88423 -0.0936535 -0.031691 0.9951 1.83641
-0.529908 -0.844951 -0.0725004 18.7558 0.843464 -0.533993 0.0584727 8.95802 -0.0881212 -0.0301664 0.995653 1.86758
-0.5251 -0.848837 -0.0611961 18.8042 0.847006 -0.528251 0.0594198 9.08162 -0.0827646 -0.0206322 0.996356 1.89185
-0.507976 -0.860025 -0.0481381 18.8342 0.856991 -0.510232 0.072317 9.1189 -0.086756 -0.00451858 0.996219 1.89741
-0.510265 -0.859556 -0.028146 18.8857 0.856165 -0.510802 0.0778637 9.20323 -0.0813052 0.0156335 0.996567 1.897
-0.508757 -0.860748 -0.0166882 18.9392 0.857506 -0.508372 0.0790032 9.29265 -0.0764857 0.0258833 0.996735 1.89235
-0.5194 -0.854453 -0.0115297 18.9597 0.851374 -0.518593 0.0788979 9.32624 -0.0733938 0.0311634 0.996816 1.89082
-0.511148 -0.859246 -0.0206058 19.0044 0.855981 -0.511078 0.0780769 9.4086 -0.0776184 0.0222707 0.996734 1.88798
-0.509374 -0.859809 -0.0356044 19.0276 0.857003 -0.510593 0.0695794 9.4721 -0.0780043 0.00492879 0.996941 1.88827
-0.538941 -0.841586 -0.0357214 19.0632 0.838921 -0.540088 0.0672071 9.54713 -0.0758532 0.00625323 0.997099 1.9251
-0.538665 -0.841966 -0.0305462 19.1012 0.839937 -0.539497 0.0587184 9.60849 -0.0659185 0.00597268 0.997807 1.93249
-0.540803 -0.840643 -0.029185 19.1376 0.838629 -0.541542 0.0585899 9.65994 -0.0650581 0.00721018 0.997855 1.93827
-0.532044 -0.846259 -0.0278212 19.1553 0.844364 -0.532727 0.0570141 9.70533 -0.0630698 0.00684278 0.997986 1.92613
-0.527205 -0.849315 -0.0268095 19.1997 0.84799 -0.527881 0.0474829 9.77409 -0.0544802 0.00229897 0.998512 1.94761
-0.532865 -0.84582 -0.0253745 19.2335 0.844841 -0.533469 0.0406739 9.84827 -0.0479393 0.000236237 0.99885 1.94947
-0.521684 -0.852797 -0.0241351 19.2526 0.8522 -0.522228 0.0321405 9.92367 -0.0400134 -0.00380077 0.999192 1.96654
-0.508855 -0.860614 -0.0202487 19.2874 0.860014 -0.509256 0.0321623 10.0244 -0.0379911 -0.00104822 0.999278 1.98268
-0.503654 -0.86384 -0.0106335 19.3019 0.863274 -0.503718 0.0320336 10.075 -0.0330282 0.00695424 0.99943 1.96915
-0.515094 -0.857122 0.00447598 19.3349 0.856604 -0.514585 0.0378376 10.1057 -0.0301282 0.0233241 0.999274 1.98361
-0.499519 -0.866241 0.0103859 19.3558 0.86585 -0.498834 0.0383079 10.1499 -0.028003 0.0281282 0.999212 1.97899
-0.500225 -0.865839 0.00991919 19.3897 0.865263 -0.499388 0.0439539 10.2601 -0.0331034 0.0305695 0.998984 1.99948
-0.503411 -0.864046 0.00115401 19.423 0.863025 -0.50275 0.0493099 10.3162 -0.0420259 0.0258191 0.998783 1.99872
-0.498001 -0.867129 -0.00907786 19.4507 0.865902 -0.497809 0.0489955 10.3894 -0.0470044 0.0165392 0.998758 1.99374
-0.511228 -0.859301 -0.0157555 19.4795 0.857778 -0.511292 0.052892 10.4578 -0.0535058 0.0135251 0.998476 2.00848
-0.515128 -0.857037 -0.0114323 19.5212 0.854978 -0.51474 0.0636866 10.5401 -0.0604665 0.0230324 0.997904 2.01341
-0.508779 -0.860895 -0.00194226 19.5414 0.858502 -0.50753 0.0734035 10.6115 -0.0641785 0.0356787 0.9973 2.02632
-0.510656 -0.859782 0.00254301 19.586 0.856158 -0.508228 0.0932599 10.6737 -0.0788907 0.0498009 0.995639 2.04884
