1 0 0 0 0 1 0 0 -0 0 1 0
0.999955 -0.00100616 -0.00943227 0.0510449 0.00102404 0.999998 0.00189015 -0.0899815 0.00943035 -0.00189973 0.999954 0.0176193
0.999718 0.0203658 -0.0122178 0.113813 -0.0203614 0.999793 0.000489466 -0.158226 0.0122253 -0.000240557 0.999925 0.0122247
0.999936 0.0105747 -0.0039292 0.154028 -0.0105169 0.99984 0.0144447 -0.239142 0.00408132 -0.0144025 0.999888 0.00493227
0.999977 0.000825857 0.00668677 0.218156 -0.000975842 0.999747 0.0224581 -0.320783 -0.00666653 -0.0224641 0.999725 0.0183082
0.999551 -0.017027 0.0246692 0.253599 0.0164965 0.999632 0.021551 -0.405562 -0.0250271 -0.0211343 0.999463 8.60455e-05
0.998872 -0.0275036 0.0387034 0.29491 0.0268792 0.999501 0.0165638 -0.460154 -0.0391396 -0.0155048 0.999113 0.00897656
0.998813 -0.0238162 0.0424871 0.362109 0.0228108 0.999452 0.0239954 -0.538463 -0.0430353 -0.0229978 0.998809 0.00319218
0.998961 0.00519974 0.0452761 0.412569 -0.0066046 0.9995 0.0309346 -0.591648 -0.0450926 -0.0312015 0.998495 0.00908468
0.998972 0.0219846 0.039643 0.454258 -0.0234672 0.999027 0.0373277 -0.651377 -0.0387838 -0.0382196 0.998516 -0.00601467
0.998986 0.0337969 0.0297289 0.5207 -0.0348966 0.998695 0.0372859 -0.715613 -0.02843 -0.0382855 0.998862 -0.00332133
0.998853 0.0404912 0.0255626 0.570814 -0.0412253 0.998733 0.0288743 -0.770202 -0.0243611 -0.029895 0.999256 0.0108792
0.99763 0.0660144 0.0193959 0.617201 -0.0666767 0.997134 0.0357539 -0.821876 -0.01698 -0.0369624 0.999172 0.00815708
0.996096 0.0864299 0.0179623 0.666402 -0.0870837 0.995417 0.0395256 -0.876392 -0.0144638 -0.0409355 0.999057 0.018131
0.996928 0.0776345 0.0103583 0.710011 -0.0780305 0.995896 0.0458497 -0.931068 -0.00675624 -0.0465171 0.998895 0.0327316
0.997753 0.0666088 -0.00729378 0.782377 -0.0661211 0.996353 0.0539354 -0.987428 0.0108598 -0.0533319 0.998518 -0.00654179
0.997331 0.0714084 -0.0152124 0.83037 -0.0701606 0.995012 0.0709155 -1.06018 0.0202005 -0.0696589 0.997366 -0.0124402
0.997484 0.0691602 -0.0155982 0.863636 -0.067753 0.994682 0.0775677 -1.10775 0.0208798 -0.0763157 0.996865 0.0116966
0.999148 0.036693 -0.0188984 0.917501 -0.0351649 0.996512 0.0756741 -1.1809 0.0216092 -0.074945 0.996954 0.00986555
0.99887 0.0425442 -0.0211697 0.994371 -0.0407561 0.996063 0.0787276 -1.26174 0.0244357 -0.0777758 0.996671 0.0209638
0.999123 0.0387181 -0.0159212 1.06285 -0.0373659 0.996261 0.0778966 -1.33882 0.0188777 -0.0772334 0.996834 0.0365493
0.999267 0.0338169 -0.0179362 1.12385 -0.0324183 0.996787 0.0732414 -1.40093 0.0203554 -0.0726063 0.997153 0.0174991
0.998322 0.0511381 -0.0271628 1.19654 -0.0492585 0.996612 0.0658604 -1.48283 0.0304388 -0.0644119 0.997459 -0.000765433
0.998017 0.0509567 -0.03694 1.23261 -0.0488344 0.997222 0.0562428 -1.54438 0.0397033 -0.0543274 0.997734 -0.0173836
0.995739 0.0765154 -0.051475 1.30932 -0.0742535 0.996246 0.044509 -1.61172 0.0546873 -0.0404972 0.997682 0.000948213
0.990672 0.126065 -0.0517418 1.36373 -0.124066 0.99146 0.0401903 -1.67637 0.0563665 -0.033396 0.997851 0.00985653
0.992119 0.111236 -0.0576792 1.416 -0.109675 0.993527 0.0295743 -1.74159 0.0605956 -0.0230153 0.997897 0.0183359
0.991552 0.114892 -0.0602038 1.46438 -0.113262 0.993117 0.0298213 -1.81207 0.0632157 -0.0227505 0.997741 0.023628
0.990883 0.123564 -0.0536993 1.52529 -0.121908 0.991989 0.0331119 -1.89642 0.0573605 -0.0262636 0.998008 0.00303318
0.992667 0.114074 -0.039987 1.56261 -0.112357 0.992744 0.042828 -1.96599 0.0445824 -0.0380212 0.998282 -0.00220165
0.994012 0.106529 -0.0243382 1.6521 -0.105285 0.993297 0.0477039 -2.06841 0.0292569 -0.0448558 0.998565 -0.00980507
0.994685 0.102967 0.000539438 1.69708 -0.102873 0.993518 0.0483687 -2.13153 0.00444444 -0.0481671 0.998829 0.0153012
0.995692 0.0918772 0.0124874 1.73393 -0.0924007 0.994404 0.0512189 -2.21317 -0.00771165 -0.0521521 0.998609 0.0291711
0.996072 0.0867439 0.017762 1.79569 -0.0874569 0.995181 0.0443385 -2.30286 -0.0138303 -0.0457178 0.998859 0.0228235
0.994616 0.103297 0.00830865 1.84745 -0.103546 0.993843 0.0394153 -2.3656 -0.00418603 -0.0400635 0.999188 0.0041016
0.995273 0.0964736 -0.0111934 1.91699 -0.0960281 0.994757 0.0351693 -2.46282 0.0145277 -0.0339282 0.999319 -0.00929857
0.992945 0.117109 -0.0185879 1.94501 -0.116274 0.992372 0.0409546 -2.52141 0.0232422 -0.0385044 0.998988 0.00956053
0.986758 0.161543 -0.0146117 2.00295 -0.160705 0.985885 0.0469477 -2.61428 0.0219896 -0.0439778 0.99879 0.0112721
0.984342 0.175677 -0.0144478 2.04864 -0.174841 0.983492 0.0466281 -2.68417 0.0224007 -0.0433719 0.998808 0.0153793
0.987714 0.153673 -0.028385 2.09904 -0.152436 0.987439 0.0415532 -2.76558 0.034414 -0.0367158 0.998733 0.00981899
0.985453 0.165013 -0.0406449 2.14386 -0.163811 0.985994 0.0313374 -2.83326 0.0452467 -0.0242235 0.998682 -0.00772749
0.983892 0.172702 -0.0461507 2.19323 -0.171031 0.984532 0.038018 -2.92662 0.0520026 -0.0295124 0.998211 -0.0245724
0.988619 0.146249 -0.0352613 2.23612 -0.144471 0.988315 0.0485868 -3.01038 0.0419551 -0.0429396 0.998196 -0.0155293
0.98389 0.177845 -0.0182103 2.30377 -0.17638 0.982278 0.0634046 -3.11024 0.0291638 -0.0591713 0.997822 0.00441126
0.987109 0.1596 -0.011979 2.38481 -0.158652 0.985614 0.0582569 -3.20858 0.0211045 -0.0556054 0.99823 0.0116591
0.991805 0.127752 -0.00130399 2.42062 -0.127534 0.99061 0.0492682 -3.29013 0.00758587 -0.0486981 0.998785 0.00980258
0.99159 0.129413 -0.000872359 2.47402 -0.129261 0.990711 0.0422322 -3.37356 0.00632966 -0.0417643 0.999107 -0.0075367
0.992391 0.123012 -0.00536201 2.5285 -0.122696 0.991613 0.0406106 -3.46634 0.0103126 -0.0396436 0.999161 -0.00474481
0.992031 0.125191 -0.0142195 2.59511 -0.124537 0.991404 0.0401163 -3.5596 0.0191195 -0.0380257 0.999094 -0.0086135
0.991674 0.128619 -0.00638559 2.6521 -0.128257 0.990906 0.0406913 -3.65383 0.0115612 -0.0395335 0.999151 -0.00543291
0.98677 0.162059 0.00474545 2.7074 -0.162127 0.9862 0.0335297 -3.74901 0.000753815 -0.0338554 0.999426 0.0120196
0.989607 0.143624 0.0070587 2.74407 -0.143749 0.989358 0.0225131 -3.8501 -0.00375015 -0.0232938 0.999722 0.0179278
0.992589 0.121389 -0.00563991 2.8163 -0.121231 0.992361 0.0228815 -3.94753 0.00837438 -0.0220282 0.999722 -0.00164148
0.990102 0.140345 0.00109587 2.85155 -0.140323 0.989736 0.027061 -4.04341 0.00271325 -0.0269469 0.999633 0.000902175
0.992704 0.11943 0.0165746 2.90333 -0.119941 0.992188 0.0343068 -4.15368 -0.0123479 -0.0360445 0.999274 -0.00794595
0.994737 0.0955012 0.0371121 2.95057 -0.0967915 0.9947 0.0346811 -4.24419 -0.0336033 -0.0380907 0.998709 -0.00311399
0.994335 0.0927453 0.0519173 3.00273 -0.0944481 0.995036 0.0313626 -4.34705 -0.0487509 -0.0360884 0.998159 -0.00262856
0.994567 0.0871269 0.0569695 3.05067 -0.0884109 0.995875 0.0204155 -4.42858 -0.0549558 -0.0253413 0.998167 0.000786531
0.995309 0.0820122 0.0513296 3.1053 -0.0828273 0.996466 0.013956 -4.5202 -0.0500036 -0.0181421 0.998584 -0.0168224
0.995723 0.0851711 0.0358064 3.13654 -0.0857015 0.996229 0.0135463 -4.60084 -0.0345176 -0.016557 0.999267 -0.0112018
0.994207 0.104786 0.0239058 3.19849 -0.105269 0.994244 0.0199292 -4.70001 -0.0216799 -0.0223303 0.999516 -0.0207316
0.9936 0.111544 0.0178058 3.25962 -0.111986 0.993366 0.0261481 -4.78635 -0.0147711 -0.0279748 0.999499 -0.00032108
0.991834 0.125074 0.0249243 3.30569 -0.125875 0.991474 0.0336942 -4.85295 -0.0204976 -0.0365564 0.999121 -0.00176715
0.988443 0.149468 0.0252891 3.35765 -0.150077 0.988379 0.0241489 -4.93389 -0.0213858 -0.0276651 0.999388 0.00921818
0.99114 0.13177 0.016696 3.41297 -0.132118 0.990994 0.0218034 -5.01422 -0.0136726 -0.023816 0.999623 0.00858574
0.990973 0.132589 0.0198253 3.47472 -0.133036 0.990838 0.023263 -5.09412 -0.0165592 -0.0256904 0.999533 -0.00900402
0.990463 0.135801 0.0232465 3.53936 -0.1365 0.990133 0.0316852 -5.17942 -0.0187142 -0.0345562 0.999228 -0.0051445
0.994091 0.102278 0.0363639 3.59561 -0.103593 0.993955 0.0363493 -5.27798 -0.0324264 -0.0399016 0.998677 -0.0062313
0.995247 0.088433 0.0407811 3.66945 -0.0899337 0.995277 0.0365591 -5.35688 -0.0373554 -0.0400529 0.998499 0.0140199
0.994916 0.0888433 0.0474162 3.71527 -0.0903529 0.995437 0.0307005 -5.45271 -0.0444723 -0.0348286 0.998403 0.0271512
0.996846 0.0645022 0.0462385 3.76821 -0.0659825 0.997332 0.0312368 -5.51975 -0.0441003 -0.0341892 0.998442 0.0123842
0.996217 0.0803329 0.0331392 3.82786 -0.0814694 0.996079 0.0344998 -5.59176 -0.0302377 -0.0370691 0.998855 -0.00197864
0.99506 0.0965001 0.0233114 3.88088 -0.097361 0.994479 0.0391571 -5.66994 -0.019404 -0.0412333 0.998961 -0.0228223
0.995647 0.0915668 0.0174091 3.95164 -0.0922122 0.994902 0.0408312 -5.76588 -0.0135816 -0.0422588 0.999014 -0.00263604
0.994862 0.0994934 0.018714 4.01906 -0.100161 0.994207 0.0389975 -5.85954 -0.0147256 -0.0406716 0.999064 0.00377633
0.992451 0.120561 0.0225023 4.05817 -0.121212 0.992165 0.0302658 -5.95518 -0.0186771 -0.0327649 0.999289 0.0171879
0.993704 0.111447 0.0114641 4.11649 -0.111637 0.993593 0.0176265 -6.03372 -0.00942625 -0.0187954 0.999779 0.00546557
0.994508 0.104535 0.0051188 4.14951 -0.10459 0.994445 0.0118597 -6.11361 -0.0038506 -0.01233 0.999917 -0.000996019
0.994833 0.101511 0.0014032 4.18937 -0.10152 0.994691 0.0168181 -6.20088 0.000311468 -0.0168737 0.999858 -0.00452851
0.99584 0.0905978 0.00969396 4.22522 -0.0908606 0.995368 0.031406 -6.29714 -0.00680374 -0.0321562 0.99946 -0.0015315
0.997707 0.0675013 0.00502112 4.27558 -0.0676515 0.996853 0.0413106 -6.39241 -0.0022168 -0.0415555 0.999134 0.0112771
0.998422 0.0561304 -0.00140357 4.29042 -0.0559984 0.997275 0.0480383 -6.46113 0.00409615 -0.0478839 0.998845 0.0241489
0.996535 0.0823688 -0.0115757 4.34181 -0.0816777 0.99535 0.0510645 -6.54205 0.015728 -0.0499421 0.998628 0.0170753
0.997893 0.0606943 -0.0229164 4.38804 -0.0592846 0.996563 0.0578584 -6.63185 0.0263493 -0.056378 0.998062 0.0177728
0.997044 0.0640868 -0.0423704 4.43425 -0.0611147 0.995807 0.0680684 -6.71304 0.046555 -0.0652778 0.996781 0.000692383
0.994982 0.0864267 -0.0504176 4.49831 -0.0824497 0.993674 0.076245 -6.80145 0.0566882 -0.0717055 0.995814 0.0107572
0.994004 0.0976475 -0.0492072 4.56511 -0.0939446 0.992923 0.0726535 -6.90656 0.0559534 -0.0675951 0.996143 0.0321217
0.995339 0.0905521 -0.0331866 4.62169 -0.0882744 0.993996 0.0646511 -6.98318 0.0388416 -0.0614202 0.997356 0.044339
0.996102 0.0847297 -0.0245143 4.67469 -0.083371 0.995163 0.0519631 -7.06906 0.0287985 -0.0497168 0.998348 0.045837
0.997526 0.0676534 -0.0190841 4.71191 -0.0667635 0.996801 0.0439448 -7.15422 0.0219961 -0.0425619 0.998852 0.0263291
0.997602 0.068839 -0.00720123 4.7649 -0.0685106 0.996897 0.0387602 -7.25803 0.00984711 -0.0381739 0.999223 0.0121245
0.998219 0.0587106 0.0105368 4.82775 -0.0591249 0.997252 0.0446394 -7.35854 -0.00788699 -0.0451829 0.998948 0.0132806
0.999218 0.0193986 0.0344625 4.87237 -0.0210906 0.998555 0.0494324 -7.43996 -0.0334538 -0.0501206 0.998183 0.0224753
0.998794 0.0222396 0.0437751 4.94235 -0.0244813 0.99838 0.0513567 -7.53296 -0.042562 -0.0523664 0.997721 0.0346252
0.998292 0.019631 0.0550295 5.00406 -0.0222074 0.998667 0.0466036 -7.61935 -0.0540412 -0.047746 0.997397 0.0268452
0.998656 -0.00841591 0.0511395 5.06341 0.00584091 0.998717 0.0502949 -7.72279 -0.0514972 -0.0499286 0.997424 0.0243968
0.998949 0.000180981 0.045844 5.10299 -0.00258207 0.998627 0.0523213 -7.79628 -0.0457716 -0.0523847 0.997577 0.0136582
0.998717 0.0222394 0.0454923 5.15332 -0.0249813 0.997848 0.0606184 -7.86679 -0.0440463 -0.0616771 0.997124 0.00100663
0.998798 0.0236478 0.0429334 5.21678 -0.0265538 0.997303 0.0684272 -7.95532 -0.0411994 -0.069485 0.996732 0.0173559
0.998727 0.0288826 0.0413576 5.27208 -0.0317415 0.997026 0.0702275 -8.04481 -0.0392062 -0.0714508 0.996673 0.0357682
0.998873 0.0153191 0.0449227 5.33312 -0.0178256 0.998275 0.0559357 -8.13884 -0.0439883 -0.0566735 0.997423 0.0471135
0.999051 0.00522008 0.0432305 5.3907 -0.00715781 0.998971 0.0447904 -8.22229 -0.0429522 -0.0450573 0.998061 0.0167506
0.998812 0.00864844 0.0479491 5.45625 -0.010953 0.998787 0.0480096 -8.33067 -0.0474757 -0.0484777 0.997695 0.0104777
0.998617 -0.00854755 0.0518749 5.50536 0.00544491 0.998204 0.0596592 -8.41007 -0.0522917 -0.0592942 0.99687 0.00417373
0.997924 -0.044172 0.0468661 5.57254 0.0408101 0.996683 0.0704142 -8.51016 -0.0498209 -0.0683554 0.996416 0.00242179
0.998383 -0.0450457 0.0346831 5.63139 0.0427109 0.996948 0.0653459 -8.59705 -0.0375208 -0.0637588 0.99726 0.0133419
0.998479 -0.0395231 0.0384473 5.68039 0.0373916 0.997805 0.0546623 -8.67778 -0.0405233 -0.0531415 0.997764 0.0171918
0.998939 -0.0355085 0.0293362 5.74403 0.0338709 0.997936 0.0545512 -8.78435 -0.0312127 -0.0534997 0.99808 0.0126113
0.999508 -0.0237316 0.0205286 5.79427 0.0226219 0.998354 0.0526968 -8.872 -0.0217454 -0.0522064 0.9984 0.0111887
0.999927 -0.00189154 0.0119674 5.87237 0.00128519 0.998725 0.0504737 -8.95842 -0.0120476 -0.0504546 0.998654 -3.34411e-05
0.999867 0.0138295 0.00867824 5.93039 -0.0142647 0.998531 0.0522769 -9.04807 -0.00794253 -0.0523937 0.998595 0.014036
0.99971 0.0238111 0.00356682 5.99241 -0.0239599 0.99846 0.0500422 -9.12748 -0.00236977 -0.0501132 0.998741 0.0219596
0.999901 0.0140757 -6.68563e-05 6.01887 -0.0140574 0.998825 0.0463818 -9.20808 0.000719634 -0.0463763 0.998924 0.0382251
0.999772 0.018487 -0.0106485 6.08214 -0.0179693 0.998742 0.0468136 -9.29682 0.0115005 -0.0466116 0.998847 0.0211498
0.999878 0.012215 -0.00978396 6.12748 -0.0116328 0.998278 0.0574995 -9.38409 0.0104695 -0.0573787 0.998298 0.0173116
0.999959 -0.00903793 0.00014099 6.18626 0.00900281 0.997227 0.0738789 -9.45845 -0.000808311 -0.0738746 0.997267 0.00547376
0.998701 -0.0503964 0.00753179 6.22448 0.0496099 0.995387 0.0821193 -9.54112 -0.0116356 -0.0816389 0.996594 0.0356006
0.998098 -0.0609068 0.0094845 6.30239 0.0599093 0.994722 0.0832975 -9.62599 -0.0145078 -0.0825709 0.99648 0.0322015
0.998657 -0.0489863 0.0168634 6.34662 0.0474418 0.995482 0.0822434 -9.72039 -0.0208161 -0.0813329 0.99647 0.0289413
0.9982 -0.0581756 0.0146057 6.40921 0.0568701 0.995342 0.0778424 -9.80381 -0.0190662 -0.0768716 0.996859 0.035964
0.998412 -0.0547691 0.0132073 6.47578 0.0535615 0.995438 0.0789555 -9.89339 -0.0174714 -0.0781227 0.996791 0.0358592
0.999222 -0.0355918 0.0169835 6.55338 0.0339894 0.995647 0.0867858 -9.97584 -0.0199984 -0.0861411 0.996082 0.0123969
0.999088 -0.0398975 0.0151813 6.61453 0.0382238 0.994455 0.0979675 -10.0385 -0.0190058 -0.0972979 0.995074 0.0325948
0.998565 -0.0498663 0.0195401 6.68439 0.0476891 0.993907 0.0993745 -10.1231 -0.0243764 -0.0983 0.994858 0.0460919
0.997707 -0.0665365 0.012382 6.76306 0.0652723 0.994343 0.0837893 -10.183 -0.017887 -0.082789 0.996407 0.0526954
0.995019 -0.0996332 0.00320394 6.83676 0.0991263 0.992331 0.0738458 -10.2665 -0.0105369 -0.0731604 0.997265 0.0585762
0.992861 -0.119177 -0.00488457 6.9142 0.119204 0.989979 0.0757158 -10.3325 -0.00418796 -0.0757575 0.997117 0.0320812
0.990926 -0.1344 -0.00114498 7.00863 0.133979 0.987073 0.0879601 -10.4012 -0.0106917 -0.0873154 0.996123 0.036976
0.987335 -0.158483 0.00726467 7.09964 0.157253 0.983678 0.0874554 -10.4735 -0.0210063 -0.0852054 0.996142 0.0643979
0.983611 -0.180068 0.00923889 7.19416 0.178832 0.980832 0.0773784 -10.5397 -0.0229952 -0.0744581 0.996959 0.0581052
0.980102 -0.197725 0.0174942 7.26718 0.196319 0.978595 0.061736 -10.5926 -0.0293265 -0.0570731 0.997939 0.061193
0.980542 -0.196018 0.0107151 7.33364 0.19505 0.97897 0.0597696 -10.6595 -0.0222056 -0.0565167 0.998155 0.0596819
0.979606 -0.200888 -0.00404642 7.41092 0.200757 0.977736 0.0610679 -10.7106 -0.00831146 -0.0606348 0.998125 0.064498
0.981228 -0.191832 -0.0197827 7.49214 0.192735 0.978998 0.0664572 -10.7707 0.00661862 -0.0690225 0.997593 0.0601216
0.980327 -0.195667 -0.025942 7.5517 0.197017 0.977999 0.0685789 -10.8263 0.0119526 -0.0723408 0.997308 0.0831673
0.975617 -0.217201 -0.0315412 7.63603 0.218924 0.973267 0.0694596 -10.8819 0.0156112 -0.0746711 0.997086 0.0870708
0.973283 -0.226951 -0.0348403 7.6872 0.228782 0.971418 0.0632982 -10.9193 0.0194789 -0.0695779 0.997386 0.100718
0.964034 -0.262587 -0.0410724 7.7458 0.26476 0.962322 0.0619477 -10.9715 0.0232582 -0.070594 0.997234 0.102542
0.95125 -0.304804 -0.0471015 7.81144 0.307507 0.949057 0.0687712 -11.0239 0.0237403 -0.0799026 0.99652 0.103683
0.923233 -0.380161 -0.0558482 7.91871 0.384084 0.91722 0.10577 -11.1069 0.0110153 -0.119101 0.992821 0.0358878
0.89661 -0.438717 -0.0601527 7.9737 0.442821 0.888387 0.12115 -11.1562 0.000288511 -0.135261 0.99081 0.0420556
0.882777 -0.46564 -0.0623164 8.01447 0.469752 0.873191 0.129886 -11.2073 -0.0060663 -0.143934 0.989569 0.0682642
0.859135 -0.507761 -0.0637612 8.06197 0.511597 0.849153 0.131178 -11.2654 -0.012464 -0.14532 0.989306 0.0793398
0.829889 -0.553172 -0.0726938 8.14667 0.557884 0.821112 0.120581 -11.2792 -0.00701246 -0.140624 0.990038 0.0557331
0.815339 -0.573262 -0.081192 8.21237 0.578982 0.807017 0.116203 -11.3259 -0.00109125 -0.141753 0.989901 0.0652307
0.79047 -0.606034 -0.0887659 8.28252 0.612484 0.783175 0.107245 -11.357 0.00452513 -0.139142 0.990262 0.0335249
0.77962 -0.619625 -0.0908726 8.35051 0.626252 0.771087 0.115038 -11.4115 -0.00120946 -0.146595 0.989196 0.0549445
0.774391 -0.626676 -0.087156 8.41038 0.632632 0.764787 0.121972 -11.4306 -0.00978124 -0.149592 0.988699 0.0685569
0.750162 -0.656269 -0.081041 8.50547 0.661092 0.741617 0.113847 -11.4522 -0.0146131 -0.13898 0.990187 0.0819312
0.714569 -0.694598 -0.0832085 8.5615 0.699492 0.707707 0.0993109 -11.4753 -0.010094 -0.129168 0.991571 0.0797211
0.682001 -0.726381 -0.085121 8.62324 0.731349 0.677046 0.0820842 -11.5225 -0.00199359 -0.118235 0.992984 0.0824597
0.630898 -0.7712 -0.0849562 8.68697 0.775845 0.627879 0.0619073 -11.5397 0.0055992 -0.10497 0.99446 0.0660625
0.584885 -0.806017 -0.0908095 8.76941 0.811084 0.582181 0.0566418 -11.5801 0.0072133 -0.106783 0.994256 0.0535127
0.548417 -0.829723 -0.103912 8.81811 0.836203 0.543893 0.0703256 -11.6166 -0.00183357 -0.12546 0.992097 0.0902789
0.485054 -0.866888 -0.115007 8.89395 0.874349 0.478454 0.0812181 -11.6398 -0.0153817 -0.139951 0.990039 0.105295
0.435589 -0.892012 -0.120736 8.92191 0.899894 0.428363 0.0818242 -11.6121 -0.0212692 -0.144291 0.989307 0.0749474
0.390414 -0.913141 -0.117263 8.99309 0.919912 0.381865 0.0891156 -11.624 -0.0365966 -0.142663 0.989094 0.0889942
0.327939 -0.938412 -0.108812 9.05438 0.943695 0.320102 0.0835071 -11.6187 -0.043533 -0.130071 0.990549 0.0725233
0.273086 -0.956531 -0.102337 9.12988 0.961088 0.266675 0.0720745 -11.5978 -0.0416508 -0.118037 0.992135 0.0820941
0.239 -0.965664 -0.101845 9.20452 0.970412 0.233822 0.0602366 -11.582 -0.0343547 -0.113228 0.992975 0.0656725
0.230637 -0.966586 -0.111884 9.27477 0.972641 0.225722 0.0549463 -11.5678 -0.0278558 -0.121495 0.992201 0.080605
0.220841 -0.968192 -0.117616 9.34188 0.974909 0.215684 0.0550627 -11.5308 -0.0279433 -0.126825 0.991531 0.103232
0.193672 -0.97497 -0.109204 9.39398 0.980272 0.187834 0.0615215 -11.5025 -0.0394693 -0.118965 0.992114 0.087527
0.163503 -0.981687 -0.0977591 9.46574 0.985511 0.157997 0.0616905 -11.4695 -0.0451152 -0.106429 0.993296 0.123282
0.116961 -0.989609 -0.0836264 9.54095 0.992231 0.112844 0.0523885 -11.4284 -0.0424075 -0.0891041 0.995119 0.109036
0.0649128 -0.995164 -0.0737162 9.61631 0.99679 0.0611944 0.0516295 -11.4081 -0.0468688 -0.076831 0.995942 0.0941789
0.0411023 -0.996323 -0.0751675 9.66913 0.997425 0.0364898 0.0617402 -11.3795 -0.0587704 -0.0775116 0.995258 0.124684
0.00432482 -0.996217 -0.0867891 9.73741 0.997141 -0.00225143 0.0755321 -11.3379 -0.0754418 -0.0868676 0.993359 0.0853211
-0.0424903 -0.994276 -0.0980254 9.79258 0.994556 -0.0514371 0.0906269 -11.2709 -0.0951504 -0.093641 0.991049 0.0761585
-0.0661227 -0.99218 -0.105862 9.84199 0.992181 -0.0766336 0.0985117 -11.2285 -0.105854 -0.0985206 0.989489 0.101429
-0.103052 -0.989732 -0.0990466 9.92747 0.988897 -0.112662 0.0969002 -11.1908 -0.107064 -0.0879611 0.990354 0.0900297
-0.129422 -0.987273 -0.0924215 9.96159 0.984999 -0.13873 0.102616 -11.1611 -0.114132 -0.0777544 0.990418 0.103344
-0.135785 -0.986485 -0.0917007 10.0053 0.984948 -0.144404 0.0949955 -11.1326 -0.106954 -0.0774216 0.991245 0.116496
-0.145097 -0.984366 -0.0998555 10.0872 0.986121 -0.152106 0.0665509 -11.0933 -0.0806991 -0.0888133 0.992774 0.103038
-0.144933 -0.983909 -0.104489 10.1169 0.987401 -0.150604 0.048561 -11.0161 -0.0635162 -0.0961348 0.99334 0.122888
-0.115223 -0.987286 -0.109502 10.1736 0.991914 -0.12026 0.0405524 -10.9945 -0.0532055 -0.103944 0.993159 0.17184
-0.135693 -0.984927 -0.107264 10.2102 0.989927 -0.139197 0.0258554 -10.9322 -0.0403965 -0.102675 0.993894 0.206755
-0.107856 -0.990031 -0.0905902 10.2477 0.993106 -0.1115 0.0361675 -10.8917 -0.0459077 -0.0860648 0.995231 0.250548
-0.106686 -0.991724 -0.0714217 10.2978 0.993727 -0.108774 0.0259966 -10.8438 -0.0335503 -0.0682001 0.997107 0.279041
-0.123873 -0.990594 -0.0581205 10.3396 0.992049 -0.124942 0.015119 -10.8088 -0.0222385 -0.0557856 0.998195 0.291284
-0.105477 -0.992861 -0.0556836 10.3835 0.994166 -0.106556 0.0167541 -10.7862 -0.0225679 -0.0535915 0.998308 0.306455
-0.109435 -0.991732 -0.0670158 10.3858 0.993209 -0.111779 0.0322753 -10.7269 -0.0394994 -0.0630286 0.99723 0.30739
-0.110182 -0.990028 -0.0877743 10.4428 0.991343 -0.115812 0.0618572 -10.6721 -0.0714056 -0.0801989 0.994218 0.369241
-0.101928 -0.990515 -0.0921414 10.4683 0.989911 -0.110155 0.0891138 -10.6492 -0.0984185 -0.0821286 0.99175 0.383643
-0.111827 -0.989823 -0.0880095 10.4968 0.987813 -0.120374 0.0986716 -10.6071 -0.108261 -0.0759027 0.991221 0.436304
-0.133603 -0.987377 -0.0850669 10.5373 0.985795 -0.141222 0.0909102 -10.582 -0.101776 -0.0717126 0.992219 0.442428
-0.135578 -0.987264 -0.0832351 10.5636 0.986965 -0.141933 0.0758639 -10.5394 -0.0867115 -0.0718646 0.993638 0.489814
-0.131133 -0.987515 -0.0872827 10.5905 0.988483 -0.136953 0.0643902 -10.5199 -0.07554 -0.0778337 0.9941 0.495128
-0.115809 -0.990146 -0.0787325 10.6255 0.99163 -0.119809 0.0481154 -10.4549 -0.0570742 -0.0725013 0.995734 0.521978
-0.108148 -0.991808 -0.0679794 10.6453 0.992547 -0.111585 0.0489745 -10.4269 -0.0561588 -0.0621763 0.996484 0.541267
-0.100563 -0.992265 -0.072781 10.7114 0.992712 -0.104953 0.0592314 -10.4118 -0.0664118 -0.0662941 0.995588 0.597401
-0.1291 -0.988717 -0.0759725 10.7104 0.989633 -0.133323 0.053406 -10.3628 -0.0629323 -0.0682902 0.995679 0.608033
-0.128472 -0.988381 -0.0812214 10.756 0.990289 -0.132244 0.0428826 -10.3561 -0.0531254 -0.0749234 0.995773 0.624361
-0.123043 -0.98807 -0.0926205 10.7841 0.991164 -0.127012 0.038228 -10.3256 -0.0495358 -0.0870985 0.994967 0.622725
-0.135015 -0.985024 -0.107231 10.812 0.988538 -0.141288 0.0531977 -10.269 -0.0675514 -0.0988193 0.99281 0.665521
-0.144793 -0.982481 -0.117332 10.8482 0.984586 -0.154821 0.0813656 -10.2374 -0.0981055 -0.103742 0.989754 0.695914
-0.170495 -0.979356 -0.108594 10.8768 0.979191 -0.180707 0.09236 -10.1954 -0.110077 -0.0905868 0.989786 0.767928
-0.182273 -0.978762 -0.0938138 10.9233 0.977422 -0.190738 0.090918 -10.1671 -0.106881 -0.0751237 0.99143 0.797763
-0.190368 -0.978684 -0.0770567 10.9443 0.977571 -0.196182 0.0765928 -10.1269 -0.0900773 -0.0607475 0.99408 0.82449
-0.201645 -0.977132 -0.0674672 10.9843 0.975834 -0.206342 0.0719082 -10.1066 -0.0841851 -0.0513368 0.995127 0.83876
-0.196331 -0.97861 -0.0614516 11.0106 0.978018 -0.199932 0.0592292 -10.0644 -0.0702485 -0.0484722 0.996351 0.825778
-0.184994 -0.980686 -0.0634925 11.0261 0.980848 -0.188259 0.0499569 -10.0113 -0.0609451 -0.0530348 0.996731 0.879443
-0.160821 -0.984745 -0.0664404 11.0444 0.985647 -0.163742 0.0411042 -9.96519 -0.0513562 -0.0588763 0.996943 0.920692
-0.140169 -0.988365 -0.0590553 11.0798 0.988908 -0.142707 0.04119 -9.9365 -0.0491383 -0.0526267 0.997405 0.969704
-0.138078 -0.989124 -0.0506763 11.0986 0.989667 -0.139789 0.031924 -9.89939 -0.0386608 -0.0457446 0.998205 0.981414
-0.13124 -0.99001 -0.0515381 11.1263 0.991141 -0.132104 0.01372 -9.88147 -0.0203913 -0.0492809 0.998577 1.00335
-0.117339 -0.991537 -0.055555 11.158 0.993058 -0.117616 0.00172388 -9.83063 -0.00824342 -0.054967 0.998454 1.03332
-0.126782 -0.989958 -0.0625264 11.195 0.99155 -0.128227 0.0196432 -9.81067 -0.0274635 -0.0595077 0.99785 1.05737
-0.0981959 -0.992755 -0.0692501 11.2163 0.994058 -0.101133 0.0402576 -9.76792 -0.0469694 -0.0648855 0.996787 1.09373
-0.104445 -0.992815 -0.0583966 11.2591 0.993739 -0.106524 0.0336996 -9.74388 -0.0396781 -0.0545112 0.997724 1.10952
-0.14465 -0.988721 -0.038827 11.2826 0.988857 -0.145842 0.0298479 -9.71883 -0.0351739 -0.0340769 0.9988 1.16686
-0.0983404 -0.994831 -0.0253105 11.3296 0.994902 -0.0988553 0.0199655 -9.69583 -0.0223644 -0.023218 0.99948 1.22135
-0.0989559 -0.994999 -0.0135669 11.3557 0.99507 -0.0990342 0.00522724 -9.65686 -0.00654469 -0.0129828 0.999894 1.19157
-0.102349 -0.994661 -0.0132114 11.3727 0.994675 -0.102171 -0.0135065 -9.61899 0.0120846 -0.0145234 0.999821 1.24642
-0.0769203 -0.996996 -0.00911709 11.4033 0.996903 -0.0767565 -0.0171281 -9.57798 0.0163769 -0.0104064 0.999812 1.24391
-0.0578054 -0.998295 -0.00805511 11.4255 0.99819 -0.0576613 -0.0170996 -9.53933 0.016606 -0.00902897 0.999821 1.30457
-0.0482059 -0.998827 -0.00465532 11.4546 0.998835 -0.0481949 -0.00244751 -9.51161 0.00222027 -0.00476788 0.999986 1.35012
-0.0528046 -0.998581 0.00689786 11.4771 0.998593 -0.0528368 -0.00457425 -9.47454 0.00493222 0.00664662 0.999966 1.39547
-0.0635173 -0.997918 0.011211 11.5306 0.997915 -0.0636381 -0.0107687 -9.45272 0.0114597 0.0105036 0.999879 1.40793
-0.0467861 -0.998854 0.0101132 11.5755 0.998898 -0.04682 -0.0031411 -9.42236 0.003611 0.0099551 0.999944 1.41486
-0.0719551 -0.997407 -0.000949295 11.6059 0.997325 -0.0719613 0.0127863 -9.38388 -0.0128215 -2.67167e-05 0.999918 1.37949
-0.0859521 -0.996252 -0.00973025 11.6432 0.995772 -0.0862203 0.0316932 -9.35431 -0.0324134 -0.00696501 0.99945 1.43399
-0.0880592 -0.996064 -0.0100811 11.6843 0.995043 -0.0884293 0.045488 -9.32992 -0.0462004 -0.00602548 0.998914 1.49896
-0.0928458 -0.995679 0.00145221 11.716 0.994425 -0.0926554 0.0503453 -9.27816 -0.0499932 0.00611847 0.998731 1.5227
-0.0971069 -0.995253 0.00649605 11.7511 0.994042 -0.09666 0.0503759 -9.24794 -0.0495089 0.0113492 0.998709 1.52012
-0.084126 -0.996441 0.00531684 11.8024 0.995309 -0.0837722 0.0483992 -9.23569 -0.0477815 0.00936352 0.998814 1.54866
-0.0742232 -0.99723 0.00478333 11.8291 0.996451 -0.0739726 0.0401596 -9.20145 -0.0396945 0.00774713 0.999182 1.54499
-0.0552365 -0.998468 0.0032415 11.8859 0.997872 -0.0550904 0.0348664 -9.18789 -0.0346344 0.0051605 0.999387 1.57254
-0.033038 -0.999335 0.0154461 11.9291 0.998992 -0.032549 0.0309008 -9.17085 -0.0303775 0.0164515 0.999403 1.66042
-0.0213521 -0.999203 0.0337176 11.9678 0.998951 -0.0199555 0.041225 -9.12956 -0.0405193 0.0345625 0.998581 1.65998
0.0123741 -0.999107 0.0404105 12.0138 0.998896 0.0141831 0.044789 -9.10125 -0.0453221 0.0398116 0.998179 1.67966
0.0269559 -0.998618 0.0451067 12.0727 0.998911 0.0286281 0.0368462 -9.10674 -0.0380866 0.0440644 0.998302 1.71873
0.0478336 -0.997971 0.0420135 12.0994 0.99829 0.0491796 0.0316114 -9.08263 -0.0336135 0.0404295 0.998617 1.73805
0.117857 -0.992658 0.0271928 12.1621 0.992406 0.11871 0.0322311 -9.07474 -0.0352225 0.0231876 0.99911 1.77515
0.134188 -0.990918 0.00871629 12.2258 0.990019 0.134438 0.0422974 -9.06378 -0.043085 0.00295351 0.999067 1.79836
0.157313 -0.987549 -9.57341e-05 12.2676 0.985855 0.157038 0.0585528 -9.03445 -0.0578087 -0.00930552 0.998284 1.80677
0.212118 -0.977202 -0.00904841 12.3354 0.974743 0.210904 0.0734511 -9.02117 -0.0698682 -0.0244002 0.997258 1.84521
0.240199 -0.970712 -0.00480601 12.3815 0.967905 0.239122 0.0773292 -9.0162 -0.0739152 -0.0232262 0.996994 1.89506
0.273219 -0.961894 -0.0105779 12.4381 0.959691 0.271807 0.0715103 -8.98343 -0.0659101 -0.0296895 0.997384 1.91198
0.33565 -0.941558 -0.028419 12.4829 0.940803 0.333564 0.0602041 -8.98351 -0.0472061 -0.0469443 0.997781 1.93286
0.389811 -0.919569 -0.0493907 12.5249 0.920508 0.387534 0.0498213 -8.95939 -0.0266735 -0.0648855 0.997536 1.94517
0.483305 -0.87317 -0.0631741 12.5925 0.875452 0.482108 0.0339985 -8.93905 0.000770316 -0.0717375 0.997423 1.92014
0.555572 -0.829489 -0.0573349 12.6615 0.831413 0.555007 0.0268228 -8.92053 0.00957202 -0.0625711 0.997995 1.98167
0.677228 -0.734208 -0.0479689 12.7966 0.735187 0.677851 0.00428465 -8.89459 0.0293699 -0.0381678 0.99884 1.99595
0.745152 -0.665454 -0.0438249 12.8571 0.665644 0.746169 -0.0122102 -8.8889 0.0408261 -0.0200734 0.998965 2.0214
0.805097 -0.591726 -0.0409801 12.9208 0.591267 0.806123 -0.0238549 -8.88472 0.0471506 -0.00502466 0.998875 1.98531
0.840171 -0.540601 -0.0431781 12.9884 0.539636 0.84127 -0.032536 -8.90762 0.0539134 0.00403534 0.998537 1.98828
0.880037 -0.471128 -0.0597665 13.0708 0.469398 0.882027 -0.0411624 -8.92455 0.0721085 0.00817017 0.997363 1.97705
0.907978 -0.411341 -0.079838 13.1336 0.408879 0.911437 -0.0458247 -8.95664 0.0916169 0.00896376 0.995754 1.97857
0.94402 -0.320607 -0.0776957 13.1889 0.317562 0.946963 -0.0491382 -8.97144 0.0893291 0.0217142 0.995765 1.98361
0.973091 -0.218823 -0.0721818 13.2621 0.215617 0.975215 -0.0496542 -9.00127 0.0812582 0.0327544 0.996155 2.02747
0.990346 -0.123499 -0.0629561 13.3455 0.120629 0.991559 -0.0475259 -9.05121 0.0682941 0.0394727 0.996884 2.01089
0.997405 -0.0361588 -0.0622594 13.3903 0.032777 0.997975 -0.0545069 -9.06225 0.0641043 0.0523247 0.996571 1.96442
0.995699 0.0550522 -0.0745138 13.4539 -0.0590568 0.996865 -0.0526507 -9.12076 0.0713816 0.0568248 0.995829 1.90459
0.985424 0.138833 -0.0983103 13.509 -0.144361 0.988183 -0.0515116 -9.18738 0.0899971 0.0649529 0.993822 1.90491
0.965553 0.236975 -0.107469 13.5599 -0.244721 0.967373 -0.065582 -9.22012 0.0884212 0.0896228 0.992043 1.92595
0.939851 0.323124 -0.110774 13.6088 -0.330977 0.941638 -0.0614164 -9.28675 0.0844637 0.0943859 0.991946 1.91801
0.917446 0.381918 -0.111499 13.6444 -0.390386 0.918204 -0.0670794 -9.34644 0.0767604 0.10507 0.991498 1.93317
0.88138 0.458154 -0.11517 13.6821 -0.467048 0.881708 -0.0667579 -9.40868 0.0709605 0.112629 0.9911 1.9
0.838083 0.533948 -0.111877 13.6973 -0.54222 0.837875 -0.0629593 -9.47961 0.0601216 0.113427 0.991726 1.91921
0.806806 0.581468 -0.104687 13.6815 -0.588778 0.806008 -0.0607674 -9.53219 0.0490439 0.110665 0.992647 1.88907
0.763728 0.638676 -0.0938773 13.7065 -0.644368 0.762993 -0.0513035 -9.61056 0.0388614 0.0996734 0.994261 1.93106
0.712088 0.697351 -0.0814398 13.7061 -0.701765 0.710484 -0.0523343 -9.67312 0.0213663 0.0944182 0.995303 1.89023
0.665853 0.742447 -0.0735684 13.7167 -0.745994 0.664051 -0.0502936 -9.74655 0.0115128 0.0883698 0.996021 1.86571
0.613074 0.786208 -0.0775731 13.7307 -0.78989 0.611821 -0.0418033 -9.80367 0.0145948 0.0869027 0.99611 1.90684
0.546393 0.833185 -0.0851914 13.7457 -0.837099 0.54654 -0.0236665 -9.86987 0.0268418 0.0842448 0.996083 1.93144
0.475598 0.875696 -0.0834416 13.7497 -0.87904 0.476688 -0.00761303 -9.92777 0.0331089 0.0769692 0.996484 1.93779
0.409948 0.908384 -0.0823479 13.7377 -0.911387 0.411541 0.00261563 -9.9812 0.0362655 0.0739786 0.9966 1.91767
0.364935 0.927205 -0.0843448 13.7272 -0.930128 0.367075 0.0108825 -10.0066 0.0410512 0.07448 0.996377 1.94967
0.293401 0.951979 -0.0874781 13.7221 -0.954799 0.296372 0.0228771 -10.0557 0.0477046 0.0768118 0.995904 1.93246
0.252641 0.962784 -0.0960213 13.7441 -0.965885 0.256795 0.0334893 -10.1169 0.0569008 0.0842848 0.994816 1.97284
0.226583 0.968829 -0.10015 13.7129 -0.971734 0.231857 0.0444466 -10.1744 0.0662815 0.0872481 0.993979 1.92861
0.137156 0.986227 -0.0924371 13.6679 -0.988911 0.141696 0.0444556 -10.2653 0.0569413 0.0853147 0.994726 1.98358
0.129972 0.987922 -0.0843588 13.6385 -0.990285 0.133581 0.0386236 -10.3017 0.0494258 0.0785193 0.995687 1.9928
0.109779 0.990839 -0.0786574 13.6327 -0.992595 0.113424 0.0434656 -10.3895 0.0519891 0.0733033 0.995954 2.00741
0.0978945 0.993122 -0.0642225 13.5306 -0.994067 0.100654 0.0412317 -10.4033 0.0474123 0.0598051 0.997083 1.98328
0.0738971 0.995345 -0.0618695 13.528 -0.996118 0.076645 0.0432843 -10.4666 0.0478248 0.0584308 0.997145 2.01673
0.0491671 0.996905 -0.0613422 13.488 -0.997651 0.0519511 0.0446474 -10.516 0.047696 0.0590029 0.997118 2.02861
0.0313056 0.997556 -0.0624589 13.4528 -0.998052 0.034573 0.0519361 -10.5569 0.0539685 0.0607113 0.996695 2.02923
0.00996919 0.998197 -0.0591843 13.407 -0.997986 0.0136407 0.0619582 -10.5909 0.0626539 0.0584474 0.996322 2.03693
-0.0209701 0.998038 -0.0590027 13.3472 -0.997335 -0.0167577 0.071003 -10.6046 0.0698749 0.0603344 0.99573 2.03687
-0.0342811 0.997242 -0.0658198 13.323 -0.996625 -0.0291957 0.0767274 -10.6531 0.0745942 0.0682279 0.994877 2.0551
-0.0544202 0.996446 -0.0642929 13.2631 -0.996167 -0.0497638 0.071931 -10.6532 0.0684759 0.067961 0.995335 2.09953
-0.098082 0.992452 -0.0736187 13.2136 -0.993261 -0.0930347 0.069121 -10.7059 0.0617501 0.079902 0.994888 2.13626
-0.0802853 0.993987 -0.0744547 13.173 -0.994637 -0.0750034 0.0712152 -10.7252 0.0652027 0.0797729 0.994678 2.13156
-0.104769 0.991874 -0.0721787 13.1367 -0.992424 -0.0995913 0.0719523 -10.752 0.0641792 0.0791702 0.994793 2.11822
-0.129549 0.989482 -0.0643673 13.0992 -0.990125 -0.125581 0.0622994 -10.7895 0.0535608 0.0718026 0.99598 2.15088
-0.100193 0.993686 -0.0504908 13.06 -0.994007 -0.0977372 0.0489668 -10.8131 0.0437228 0.0550943 0.997523 2.17674
-0.110133 0.992769 -0.0477618 13.0429 -0.993488 -0.108547 0.0346244 -10.84 0.0291897 0.0512641 0.998258 2.18781
-0.10258 0.993507 -0.049209 12.9748 -0.994172 -0.100749 0.0383539 -10.8752 0.0331471 0.0528565 0.998052 2.23629
-0.100567 0.993243 -0.0579228 12.9425 -0.994196 -0.0980855 0.0442095 -10.8965 0.0382293 0.0620326 0.997342 2.28742
-0.104846 0.992463 -0.0634398 12.9023 -0.993385 -0.101512 0.0536815 -10.9328 0.046837 0.0686484 0.996541 2.28002
-0.1101 0.992097 -0.0601715 12.8627 -0.992065 -0.105995 0.0676158 -10.9486 0.0607036 0.0671385 0.995895 2.29779
-0.121086 0.99088 -0.0591179 12.8225 -0.990074 -0.116277 0.0789536 -10.9556 0.0713595 0.0680912 0.995124 2.30598
-0.128868 0.989385 -0.0671562 12.7886 -0.988455 -0.122714 0.0888739 -10.9968 0.0796895 0.0778338 0.993776 2.32381
-0.158098 0.98553 -0.0611142 12.7547 -0.984398 -0.15247 0.0878268 -11.0548 0.0772379 0.074046 0.994259 2.41181
-0.187086 0.980942 -0.0524604 12.7158 -0.980728 -0.18345 0.0672256 -11.0745 0.0563205 0.0640264 0.996358 2.43401
-0.194116 0.979765 -0.048776 12.6783 -0.979841 -0.191258 0.0577193 -11.1026 0.0472226 0.058997 0.997141 2.46482
-0.199469 0.978945 -0.0433391 12.6261 -0.978626 -0.196756 0.0598207 -11.1344 0.0500339 0.0543452 0.997268 2.46761
-0.195773 0.979822 -0.0402733 12.6056 -0.979959 -0.193929 0.0455223 -11.1592 0.0367936 0.0483781 0.998151 2.47761
-0.211533 0.976681 -0.0367056 12.5478 -0.977361 -0.21121 0.0125195 -11.1857 0.00447494 0.0385229 0.999248 2.48485
-0.184551 0.98206 -0.0387083 12.5331 -0.982772 -0.184799 -0.00290732 -11.2499 -0.0100084 0.0375049 0.999246 2.55495
-0.162976 0.985793 -0.0406305 12.4929 -0.986551 -0.163345 -0.00592359 -11.2565 -0.0124762 0.0391187 0.999157 2.54051
-0.174717 0.983324 -0.0504874 12.4528 -0.984376 -0.175583 -0.0132263 -11.2844 -0.0218705 0.0473877 0.998637 2.56631
-0.183023 0.981597 -0.0545011 12.4163 -0.982831 -0.184007 -0.0135928 -11.3182 -0.0233713 0.0510776 0.998421 2.58655
-0.184833 0.980979 -0.0592996 12.3853 -0.982456 -0.185963 -0.0140893 -11.3438 -0.0248488 0.055655 0.998141 2.59891
-0.192041 0.97966 -0.0581997 12.3321 -0.981194 -0.192842 -0.00841606 -11.3728 -0.0194682 0.055489 0.998269 2.59952
-0.206692 0.976627 -0.0589683 12.2692 -0.978222 -0.207446 -0.00690231 -11.4157 -0.0189737 0.0562574 0.998236 2.63436
-0.205233 0.975934 -0.0736988 12.2451 -0.978445 -0.206358 -0.00790167 -11.4677 -0.0229198 0.0704885 0.997249 2.68046
-0.212085 0.973689 -0.0833684 12.2 -0.976763 -0.213902 -0.013401 -11.5197 -0.0308811 0.0785891 0.996429 2.73691
-0.214793 0.972494 -0.090113 12.1393 -0.97616 -0.216718 -0.0120344 -11.5508 -0.0312325 0.0853798 0.995859 2.75968
-0.215713 0.972013 -0.0930511 12.1042 -0.975966 -0.217644 -0.0109981 -11.5863 -0.0309423 0.0884423 0.995601 2.7783
-0.221876 0.971336 -0.0853127 12.0685 -0.974567 -0.223733 -0.012746 -11.6235 -0.0314679 0.0803149 0.996273 2.7715
-0.198636 0.977203 -0.0749559 12.0099 -0.979403 -0.200746 -0.0216814 -11.671 -0.0362342 0.0691054 0.996951 2.78662
-0.192874 0.97774 -0.0826082 11.9733 -0.979859 -0.196361 -0.036325 -11.6859 -0.0517374 0.0739382 0.99592 2.82392
-0.18042 0.978699 -0.0979631 11.9416 -0.98195 -0.184971 -0.0394839 -11.7381 -0.0567633 0.0890712 0.994406 2.85771
-0.162277 0.980875 -0.107476 11.8912 -0.985257 -0.167048 -0.0369268 -11.7675 -0.0541742 0.099899 0.993522 2.88885
-0.150712 0.981676 -0.116607 11.8542 -0.987474 -0.155065 -0.0291509 -11.7934 -0.0466984 0.110753 0.99275 2.90759
-0.150989 0.982267 -0.111144 11.8154 -0.987444 -0.155147 -0.0297144 -11.8207 -0.0464312 0.105262 0.99336 2.92271
-0.173108 0.980086 -0.0972887 11.7961 -0.983729 -0.176878 -0.0314961 -11.8471 -0.0480771 0.0902535 0.994758 2.93373
-0.168683 0.98237 -0.0805943 11.7558 -0.984473 -0.171944 -0.035344 -11.8748 -0.0485786 0.073381 0.99612 2.9689
-0.206173 0.976453 -0.0634983 11.7045 -0.975608 -0.210126 -0.0635333 -11.9342 -0.07538 0.0488506 0.995958 3.00753
-0.18849 0.980525 -0.0551597 11.6639 -0.978937 -0.192078 -0.0691925 -11.9599 -0.0784399 0.0409558 0.996077 3.05273
-0.145442 0.988363 -0.0445664 11.6376 -0.986884 -0.148119 -0.064193 -11.9902 -0.0700471 0.0346455 0.996942 3.07827
-0.148812 0.988296 -0.0335618 11.6118 -0.986779 -0.150616 -0.0598564 -12.0128 -0.0642108 0.0242107 0.997643 3.09287
-0.094983 0.99526 -0.0208921 11.569 -0.993383 -0.0961232 -0.062849 -12.0456 -0.0645593 0.0147843 0.997804 3.11418
-0.019883 0.999718 -0.0129816 11.5268 -0.99726 -0.020756 -0.0709987 -12.0712 -0.0712481 0.0115344 0.997392 3.17424
0.00929578 0.999708 -0.022313 11.4811 -0.997476 0.00769972 -0.07058 -12.0982 -0.0703875 0.0229128 0.997257 3.19975
0.0557265 0.998088 -0.0267344 11.4445 -0.996178 0.0537761 -0.0688327 -12.1237 -0.0672634 0.030468 0.99727 3.23089
0.0821658 0.996272 -0.026271 11.4182 -0.99476 0.0803751 -0.0631787 -12.1688 -0.0608316 0.0313245 0.997656 3.2513
0.109073 0.993774 -0.0227195 11.3896 -0.992549 0.107633 -0.0571046 -12.2118 -0.0543037 0.0287788 0.99811 3.25576
0.105909 0.993987 -0.0278102 11.3624 -0.9931 0.104315 -0.0535816 -12.2591 -0.0503584 0.033293 0.998176 3.25177
0.103952 0.993741 -0.0408979 11.3161 -0.993163 0.101519 -0.0576375 -12.3018 -0.0531248 0.0466098 0.9975 3.31477
0.109757 0.992768 -0.0486392 11.2829 -0.991227 0.105699 -0.0793484 -12.3518 -0.0736334 0.0569216 0.99566 3.33218
0.0655207 0.996506 -0.0517998 11.235 -0.993687 0.060422 -0.0945228 -12.3762 -0.0910626 0.057666 0.994174 3.37796
0.0702496 0.996188 -0.0517073 11.2008 -0.993602 0.0652838 -0.0921575 -12.4275 -0.0884305 0.0578505 0.994401 3.38068
0.0962795 0.994313 -0.0455271 11.1582 -0.991678 0.0918958 -0.0901675 -12.4631 -0.0854709 0.0538295 0.994885 3.41206
0.0838119 0.995604 -0.0418155 11.1374 -0.992786 0.079817 -0.0894687 -12.5043 -0.0857378 0.0490124 0.995111 3.39818
0.0997642 0.994593 -0.0288431 11.0809 -0.990593 0.0965509 -0.0969704 -12.5431 -0.0936613 0.038246 0.994869 3.4432
0.111765 0.993327 -0.0284643 11.038 -0.98854 0.10821 -0.105259 -12.5734 -0.101476 0.0399024 0.994037 3.46616
0.131916 0.990607 -0.0359853 10.9887 -0.986341 0.127563 -0.104206 -12.6076 -0.0986364 0.0492401 0.993905 3.49198
0.133559 0.989749 -0.050594 10.959 -0.986534 0.127915 -0.101926 -12.6426 -0.0944093 0.0635258 0.993505 3.53094
0.131682 0.989943 -0.0517048 10.9128 -0.987893 0.126736 -0.0894687 -12.6819 -0.082016 0.0628603 0.994647 3.54587
0.144121 0.988476 -0.0462995 10.8811 -0.987248 0.14043 -0.0749729 -12.7113 -0.067607 0.0565143 0.99611 3.54446
0.148017 0.988321 -0.036233 10.8644 -0.987595 0.145768 -0.0583695 -12.7498 -0.0524061 0.0444232 0.997637 3.52366
0.147467 0.988944 -0.0155986 10.828 -0.988484 0.146821 -0.0366401 -12.8253 -0.0339448 0.0208222 0.999207 3.5206
0.166558 0.986008 0.00677254 10.7922 -0.985592 0.166685 -0.0287239 -12.884 -0.0294509 -0.00189077 0.999564 3.53958
0.213238 0.976922 0.0123829 10.7682 -0.976675 0.213477 -0.0231073 -12.9612 -0.0252174 -0.0071667 0.999656 3.53892
